781.0000 930.0000 5.0000
390.0000 776.0000 3.0000
241.0000 487.0000 56.9127
404.0000 436.0000 7.8413
96.0000 447.0000 107.4051
132.0000 306.0000 55.5589
942.0000 509.0000 5.0000
957.0000 511.0000 5.0000
575.0000 818.0000 5.0000
59.0000 795.0000 34.2169
235.0000 644.0000 41.4683
353.0000 378.0000 13.3117
822.0000 812.0000 5.0000
15.0000 533.0000 128.2585
43.0000 351.0000 93.0145
169.0000 939.0000 2.6846
649.0000 876.0000 5.0000
732.0000 550.0000 5.0000
648.0000 623.0000 5.0000
451.0000 587.0000 4.4027
547.0000 207.0000 4.9958
296.0000 301.0000 14.8403
745.0000 471.0000 5.0000
189.0000 230.0000 22.1684
687.0000 845.0000 5.0000
183.0000 194.0000 15.2736
368.0000 226.0000 3.2143
626.0000 170.0000 5.0000
781.0000 227.0000 5.0000
81.0000 436.0000 110.2970
462.0000 334.0000 3.6076
585.0000 405.0000 4.9318
486.0000 621.0000 4.0055
437.0000 311.0000 3.3523
581.0000 672.0000 4.9134
596.0000 592.0000 4.9814
488.0000 495.0000 3.7259
422.0000 531.0000 7.0020
451.0000 395.0000 4.2374
482.0000 483.0000 3.9125
519.0000 686.0000 4.3420
452.0000 519.0000 5.0532
521.0000 508.0000 3.2793
542.0000 392.0000 4.1060
444.0000 496.0000 5.5007
423.0000 550.0000 6.3791
459.0000 572.0000 4.3042
464.0000 458.0000 4.3251
485.0000 447.0000 3.8695
502.0000 696.0000 4.2225
