2.402999999999999581e-01 7.078469129762196417e+02 4.343468903149985181e+02 4.868267717398518357e+02 1.924222357591408183e+02 6.596605737802763088e+02 3.415654200212782143e+02
2.478399999999999492e-01 5.693957122506274118e+02 8.668417628629302953e+02 3.540379608437168599e+02 4.133616507498938404e+02 3.192869825974493665e+02 4.980608339610801067e+02
2.229799999999999560e-01 8.070772731517273542e+02 3.823856747093112176e+02 4.475723940397448359e+02 3.582498604877700927e+02 7.145815855256216764e+02 4.951832443584057728e+02
2.387000000000000233e-01 6.193289090572728810e+02 3.868830337999734184e+02 4.000158929106775076e+02 3.872892303818979940e+02 7.690594910323264912e+02 4.831621720974051186e+02
2.441799999999999526e-01 6.097798263191317574e+02 3.156323769234679730e+02 4.765921194293902090e+02 2.261625702952001689e+02 5.327972513503900700e+02 4.480726353826657942e+02
2.866800000000000459e-01 4.918045626464377165e+02 8.335296785799075678e+02 4.660844087087320418e+02 4.544405587249929113e+02 8.369462231603830560e+01 4.273565396581153664e+02
2.678399999999999670e-01 6.343430127172973698e+02 3.060332265951326463e+02 4.822951912123327247e+02 2.935093566693478806e+02 4.402668597465649896e+02 4.547281452170650482e+02
2.459599999999999564e-01 5.992750035992421545e+02 4.044105764116842465e+02 4.829810838451131190e+02 1.172583072090114200e+02 5.117327358197379112e+02 4.543992886569441225e+02
2.138999999999999790e-01 8.140891200115243009e+02 3.404102362137398359e+02 4.910329230744545725e+02 3.344602178660874188e+02 6.794786273942817161e+02 4.720139743743249028e+02
2.133399999999999741e-01 6.374377390196768829e+02 4.287559720887171011e+02 4.737866862546011362e+02 1.371706191978709057e+02 5.721278196226370483e+02 4.948894984434888897e+02
2.747000000000000552e-01 4.354769513249153761e+02 7.912046295597444896e+02 4.511875955044993134e+02 2.895391397462578880e+02 1.472203612060920648e+02 4.872950922964723759e+02
2.667000000000000481e-01 5.633623948186042298e+02 8.664550083687021242e+02 3.372698318590463487e+02 5.032308636244220565e+02 3.704736561683299669e+02 4.953881803779144093e+02
2.324199999999999600e-01 6.508775243606818321e+02 5.238066512644222712e+02 4.814594426001840475e+02 6.199060019504287311e+01 4.255066071054542931e+02 4.829530305457180930e+02
2.433199999999999807e-01 5.632474997415210964e+02 7.517475116456412252e+02 4.825433520744380189e+02 1.916698787785560398e+02 2.275428142840437431e+02 4.954474266390041635e+02
2.462400000000000144e-01 8.312738970833287340e+02 1.415631204366104896e+02 4.915632824378101873e+02 3.604544611673896952e+02 5.536054789034346868e+02 4.916220861085823230e+02
2.216000000000000192e-01 7.630128851005206343e+02 2.655392415196017737e+02 4.222003305865111997e+02 2.924397045910901056e+02 6.576706481266627407e+02 4.842932323979484863e+02
2.621999999999999886e-01 8.187492983960491983e+02 2.837432308335153266e+02 4.404735446889416153e+02 4.792545972502020390e+02 7.379866027819018655e+02 4.881536296092075986e+02
2.566800000000000193e-01 6.773514063243410419e+02 3.875362226562393175e+02 4.175334547619248724e+02 4.020430892113098480e+02 6.566421349963254670e+02 4.022265941144391945e+02
2.209999999999999742e-01 6.107674625285403636e+02 8.171783546748729350e+02 4.097923607589510198e+02 4.473982665026416612e+02 3.369514458042207252e+02 4.881146349619450007e+02
2.177999999999999936e-01 5.974260955282043142e+02 6.211023948970434958e+02 4.866361487733702234e+02 3.738089081055255747e+02 3.715728538976620712e+02 4.374902523843727522e+02
2.909800000000000164e-01 6.661849553289470123e+02 1.850254566651203731e+02 4.678426112731016246e+02 3.796573102692142356e+02 7.072154076142410304e+02 3.217307255087372369e+02
2.670799999999999841e-01 6.149125055749630064e+02 2.655392415196017737e+02 4.630120150474006095e+02 2.622688382615260707e+02 4.964768376069011993e+02 4.489795749807331617e+02
2.330799999999999539e-01 6.429371871816243811e+02 3.701588177839875584e+02 4.133765873454912594e+02 4.385233507473759005e+02 6.529028754603077687e+02 4.863087282603304402e+02
2.515600000000000058e-01 4.530625830325292327e+02 1.657176026306752874e+02 4.637512588764807333e+02 3.367777795784328987e+02 7.052578165068347289e+02 4.433241639357307236e+02
2.863400000000000389e-01 9.595733799400499038e+02 3.988223710280658452e+02 3.969099718045384861e+02 2.304552840083493379e+02 4.693802111477684775e+02 4.770093805759757402e+02
2.129999999999999671e-01 6.881325892090469551e+02 4.668485162068638488e+02 4.871938181384106201e+02 2.855818962787324153e+02 6.000262770390254445e+02 4.441736010160235537e+02
2.518200000000000438e-01 8.426760669829911876e+02 3.341632124131874093e+02 3.498039622940504501e+02 3.722751417738181772e+02 6.493712646619120505e+02 4.646008912028145232e+02
2.817199999999999704e-01 7.510337930064030161e+02 1.774144709077967264e+02 3.447999268348604005e+02 4.218410300717316659e+02 7.205771569681072606e+02 4.376854469517436428e+02
2.484199999999999742e-01 7.056556057095540382e+02 4.331680727821545815e+02 4.986629524146006247e+02 1.023687410997203528e+01 4.665470270718822690e+02 4.781886173772206234e+02
2.398799999999999821e-01 5.514574841083010597e+02 6.762839595504406134e+02 4.246868155342211821e+02 3.359904461580280213e+02 3.519456725568049933e+02 4.485415846056340001e+02
