2.000600000000000156e-01 6.611373253433421269e+02 3.855635775630170770e+02 4.662638157054190629e+02 3.430507965843700049e+02 6.956786971818175971e+02 4.771112275094866391e+02
2.373199999999999754e-01 7.874604348271266190e+02 3.195101563109234917e+02 3.570964012909565781e+02 3.361150507714910987e+02 6.134665861389867132e+02 4.679105730110376840e+02
2.199200000000000044e-01 8.070772731517273542e+02 3.823856747093112176e+02 4.475723940397448359e+02 3.582498604877700927e+02 7.145815855256216764e+02 4.951832443584057728e+02
2.376800000000000024e-01 6.193289090572728810e+02 3.868830337999734184e+02 4.000158929106775076e+02 3.872892303818979940e+02 7.690594910323264912e+02 4.831621720974051186e+02
2.420999999999999819e-01 6.097798263191317574e+02 3.156323769234679730e+02 4.765921194293902090e+02 2.261625702952001689e+02 5.327972513503900700e+02 4.480726353826657942e+02
2.849599999999999911e-01 4.918045626464377165e+02 8.335296785799075678e+02 4.660844087087320418e+02 4.544405587249929113e+02 8.369462231603830560e+01 4.273565396581153664e+02
2.674400000000000110e-01 6.343430127172973698e+02 3.060332265951326463e+02 4.822951912123327247e+02 2.935093566693478806e+02 4.402668597465649896e+02 4.547281452170650482e+02
2.419799999999999729e-01 5.992750035992421545e+02 4.044105764116842465e+02 4.829810838451131190e+02 1.172583072090114200e+02 5.117327358197379112e+02 4.543992886569441225e+02
2.103199999999999514e-01 8.140891200115243009e+02 3.404102362137398359e+02 4.910329230744545725e+02 3.344602178660874188e+02 6.794786273942817161e+02 4.720139743743249028e+02
2.122800000000000242e-01 6.374377390196768829e+02 4.287559720887171011e+02 4.737866862546011362e+02 1.371706191978709057e+02 5.721278196226370483e+02 4.948894984434888897e+02
2.514600000000000168e-01 6.686676774721589709e+02 2.458112258752957189e+02 4.942823615608861587e+02 1.579916472001136185e+02 5.631086068923244738e+02 4.467962617304735318e+02
2.702400000000000357e-01 5.633623948186042298e+02 8.664550083687021242e+02 3.372698318590463487e+02 5.032308636244220565e+02 3.704736561683299669e+02 4.953881803779144093e+02
2.318999999999999950e-01 6.508775243606818321e+02 5.238066512644222712e+02 4.814594426001840475e+02 6.199060019504287311e+01 4.255066071054542931e+02 4.829530305457180930e+02
2.426199999999999468e-01 5.632474997415210964e+02 7.517475116456412252e+02 4.825433520744380189e+02 1.916698787785560398e+02 2.275428142840437431e+02 4.954474266390041635e+02
2.478200000000000403e-01 8.312738970833287340e+02 1.415631204366104896e+02 4.915632824378101873e+02 3.604544611673896952e+02 5.536054789034346868e+02 4.916220861085823230e+02
2.258599999999999497e-01 7.630128851005206343e+02 2.655392415196017737e+02 4.222003305865111997e+02 2.924397045910901056e+02 6.576706481266627407e+02 4.842932323979484863e+02
2.621400000000000396e-01 8.187492983960491983e+02 2.837432308335153266e+02 4.404735446889416153e+02 4.792545972502020390e+02 7.379866027819018655e+02 4.881536296092075986e+02
2.583400000000000141e-01 6.773514063243410419e+02 3.875362226562393175e+02 4.175334547619248724e+02 4.020430892113098480e+02 6.566421349963254670e+02 4.022265941144391945e+02
2.193199999999999594e-01 6.107674625285403636e+02 8.171783546748729350e+02 4.097923607589510198e+02 4.473982665026416612e+02 3.369514458042207252e+02 4.881146349619450007e+02
2.177999999999999936e-01 5.974260955282043142e+02 6.211023948970434958e+02 4.866361487733702234e+02 3.738089081055255747e+02 3.715728538976620712e+02 4.374902523843727522e+02
2.877800000000000358e-01 6.661849553289470123e+02 1.850254566651203731e+02 4.678426112731016246e+02 3.796573102692142356e+02 7.072154076142410304e+02 3.217307255087372369e+02
2.680200000000000360e-01 6.149125055749630064e+02 2.655392415196017737e+02 4.630120150474006095e+02 2.622688382615260707e+02 4.964768376069011993e+02 4.489795749807331617e+02
2.317000000000000171e-01 6.429371871816243811e+02 3.701588177839875584e+02 4.133765873454912594e+02 4.385233507473759005e+02 6.529028754603077687e+02 4.863087282603304402e+02
2.486000000000000432e-01 4.530625830325292327e+02 1.657176026306752874e+02 4.637512588764807333e+02 3.367777795784328987e+02 7.052578165068347289e+02 4.433241639357307236e+02
2.890200000000000546e-01 9.595733799400499038e+02 3.988223710280658452e+02 3.969099718045384861e+02 2.304552840083493379e+02 4.693802111477684775e+02 4.770093805759757402e+02
2.069400000000000128e-01 6.056545426301175894e+02 3.257746488520122057e+02 4.826901862251395983e+02 3.301911957468545324e+02 6.641115801146011108e+02 4.199497011900597840e+02
2.289400000000000324e-01 5.889023255649063913e+02 3.341632124131874093e+02 4.716279070645626348e+02 3.722751417738181772e+02 6.493712646619120505e+02 3.945276321576507144e+02
2.784200000000000008e-01 7.510337930064030161e+02 1.774144709077967264e+02 3.447999268348604005e+02 4.218410300717316659e+02 7.205771569681072606e+02 4.376854469517436428e+02
2.492799999999999461e-01 7.056556057095540382e+02 4.331680727821545815e+02 4.986629524146006247e+02 1.023687410997203528e+01 4.665470270718822690e+02 4.781886173772206234e+02
2.469799999999999773e-01 5.514574841083010597e+02 6.762839595504406134e+02 4.246868155342211821e+02 3.359904461580280213e+02 3.519456725568049933e+02 4.485415846056340001e+02
