3.914400000000000102e-01 1.836291315331521332e+02 7.378001160372815548e+02 2.544744878146164240e+02 8.031876129338054398e+02 6.135111070738023500e+02 3.886613748753529194e+02
4.370199999999999640e-01 6.671763675223531891e+02 1.261976361242356148e+01 4.084778125917222837e+02 3.574310803741315112e+02 8.961807273053744893e+02 4.096261788497693601e+02
6.284000000000000696e-01 2.737750337992346203e+02 3.711751128921279133e+02 1.471338167693536150e+02 9.475712065158970177e+01 6.809338789537351886e+02 4.199207896776554776e+02
5.067200000000000593e-01 8.331235082015757598e+02 6.179485770976928052e+02 2.836860621268051545e+02 1.543763083754825232e+02 6.305173551209803406e+01 4.173476128347306258e+02
4.489800000000000457e-01 7.148715343464501757e+02 1.827909494866415798e+02 4.780223480709927912e+02 3.076456091941352611e+02 2.484334355285946003e+02 2.893259091427404428e+02
4.577799999999999647e-01 2.851761879853451660e+02 3.723863156010693274e+02 2.550202338739731829e+02 8.387743308457244211e+02 4.112103074463892085e+02 2.779323282738347416e+02
5.170799999999999841e-01 5.895052051805266728e+02 1.551856198761542487e+02 4.419208040768884302e+02 3.914774757892101889e+02 5.729984548616470192e+02 1.328051139228017803e+02
5.379199999999999537e-01 2.967178202506665912e+02 4.347293929542903470e+02 1.621201877845446688e+02 4.926275526266776978e+02 5.177626392281341623e+02 3.633858515206364928e+02
3.315200000000000369e-01 3.922705549329364771e+02 1.964956349556364898e+02 4.638781447973209424e+02 7.745153244411479818e+02 6.794786273942817161e+02 2.542436372273996028e+02
4.892800000000000482e-01 1.948713515613339382e+02 1.841422387204965219e+02 1.746152950323741493e+02 2.862038765207856272e+02 4.769589554169849634e+02 4.382261851998566726e+02
2.680599999999999650e-01 4.354769513249153761e+02 7.912046295597444896e+02 4.511875955044993134e+02 2.895391397462578880e+02 1.472203612060920648e+02 4.872950922964723759e+02
4.783199999999999674e-01 6.241487720013208218e+02 4.066402991453192044e+02 2.883103127979157989e+02 4.790900428357588225e+01 6.460388675795318250e+02 2.605383359610402181e+02
4.232399999999999496e-01 4.165107185665892757e+02 9.430084133371874344e+00 4.388353999545886950e+02 6.763718503946109877e+02 6.553049492504688942e+02 2.669626701765719190e+02
5.312399999999999345e-01 2.621238224296871522e+02 4.351018746603749037e+02 3.838435698254949102e+02 2.260017731463545942e+02 8.228199069736090223e+02 1.007019530107905041e+02
4.046399999999999997e-01 4.039368527148413932e+02 3.704617840216606055e+02 4.080774652904444793e+02 7.084767637422694975e+01 9.160994867874122747e+02 2.391757296385889617e+02
3.461400000000000032e-01 7.969331511257616967e+02 4.521022265735535370e+02 4.630120150474006095e+02 5.675837238920853451e+02 7.597429131113333369e+02 4.489795749807331617e+02
3.296400000000000441e-01 7.440768542358694049e+02 2.062995674857984625e+02 4.436277843490989312e+02 5.401921045307268514e+02 8.783012497773248697e+02 4.006424227470762389e+02
3.665800000000000169e-01 5.712096942475391188e+02 1.529578584689114393e+02 2.226514614250249053e+02 5.667548895884026479e+02 7.237568690831493541e+02 4.200835589327163007e+02
5.391000000000000236e-01 9.672504468009840366e+02 1.145932714972510666e+02 2.799857778262122565e+02 7.324047696459872441e+02 6.143260325848389130e+02 3.184754816008704665e+02
4.243999999999999995e-01 3.727271199546808589e+02 3.688566337874347028e+02 1.897118489717221337e+02 8.112229401251449872e+02 4.897624741491699751e+02 4.945447749579091123e+02
5.769199999999999884e-01 7.182382918909922864e+02 5.037877846831084980e+02 2.588574600798577876e+02 8.275168740542494561e+02 5.917415448515531580e+02 4.606652059915598443e+02
3.274000000000000243e-01 4.346615808658904143e+02 2.216107464242161598e+02 2.617086573851162257e+02 7.136824474915151768e+02 6.646795740041513909e+02 4.524782462847051647e+02
3.629200000000000204e-01 3.499855330435765950e+02 4.005814859632066032e+02 2.779272877575837697e+02 8.061899558254211797e+02 6.429446562149028068e+02 3.938910613492986386e+02
3.416200000000000347e-01 4.752399373331363108e+02 2.825441497864330245e+02 4.603734340638127946e+02 7.068069830183426348e+02 5.235734640660339210e+02 3.514783115186566533e+02
3.626200000000000534e-01 3.681296413229891868e+02 5.951658451296831345e+02 3.048650705147743452e+02 5.762101916739435410e+02 5.639559879625273879e+02 4.742047435358576308e+02
4.534000000000000252e-01 7.102507023502624861e+02 2.180160880038036737e+02 4.654964996773865096e+02 9.028788143137356883e+02 7.885099021459398045e+02 2.521923225587561319e+02
4.536599999999999522e-01 2.565004531141513553e+02 6.568851199428111158e+02 3.747663700056046991e+02 1.543649168461412842e+02 3.957975979576144887e+00 3.987498649669569204e+02
3.518000000000000016e-01 2.253468598816193378e+02 2.051264885702588288e+02 4.613107890538531706e+02 5.076120041194374721e+02 9.897014225209234155e+02 4.873456004739268792e+02
2.982599999999999696e-01 6.413348183115199390e+02 5.349905043879094819e+02 4.477896099530985339e+02 1.389447792285797050e+02 8.199641966524791314e+02 4.480361257504740138e+02
4.357999999999999652e-01 6.888820467866381705e+02 2.634037304556260324e+02 2.009604449210897883e+02 1.669245160224422762e+02 6.275753487223166758e+02 3.705022250984607126e+02
