2.375599999999999934e-01 7.078469129762196417e+02 4.343468903149985181e+02 4.868267717398518357e+02 1.924222357591408183e+02 6.596605737802763088e+02 3.415654200212782143e+02
2.461400000000000254e-01 5.693957122506274118e+02 8.668417628629302953e+02 3.540379608437168599e+02 4.133616507498938404e+02 3.192869825974493665e+02 4.980608339610801067e+02
2.212800000000000322e-01 8.070772731517273542e+02 3.823856747093112176e+02 4.475723940397448359e+02 3.582498604877700927e+02 7.145815855256216764e+02 4.951832443584057728e+02
2.335800000000000098e-01 6.193289090572728810e+02 3.868830337999734184e+02 4.000158929106775076e+02 3.872892303818979940e+02 7.690594910323264912e+02 4.831621720974051186e+02
2.393199999999999772e-01 6.097798263191317574e+02 3.156323769234679730e+02 4.765921194293902090e+02 2.261625702952001689e+02 5.327972513503900700e+02 4.480726353826657942e+02
2.840399999999999592e-01 4.918045626464377165e+02 8.335296785799075678e+02 4.660844087087320418e+02 4.544405587249929113e+02 8.369462231603830560e+01 4.273565396581153664e+02
2.673400000000000221e-01 6.343430127172973698e+02 3.060332265951326463e+02 4.822951912123327247e+02 2.935093566693478806e+02 4.402668597465649896e+02 4.547281452170650482e+02
2.620000000000000107e-01 7.636499878807323967e+02 4.124864341103022980e+02 3.985377025900585863e+02 3.916922704916528346e+02 6.271852075402764513e+02 4.202659567083289858e+02
2.130999999999999561e-01 8.140891200115243009e+02 3.404102362137398359e+02 4.910329230744545725e+02 3.344602178660874188e+02 6.794786273942817161e+02 4.720139743743249028e+02
2.116000000000000103e-01 6.374377390196768829e+02 4.287559720887171011e+02 4.737866862546011362e+02 1.371706191978709057e+02 5.721278196226370483e+02 4.948894984434888897e+02
2.699000000000000288e-01 4.354769513249153761e+02 7.912046295597444896e+02 4.511875955044993134e+02 2.895391397462578880e+02 1.472203612060920648e+02 4.872950922964723759e+02
2.652600000000000513e-01 5.633623948186042298e+02 8.664550083687021242e+02 3.372698318590463487e+02 5.032308636244220565e+02 3.704736561683299669e+02 4.953881803779144093e+02
2.294800000000000173e-01 6.538977416075535984e+02 4.853048843703599005e+02 4.788492560328987793e+02 1.128185852301432135e+02 4.884954611772243425e+02 4.786017321386232766e+02
2.430600000000000538e-01 5.632474997415210964e+02 7.517475116456412252e+02 4.825433520744380189e+02 1.916698787785560398e+02 2.275428142840437431e+02 4.954474266390041635e+02
2.505399999999999849e-01 8.312738970833287340e+02 1.415631204366104896e+02 4.915632824378101873e+02 3.604544611673896952e+02 5.536054789034346868e+02 4.916220861085823230e+02
2.229200000000000070e-01 7.630128851005206343e+02 2.655392415196017737e+02 4.222003305865111997e+02 2.924397045910901056e+02 6.576706481266627407e+02 4.842932323979484863e+02
2.629799999999999915e-01 8.187492983960491983e+02 2.837432308335153266e+02 4.404735446889416153e+02 4.792545972502020390e+02 7.379866027819018655e+02 4.881536296092075986e+02
2.650400000000000533e-01 6.460766710673722173e+02 2.231644746789975784e+02 4.213100114113434529e+02 5.677347401063743746e+02 6.505881068234423310e+02 4.367153855425085567e+02
2.523400000000000087e-01 8.121963276441410926e+02 6.248319514089357654e+02 3.462206447454548197e+02 2.198180679821766432e+02 4.216405618072364518e+02 4.907021283238491947e+02
2.595600000000000129e-01 3.846553500009122217e+02 6.211023948970434958e+02 4.302992044735790387e+02 5.027378057830128455e+02 2.483962331246807764e+02 4.537963804481085504e+02
3.156200000000000117e-01 6.129193102048795936e+02 1.686380338184779930e+02 3.119885661332029940e+02 3.553739596541986430e+02 5.304824827135246323e+02 4.571055217311478032e+02
2.709599999999999786e-01 6.149125055749630064e+02 2.655392415196017737e+02 4.630120150474006095e+02 2.622688382615260707e+02 4.964768376069011993e+02 4.489795749807331617e+02
2.321199999999999930e-01 6.429371871816243811e+02 3.701588177839875584e+02 4.133765873454912594e+02 4.385233507473759005e+02 6.529028754603077687e+02 4.863087282603304402e+02
2.657399999999999762e-01 9.813163339432705925e+02 2.089470156613347456e+02 4.637512588764807333e+02 3.367777795784328987e+02 5.732326602442917647e+02 4.832785580396695764e+02
2.859000000000000430e-01 9.595733799400499038e+02 3.988223710280658452e+02 3.969099718045384861e+02 2.304552840083493379e+02 4.693802111477684775e+02 4.770093805759757402e+02
2.093199999999999505e-01 6.881325892090469551e+02 4.668485162068638488e+02 4.871938181384106201e+02 2.855818962787324153e+02 6.000262770390254445e+02 4.441736010160235537e+02
2.493600000000000261e-01 8.426760669829911876e+02 3.341632124131874093e+02 3.498039622940504501e+02 3.722751417738181772e+02 6.493712646619120505e+02 4.646008912028145232e+02
2.794400000000000217e-01 7.510337930064030161e+02 1.774144709077967264e+02 3.447999268348604005e+02 4.218410300717316659e+02 7.205771569681072606e+02 4.376854469517436428e+02
2.483600000000000252e-01 7.056556057095540382e+02 4.331680727821545815e+02 4.986629524146006247e+02 1.023687410997203528e+01 4.665470270718822690e+02 4.781886173772206234e+02
2.438599999999999657e-01 5.514574841083010597e+02 6.762839595504406134e+02 4.246868155342211821e+02 3.359904461580280213e+02 3.519456725568049933e+02 4.485415846056340001e+02
