1.975999999999999979e-01 6.611373253433421269e+02 3.855635775630170770e+02 4.662638157054190629e+02 3.430507965843700049e+02 6.956786971818175971e+02 4.771112275094866391e+02
2.260799999999999477e-01 6.172230266357943265e+02 2.114739821536791737e+02 4.692920241624187838e+02 2.746158764428276982e+02 7.135221095145186609e+02 4.517958905192170391e+02
2.097999999999999865e-01 7.221865653551711830e+02 3.510464369201426393e+02 4.143821034006169270e+02 3.582498604877700927e+02 6.601568762243388164e+02 4.840297328401743471e+02
2.015599999999999614e-01 6.985534722360939668e+02 4.174661254354588209e+02 4.844452960706067302e+02 1.994068960093793521e+02 6.433422001629388660e+02 4.831621720974051186e+02
2.439000000000000057e-01 6.097798263191317574e+02 3.156323769234679730e+02 4.765921194293902090e+02 2.261625702952001689e+02 5.327972513503900700e+02 4.480726353826657942e+02
2.275399999999999645e-01 6.270295329202945140e+02 1.912076926773908099e+02 4.336765685339152014e+02 5.420881125831083409e+02 7.474316479129493018e+02 4.836127679515459477e+02
2.311800000000000521e-01 6.503011511307352066e+02 2.725222566429893050e+02 4.698627808813919273e+02 3.338626661644238993e+02 5.345547751361607425e+02 4.687117975101469369e+02
2.299400000000000333e-01 7.771361342968557437e+02 6.845901732086264246e+02 4.616596598768104514e+02 2.583745606534997137e+02 2.957948098203351606e+02 4.697466796971293661e+02
2.138200000000000101e-01 8.140891200115243009e+02 3.404102362137398359e+02 4.910329230744545725e+02 3.344602178660874188e+02 6.794786273942817161e+02 4.720139743743249028e+02
2.148799999999999599e-01 6.374377390196768829e+02 4.287559720887171011e+02 4.737866862546011362e+02 1.371706191978709057e+02 5.721278196226370483e+02 4.948894984434888897e+02
2.231199999999999850e-01 6.843782535976737336e+02 2.669759413022770786e+02 4.831442087031977053e+02 4.374806295104544915e+02 8.057036357588712008e+02 4.633738063429225917e+02
2.190400000000000125e-01 7.597319872518742159e+02 3.308437367884255309e+02 4.582596788101750462e+02 3.992370578587598402e+02 7.222472820217847129e+02 4.653994932744371340e+02
2.310999999999999721e-01 6.508775243606818321e+02 5.238066512644222712e+02 4.814594426001840475e+02 6.199060019504287311e+01 4.255066071054542931e+02 4.829530305457180930e+02
2.373399999999999954e-01 6.181848157456028048e+02 4.984999700596380308e+02 4.825433520744380189e+02 1.916698787785560398e+02 5.830876931334082656e+02 4.300108346596194338e+02
2.076799999999999757e-01 6.828003165145096318e+02 3.337479771992272504e+02 4.824736053500392359e+02 1.664900890248893290e+02 5.693653439585525575e+02 4.951822757299046316e+02
2.226399999999999491e-01 7.630128851005206343e+02 2.655392415196017737e+02 4.222003305865111997e+02 2.924397045910901056e+02 6.576706481266627407e+02 4.842932323979484863e+02
2.224199999999999511e-01 6.066910642974917209e+02 1.710264393456424727e+02 4.482242630691984004e+02 3.742312596094674291e+02 6.796869158898351770e+02 4.565938119370321715e+02
2.023399999999999643e-01 6.661849553289470123e+02 3.225466301985624682e+02 4.649465435353953922e+02 2.798942895101110935e+02 6.457146120919194345e+02 4.525860620889186521e+02
2.241199999999999859e-01 6.107674625285403636e+02 8.171783546748729350e+02 4.097923607589510198e+02 4.473982665026416612e+02 3.369514458042207252e+02 4.881146349619450007e+02
2.033800000000000052e-01 6.991835614813937809e+02 6.211023948970434958e+02 4.554630415590494295e+02 2.637443049243827886e+02 4.074565116155874875e+02 4.565286490939017767e+02
2.050600000000000200e-01 6.867163939680243629e+02 3.557266266948718680e+02 4.961827631583215066e+02 1.715898336843960976e+02 6.472385379860148760e+02 4.630296529919567661e+02
2.237999999999999989e-01 6.688979793452510876e+02 1.513263014358402074e+02 4.271688920356164658e+02 3.278394192821792217e+02 6.507680876548275819e+02 4.947683481866081934e+02
1.960399999999999920e-01 7.052457885413901977e+02 3.623437744971514576e+02 4.904847209913559709e+02 2.316423998204664088e+02 6.293360540898381714e+02 4.541947613213941395e+02
2.354199999999999626e-01 6.268919891216842188e+02 1.967626569137742649e+02 4.554342671463834336e+02 4.328683393254867724e+02 7.336605550079922295e+02 4.197050489693727400e+02
2.056400000000000450e-01 6.817424836854331716e+02 6.241021171267798309e+02 4.796015126384142491e+02 2.304552840083493379e+02 3.921464309632808067e+02 4.426135297310609076e+02
2.013800000000000034e-01 7.173754761372194935e+02 3.257746488520122057e+02 4.437029856175278724e+02 3.096059994942839353e+02 6.360318037295336353e+02 4.868872427286623292e+02
2.067200000000000149e-01 5.889023255649063913e+02 3.406736913835545693e+02 4.716279070645626348e+02 3.228809459982589942e+02 7.110096588698725100e+02 4.674023856662720391e+02
2.230400000000000160e-01 5.839224727519754197e+02 2.252828614061363055e+02 4.363852168210827358e+02 4.575241774270717769e+02 7.693271099912662976e+02 4.646292692064424728e+02
2.259799999999999587e-01 6.546936411045376190e+02 2.239898316017285254e+02 3.815357265160648694e+02 4.157675953137604665e+02 6.288787439301295308e+02 4.834567526559657722e+02
2.239200000000000079e-01 7.978388377832553715e+02 4.415398110294156595e+02 4.246868155342211821e+02 3.434295606605483044e+02 5.232251379682113566e+02 4.944976550687746908e+02
