1.966999999999999860e-01 6.611373253433421269e+02 3.855635775630170770e+02 4.662638157054190629e+02 3.430507965843700049e+02 6.956786971818175971e+02 4.771112275094866391e+02
1.877999999999999670e-01 6.318782007097016731e+02 3.095318557471355234e+02 4.657601674393376925e+02 3.714597349436104992e+02 7.293294417756708299e+02 4.955994880576851074e+02
1.995799999999999796e-01 6.399434694181308032e+02 2.972318877139242659e+02 4.619165535598415318e+02 4.127261075880174985e+02 7.625709020888104988e+02 4.840297328401743471e+02
1.995799999999999796e-01 6.985534722360939668e+02 4.174661254354588209e+02 4.844452960706067302e+02 1.994068960093793521e+02 6.433422001629388660e+02 4.831621720974051186e+02
2.227200000000000291e-01 7.366867996960793334e+02 5.930366905481928370e+02 4.329079715640923496e+02 2.441344415214094283e+02 3.601767921015498928e+02 4.488401845286798562e+02
2.001399999999999846e-01 5.929377927943432951e+02 2.125874308894065052e+02 4.635057876959471059e+02 3.989528847396554738e+02 7.342850141197683342e+02 4.694268254583036537e+02
2.190600000000000325e-01 7.070348135775298033e+02 5.502297639257540141e+02 4.660390488566355316e+02 2.725945753543847445e+02 5.860999010209444577e+02 4.721143741091128732e+02
2.157999999999999918e-01 4.944376752027118869e+02 2.610233681127062937e+02 4.916781106779746437e+02 3.730387536190601168e+02 7.637955698773517952e+02 4.488427537901100663e+02
2.068200000000000038e-01 7.861658012254409869e+02 3.878727245870484239e+02 4.257517665701112719e+02 3.139640002276359496e+02 5.995353092003512074e+02 4.862975750766784699e+02
2.150800000000000489e-01 6.374377390196768829e+02 4.287559720887171011e+02 4.737866862546011362e+02 1.371706191978709057e+02 5.721278196226370483e+02 4.948894984434888897e+02
2.079600000000000337e-01 5.499962198651184053e+02 2.999578212701171651e+02 4.914422572691000823e+02 3.391612946827078758e+02 7.645768436958559278e+02 4.665029981368310246e+02
2.193599999999999994e-01 7.597319872518742159e+02 3.308437367884255309e+02 4.582596788101750462e+02 3.992370578587598402e+02 7.222472820217847129e+02 4.653994932744371340e+02
2.102000000000000535e-01 6.681228112799426526e+02 4.764565044926796418e+02 4.907013342106060918e+02 2.842048170381338537e+02 6.352422089876600921e+02 4.695613693882314124e+02
2.083800000000000097e-01 7.890126552408394218e+02 3.625124438378900322e+02 4.638594548308761887e+02 2.455868134676681791e+02 6.375772467662985719e+02 4.818409121254950378e+02
2.114200000000000523e-01 6.828003165145096318e+02 3.337479771992272504e+02 4.824736053500392359e+02 1.664900890248893290e+02 5.693653439585525575e+02 4.951822757299046316e+02
2.060999999999999499e-01 5.299368192825857022e+02 2.513699595698729468e+02 4.972366877214174110e+02 4.924742310395320715e+02 8.338334651657287395e+02 4.839662211267982457e+02
1.968600000000000350e-01 6.024204365095564526e+02 3.198168530623436254e+02 4.564028114092189412e+02 4.037014932648324930e+02 7.222341972749403567e+02 4.791831154790938854e+02
2.024799999999999933e-01 6.661849553289470123e+02 3.225466301985624682e+02 4.649465435353953922e+02 2.798942895101110935e+02 6.457146120919194345e+02 4.525860620889186521e+02
2.198799999999999644e-01 6.107674625285403636e+02 8.171783546748729350e+02 4.097923607589510198e+02 4.473982665026416612e+02 3.369514458042207252e+02 4.881146349619450007e+02
2.059800000000000519e-01 6.991835614813937809e+02 6.211023948970434958e+02 4.554630415590494295e+02 2.637443049243827886e+02 4.074565116155874875e+02 4.565286490939017767e+02
2.077999999999999847e-01 6.867163939680243629e+02 3.557266266948718680e+02 4.961827631583215066e+02 1.715898336843960976e+02 6.472385379860148760e+02 4.630296529919567661e+02
2.145000000000000240e-01 7.449150436851361974e+02 2.429509994521464478e+02 4.385961266776894263e+02 3.537918526023506161e+02 6.967627409549580761e+02 4.962663805883752843e+02
1.995599999999999596e-01 7.052457885413901977e+02 3.623437744971514576e+02 4.904847209913559709e+02 2.316423998204664088e+02 6.293360540898381714e+02 4.541947613213941395e+02
1.865799999999999681e-01 5.742968884264588496e+02 2.971474408916015477e+02 4.822084564583380484e+02 4.074496284791961216e+02 7.823460541452477628e+02 4.935584300448313684e+02
1.991000000000000547e-01 6.817424836854331716e+02 6.241021171267798309e+02 4.796015126384142491e+02 2.304552840083493379e+02 3.921464309632808067e+02 4.426135297310609076e+02
2.014799999999999924e-01 5.591848784011262978e+02 2.378465648033721038e+02 4.838053506914084778e+02 4.166017618023315094e+02 7.768367616824021979e+02 4.763464435670034050e+02
2.021399999999999864e-01 5.889023255649063913e+02 3.406736913835545693e+02 4.716279070645626348e+02 3.228809459982589942e+02 7.110096588698725100e+02 4.674023856662720391e+02
2.235200000000000520e-01 5.839224727519754197e+02 2.252828614061363055e+02 4.363852168210827358e+02 4.575241774270717769e+02 7.693271099912662976e+02 4.646292692064424728e+02
2.220199999999999951e-01 7.545347542568048311e+02 4.132076426324054523e+02 4.737866862546011362e+02 1.371706191978709057e+02 5.721278196226370483e+02 4.648527712303198314e+02
1.955599999999999561e-01 6.373732449917507665e+02 2.257476199905256067e+02 4.735212710003884240e+02 3.674830888801545825e+02 7.057713601047837528e+02 4.867069026114813823e+02
