1.991600000000000037e-01 6.611373253433421269e+02 3.855635775630170770e+02 4.662638157054190629e+02 3.430507965843700049e+02 6.956786971818175971e+02 4.771112275094866391e+02
1.914000000000000146e-01 6.318782007097016731e+02 3.095318557471355234e+02 4.657601674393376925e+02 3.714597349436104992e+02 7.293294417756708299e+02 4.955994880576851074e+02
1.971000000000000529e-01 6.399434694181308032e+02 2.972318877139242659e+02 4.619165535598415318e+02 4.127261075880174985e+02 7.625709020888104988e+02 4.840297328401743471e+02
2.008400000000000185e-01 6.985534722360939668e+02 4.174661254354588209e+02 4.844452960706067302e+02 1.994068960093793521e+02 6.433422001629388660e+02 4.831621720974051186e+02
2.194399999999999684e-01 7.366867996960793334e+02 5.930366905481928370e+02 4.329079715640923496e+02 2.441344415214094283e+02 3.601767921015498928e+02 4.488401845286798562e+02
1.994399999999999507e-01 5.929377927943432951e+02 2.125874308894065052e+02 4.635057876959471059e+02 3.989528847396554738e+02 7.342850141197683342e+02 4.694268254583036537e+02
1.936799999999999633e-01 7.365827037499941525e+02 3.785693535739127924e+02 4.581514225531501552e+02 2.532761285565181026e+02 6.097399074846796339e+02 4.772131768358825070e+02
2.163599999999999968e-01 6.539408391560762084e+02 2.205137217525156643e+02 4.569362242324855288e+02 3.730387536190601168e+02 6.531263604213465896e+02 4.488427537901100663e+02
2.036599999999999522e-01 7.861658012254409869e+02 3.878727245870484239e+02 4.257517665701112719e+02 3.139640002276359496e+02 5.995353092003512074e+02 4.862975750766784699e+02
2.125399999999999512e-01 6.374377390196768829e+02 4.287559720887171011e+02 4.737866862546011362e+02 1.371706191978709057e+02 5.721278196226370483e+02 4.948894984434888897e+02
2.089400000000000146e-01 5.499962198651184053e+02 2.999578212701171651e+02 4.914422572691000823e+02 3.391612946827078758e+02 7.645768436958559278e+02 4.665029981368310246e+02
2.000800000000000356e-01 6.517748104420468280e+02 3.613921469153063413e+02 4.837831475563043568e+02 2.238185821315395287e+02 6.483523838642499868e+02 4.653994932744371340e+02
2.128400000000000292e-01 6.681228112799426526e+02 4.764565044926796418e+02 4.907013342106060918e+02 2.842048170381338537e+02 6.352422089876600921e+02 4.695613693882314124e+02
2.094799999999999995e-01 7.890126552408394218e+02 3.625124438378900322e+02 4.638594548308761887e+02 2.455868134676681791e+02 6.375772467662985719e+02 4.818409121254950378e+02
2.071399999999999908e-01 6.828003165145096318e+02 3.337479771992272504e+02 4.824736053500392359e+02 1.664900890248893290e+02 5.693653439585525575e+02 4.951822757299046316e+02
2.070400000000000018e-01 5.299368192825857022e+02 2.513699595698729468e+02 4.972366877214174110e+02 4.924742310395320715e+02 8.338334651657287395e+02 4.839662211267982457e+02
1.989199999999999857e-01 6.024204365095564526e+02 3.198168530623436254e+02 4.564028114092189412e+02 4.037014932648324930e+02 7.222341972749403567e+02 4.791831154790938854e+02
1.946400000000000352e-01 5.971721182473135059e+02 2.847735605634840113e+02 4.647546911446402191e+02 3.925773664059202588e+02 7.220435850577641759e+02 4.762614865534271757e+02
2.197799999999999754e-01 6.107674625285403636e+02 8.171783546748729350e+02 4.097923607589510198e+02 4.473982665026416612e+02 3.369514458042207252e+02 4.881146349619450007e+02
2.063399999999999679e-01 6.991835614813937809e+02 6.211023948970434958e+02 4.554630415590494295e+02 2.637443049243827886e+02 4.074565116155874875e+02 4.565286490939017767e+02
2.105000000000000204e-01 6.867163939680243629e+02 3.557266266948718680e+02 4.961827631583215066e+02 1.715898336843960976e+02 6.472385379860148760e+02 4.630296529919567661e+02
2.074200000000000488e-01 6.084542605447983306e+02 7.528425137238141360e+02 4.202366064554432228e+02 4.066795496655650481e+02 2.858318580185966766e+02 4.905240877561213324e+02
1.979800000000000448e-01 7.052457885413901977e+02 3.623437744971514576e+02 4.904847209913559709e+02 2.316423998204664088e+02 6.293360540898381714e+02 4.541947613213941395e+02
1.885599999999999499e-01 5.742968884264588496e+02 2.971474408916015477e+02 4.822084564583380484e+02 4.074496284791961216e+02 7.823460541452477628e+02 4.935584300448313684e+02
2.045599999999999641e-01 6.000692427716093107e+02 3.350468862912035775e+02 4.918624516060942256e+02 2.357080619325927842e+02 6.540713471507941676e+02 4.839742793735843520e+02
1.886400000000000299e-01 6.274539249078435432e+02 2.959606646888504429e+02 4.706076324677912339e+02 3.383348712624369909e+02 6.389720543929017822e+02 4.972604555422874455e+02
1.949800000000000422e-01 7.435227577875573388e+02 3.481051841928961039e+02 4.658004140856494359e+02 3.228809459982589942e+02 6.362178483834865119e+02 4.868010071592311760e+02
2.213600000000000012e-01 5.512947090719767402e+02 3.266761513141217961e+02 4.837469255746237877e+02 2.675394921823559002e+02 7.321528179172158843e+02 4.733181260830456836e+02
2.078600000000000447e-01 6.465264921798038813e+02 3.263488544164467271e+02 4.921350272917256348e+02 2.126944552726272946e+02 6.481617716470738060e+02 4.469486349942716856e+02
1.963200000000000500e-01 5.981074710919847348e+02 3.298583245607129584e+02 4.607977995037773553e+02 3.633375820527439828e+02 6.930264074431877361e+02 4.912375324327126691e+02
