2.995200000000000085e-01 1.288075217677164801e+02 4.052521773079424179e+02 2.889842884072647280e+02 6.387358036240954107e+02 5.706447594672888499e+02 4.457801500649273976e+02
3.577000000000000179e-01 5.184777701756818260e+02 2.034288559546519366e+02 4.709496129756786900e+02 8.272387975491583347e+02 6.615130495279098568e+02 2.722452649411985703e+02
3.763800000000000479e-01 2.113357231674238790e+02 6.014390447649407179e+02 4.018046789033323876e+02 3.940250344171550410e+02 4.620138462860908248e+02 4.870534435712535810e+02
2.692799999999999638e-01 3.525857475266464007e+02 6.297850269627350599e+02 3.972750272742715651e+02 6.800198518322700920e+02 1.274960634674054774e+02 4.538328900803003307e+02
3.400800000000000489e-01 6.029380920219483642e+02 1.827909494866415798e+02 3.620895185714737181e+02 9.452388337654542738e+01 5.690380460534520353e+02 4.753267746328439785e+02
4.592600000000000016e-01 2.851761879853451660e+02 3.723863156010693274e+02 2.550202338739731829e+02 8.387743308457244211e+02 4.112103074463892085e+02 2.779323282738347416e+02
3.447200000000000264e-01 8.692819772286505895e+02 5.873316620626987969e+02 3.387943640944825461e+02 3.561190492386364213e+02 7.354465741044411971e+02 4.511369886365053503e+02
4.389600000000000168e-01 8.140189540790892124e+02 3.219561370370290661e+02 4.195209793482152349e+02 4.694360482752420012e+02 6.858530784788281380e+02 2.194001123618965607e+02
3.316400000000000459e-01 3.922705549329364771e+02 1.964956349556364898e+02 4.638781447973209424e+02 7.745153244411479818e+02 6.794786273942817161e+02 2.542436372273996028e+02
3.221600000000000019e-01 9.677617292895927221e+02 3.225700128486797666e+02 4.555388898773574056e+02 3.916772069274571777e+02 7.878166139172451494e+02 4.382261851998566726e+02
2.718199999999999505e-01 4.354769513249153761e+02 7.912046295597444896e+02 4.511875955044993134e+02 2.895391397462578880e+02 1.472203612060920648e+02 4.872950922964723759e+02
3.813999999999999613e-01 3.278789417117413336e+02 2.477155684259890052e+02 3.337653267500013499e+02 6.443695084746723296e+02 6.081719134189453371e+02 2.785823932695557232e+02
4.217600000000000238e-01 4.165107185665892757e+02 9.430084133371874344e+00 4.388353999545886950e+02 6.763718503946109877e+02 6.553049492504688942e+02 2.669626701765719190e+02
3.590799999999999548e-01 5.905940416513801665e+02 5.915319921924841537e+02 3.789334553192763906e+02 2.260017731463545942e+02 7.429769032951395502e+02 4.848589487871060442e+02
4.015400000000000080e-01 4.039368527148413932e+02 3.704617840216606055e+02 4.080774652904444793e+02 7.084767637422694975e+01 9.160994867874122747e+02 2.391757296385889617e+02
2.757600000000000051e-01 8.860187319891072093e+02 2.655392415196017737e+02 4.630120150474006095e+02 2.622688382615261276e+02 4.964768376069011993e+02 4.489795749807331617e+02
2.628200000000000536e-01 8.187492983960491983e+02 2.837432308335153266e+02 4.404735446889416153e+02 4.792545972502020390e+02 7.379866027819018655e+02 4.881536296092075986e+02
3.701600000000000446e-01 5.712096942475391188e+02 1.529578584689114393e+02 2.226514614250249053e+02 5.667548895884026479e+02 7.237568690831493541e+02 4.200835589327163007e+02
2.906199999999999894e-01 7.277227130835971138e+02 2.777904030875160970e+02 2.799857778262122565e+02 4.030988021511495276e+02 7.758344428865780174e+02 4.570649554731569424e+02
4.254200000000000204e-01 3.727271199546808589e+02 3.688566337874347028e+02 1.897118489717221337e+02 8.112229401251449872e+02 4.897624741491699751e+02 4.945447749579091123e+02
5.765000000000000124e-01 6.926616108698324297e+02 3.731409869524220539e+02 2.187468334343475647e+02 9.359156684293329818e+02 6.177653642253392263e+02 4.684633465162146990e+02
3.124200000000000310e-01 2.862297504278787983e+02 1.840801973305781019e+02 3.189539372650604037e+02 7.136824474915151768e+02 7.478786487114280135e+02 4.261777021386028537e+02
3.670799999999999619e-01 3.499855330435765950e+02 4.005814859632066032e+02 2.779272877575837697e+02 8.061899558254211797e+02 6.429446562149028068e+02 3.938910613492986386e+02
3.403199999999999559e-01 4.752399373331363108e+02 2.825441497864330245e+02 4.603734340638127946e+02 7.068069830183426348e+02 5.235734640660339210e+02 3.514783115186566533e+02
3.672400000000000109e-01 9.744443363485928558e+02 4.149232130020195086e+02 4.432504083990113486e+02 2.228496601053413428e+02 6.639107578319620870e+02 3.396849040065951044e+02
4.295600000000000529e-01 3.641914477431454316e+02 3.207208061729987207e+02 4.526731099279037949e+02 9.028788143137356883e+02 4.493767494529637929e+01 1.893499013614419937e+02
3.181199999999999584e-01 8.486914378840151585e+02 1.776012924369351254e+02 3.498039622940504501e+02 2.805840524891296468e+02 6.493712646619120505e+02 4.176722316154787222e+02
3.557399999999999451e-01 2.253468598816193378e+02 2.051264885702588288e+02 4.613107890538531706e+02 5.076120041194374721e+02 9.897014225209234155e+02 4.873456004739268792e+02
2.989000000000000545e-01 6.413348183115199390e+02 5.349905043879094819e+02 4.477896099530985339e+02 1.389447792285797050e+02 8.199641966524791314e+02 4.480361257504740138e+02
2.991200000000000525e-01 7.113352284048283991e+02 2.710198424205652259e+02 4.956416873685764699e+02 3.359904461580280213e+02 6.570886086282035876e+02 2.864617058903650104e+02
