1.975000000000000089e-01 6.078254886885761152e+02 3.403391094300122859e+02 4.662638157054190629e+02 3.430507965843700049e+02 7.185368810169957214e+02 4.943807537483306760e+02
1.908600000000000296e-01 6.318782007097016731e+02 3.095318557471355234e+02 4.657601674393376925e+02 3.714597349436104992e+02 7.293294417756708299e+02 4.955994880576851074e+02
1.981600000000000028e-01 6.399434694181308032e+02 2.972318877139242659e+02 4.619165535598415318e+02 4.127261075880174985e+02 7.625709020888104988e+02 4.840297328401743471e+02
1.996799999999999686e-01 6.985534722360939668e+02 4.174661254354588209e+02 4.844452960706067302e+02 1.994068960093793521e+02 6.433422001629388660e+02 4.831621720974051186e+02
2.017600000000000504e-01 6.579969299424102473e+02 3.409609632441440681e+02 4.567015661527559587e+02 2.747444648668757168e+02 7.002399427659249795e+02 4.683128321492038708e+02
2.000199999999999756e-01 5.929377927943432951e+02 2.125874308894065052e+02 4.635057876959471059e+02 3.989528847396554738e+02 7.342850141197683342e+02 4.694268254583036537e+02
1.991199999999999637e-01 7.365827037499941525e+02 3.785693535739127924e+02 4.581514225531501552e+02 2.532761285565181026e+02 6.097399074846796339e+02 4.772131768358825070e+02
2.120999999999999552e-01 7.378222852157941816e+02 3.606077087656739764e+02 4.446224758324585196e+02 4.098361275420448351e+02 6.384081570612515861e+02 4.814088089238357497e+02
2.015200000000000324e-01 7.861658012254409869e+02 3.878727245870484239e+02 4.257517665701112719e+02 3.139640002276359496e+02 5.995353092003512074e+02 4.862975750766784699e+02
1.966799999999999660e-01 7.907097141293180584e+02 3.624197766372419096e+02 4.709376431356028547e+02 3.159605624182940460e+02 6.115384172390446338e+02 4.909659689198824708e+02
1.941599999999999993e-01 6.094656633896030371e+02 2.999578212701171651e+02 4.818237869101222373e+02 3.818924155958031861e+02 6.411570011028301224e+02 4.665029981368310246e+02
2.021399999999999864e-01 6.517748104420468280e+02 3.613921469153063413e+02 4.837831475563043568e+02 2.238185821315395287e+02 6.483523838642499868e+02 4.653994932744371340e+02
1.959800000000000431e-01 6.918598897260156946e+02 3.018494330904146068e+02 4.940683551862809395e+02 3.203510941625935970e+02 6.528114729162009553e+02 4.631003997221652639e+02
2.078600000000000447e-01 7.890126552408394218e+02 3.625124438378900322e+02 4.638594548308761887e+02 2.455868134676681791e+02 6.375772467662985719e+02 4.818409121254950378e+02
2.052199999999999580e-01 6.773344773829879841e+02 3.202855898251779081e+02 4.610905395369186408e+02 2.978154498903132890e+02 6.008164009310054325e+02 4.631298593956611853e+02
2.057600000000000540e-01 5.299368192825857022e+02 2.513699595698729468e+02 4.972366877214174110e+02 4.924742310395320715e+02 8.338334651657287395e+02 4.839662211267982457e+02
1.935999999999999943e-01 6.633661763549860098e+02 3.366052511823725126e+02 4.781371768942029803e+02 3.021586101285217296e+02 6.476491828932936414e+02 4.789677332028691694e+02
1.945000000000000062e-01 5.971721182473135059e+02 2.847735605634840113e+02 4.647546911446402191e+02 3.925773664059202588e+02 7.220435850577641759e+02 4.762614865534271757e+02
2.143800000000000150e-01 7.390826562434923517e+02 5.844200595188763145e+02 4.694010053893982217e+02 2.155655140329206461e+02 5.625042100391607391e+02 4.775792393684444050e+02
2.050199999999999800e-01 6.991835614813937809e+02 6.211023948970434958e+02 4.554630415590494295e+02 2.637443049243827886e+02 4.074565116155874875e+02 4.565286490939017767e+02
1.936999999999999833e-01 7.184949494047231155e+02 3.494043941879118051e+02 4.851093941717263078e+02 2.289505498988689283e+02 6.167764322178959446e+02 4.931464885107081955e+02
2.016200000000000214e-01 7.461707371471304668e+02 4.285783475537882623e+02 4.595096346578511088e+02 2.087022157171228685e+02 6.065838738479880021e+02 4.935205173112956345e+02
1.969999999999999529e-01 7.052457885413901977e+02 3.623437744971514576e+02 4.904847209913559709e+02 2.316423998204664088e+02 6.293360540898381714e+02 4.541947613213941395e+02
1.893399999999999528e-01 5.742968884264588496e+02 2.971474408916015477e+02 4.822084564583380484e+02 4.074496284791961216e+02 7.823460541452477628e+02 4.935584300448313684e+02
1.895799999999999708e-01 6.487553021563115863e+02 3.294429923492392049e+02 4.879316638677827882e+02 3.591716682227024080e+02 6.474034113106584982e+02 4.853343104647050268e+02
1.866999999999999771e-01 6.282679541326091339e+02 3.331059501679986283e+02 4.919358887142279286e+02 3.108623252006008215e+02 6.745329329730212748e+02 4.899574835920702753e+02
1.909600000000000186e-01 7.435227577875573388e+02 3.481051841928961039e+02 4.658004140856494359e+02 3.228809459982589942e+02 6.362178483834865119e+02 4.868010071592311760e+02
1.942800000000000082e-01 6.584263105247991916e+02 2.989948305696387933e+02 4.725015992307772308e+02 3.112350772618615906e+02 6.877405287517667603e+02 4.920156591176927350e+02
1.979800000000000448e-01 6.298382050513074546e+02 3.536102543924095585e+02 4.748083420489685409e+02 3.540890715448146011e+02 6.481617716470738060e+02 4.625495383234464271e+02
1.927799999999999514e-01 6.046333416182848168e+02 3.298583245607129584e+02 4.625317372428199292e+02 3.572196848603217632e+02 6.930264074431877361e+02 4.912375324327126691e+02
