1.997999999999999776e-01 6.078254886885761152e+02 3.403391094300122859e+02 4.662638157054190629e+02 3.430507965843700049e+02 7.185368810169957214e+02 4.943807537483306760e+02
1.830800000000000205e-01 5.941083331529171119e+02 3.090914713577590760e+02 4.898985301675325559e+02 4.173840759435962582e+02 7.190084557123179820e+02 4.955994880576851074e+02
2.022199999999999553e-01 6.399434694181308032e+02 2.972318877139242659e+02 4.619165535598415318e+02 4.127261075880174985e+02 7.625709020888104988e+02 4.840297328401743471e+02
1.972000000000000419e-01 6.985534722360939668e+02 4.174661254354588209e+02 4.844452960706067302e+02 1.994068960093793521e+02 6.433422001629388660e+02 4.831621720974051186e+02
2.086999999999999966e-01 6.579969299424102473e+02 3.409609632441440681e+02 4.567015661527559587e+02 2.747444648668757168e+02 7.002399427659249795e+02 4.683128321492038708e+02
2.016999999999999904e-01 5.929377927943432951e+02 2.125874308894065052e+02 4.635057876959471059e+02 3.989528847396554738e+02 7.342850141197683342e+02 4.694268254583036537e+02
1.983000000000000318e-01 7.365827037499941525e+02 3.785693535739127924e+02 4.581514225531501552e+02 2.532761285565181026e+02 6.097399074846796339e+02 4.772131768358825070e+02
2.113599999999999923e-01 7.378222852157941816e+02 3.606077087656739764e+02 4.446224758324585196e+02 4.098361275420448351e+02 6.384081570612515861e+02 4.814088089238357497e+02
2.064200000000000479e-01 7.861658012254409869e+02 3.878727245870484239e+02 4.257517665701112719e+02 3.139640002276359496e+02 5.995353092003512074e+02 4.862975750766784699e+02
1.885999999999999899e-01 6.164344186413907209e+02 3.541614904263629455e+02 4.983932660428588974e+02 3.358162187819404494e+02 7.297820269495119874e+02 4.909659689198824708e+02
1.859199999999999742e-01 5.734549291631363985e+02 2.999578212701171651e+02 4.983226879994069805e+02 4.267052536737674586e+02 8.147537070600831157e+02 4.982427477258858062e+02
2.028200000000000003e-01 6.517748104420468280e+02 3.613921469153063413e+02 4.837831475563043568e+02 2.238185821315395287e+02 6.483523838642499868e+02 4.653994932744371340e+02
1.960600000000000120e-01 6.918598897260156946e+02 3.018494330904146068e+02 4.940683551862809395e+02 3.203510941625935970e+02 6.528114729162009553e+02 4.631003997221652639e+02
1.995799999999999796e-01 7.074966244119707426e+02 4.370001671867004234e+02 4.569062577394819868e+02 2.107379175564828984e+02 5.825553963082732025e+02 4.893664587609621321e+02
1.895400000000000418e-01 5.846006473221117403e+02 2.994612557849591781e+02 4.800966647661961133e+02 3.964862106203078724e+02 7.641930888238235866e+02 4.905155729799143387e+02
2.078600000000000447e-01 5.299368192825857022e+02 2.513699595698729468e+02 4.972366877214174110e+02 4.924742310395320715e+02 8.338334651657287395e+02 4.839662211267982457e+02
1.924400000000000555e-01 5.821618806100834718e+02 3.219366515644506421e+02 4.842810219824544333e+02 3.758792079000804165e+02 6.996300335729064273e+02 4.789677332028691694e+02
1.955200000000000271e-01 5.971721182473135059e+02 2.847735605634840113e+02 4.647546911446402191e+02 3.925773664059202588e+02 7.220435850577641759e+02 4.762614865534271757e+02
2.148600000000000509e-01 7.390826562434923517e+02 5.844200595188763145e+02 4.694010053893982217e+02 2.155655140329206461e+02 5.625042100391607391e+02 4.775792393684444050e+02
1.945799999999999752e-01 6.991835614813937809e+02 3.325923632621756951e+02 4.755128232297603290e+02 3.513383246578312082e+02 6.232080362389036736e+02 4.754435351144240371e+02
1.926200000000000134e-01 7.184949494047231155e+02 3.494043941879118051e+02 4.851093941717263078e+02 2.289505498988689283e+02 6.167764322178959446e+02 4.931464885107081955e+02
2.042399999999999771e-01 7.461707371471304668e+02 4.285783475537882623e+02 4.595096346578511088e+02 2.087022157171228685e+02 6.065838738479880021e+02 4.935205173112956345e+02
1.985400000000000498e-01 7.052457885413901977e+02 3.623437744971514576e+02 4.904847209913559709e+02 2.316423998204664088e+02 6.293360540898381714e+02 4.541947613213941395e+02
1.944399999999999462e-01 5.742968884264588496e+02 2.971474408916015477e+02 4.822084564583380484e+02 4.074496284791961216e+02 7.823460541452477628e+02 4.935584300448313684e+02
1.906600000000000517e-01 6.487553021563115863e+02 3.294429923492392049e+02 4.879316638677827882e+02 3.591716682227024080e+02 6.474034113106584982e+02 4.853343104647050268e+02
1.906999999999999806e-01 6.282679541326091339e+02 3.331059501679986283e+02 4.919358887142279286e+02 3.108623252006008215e+02 6.745329329730212748e+02 4.899574835920702753e+02
1.910800000000000276e-01 7.435227577875573388e+02 3.481051841928961039e+02 4.658004140856494359e+02 3.228809459982589942e+02 6.362178483834865119e+02 4.868010071592311760e+02
1.942000000000000393e-01 6.584263105247991916e+02 2.989948305696387933e+02 4.725015992307772308e+02 3.112350772618615906e+02 6.877405287517667603e+02 4.920156591176927350e+02
1.983800000000000008e-01 6.298382050513074546e+02 3.536102543924095585e+02 4.748083420489685409e+02 3.540890715448146011e+02 6.481617716470738060e+02 4.625495383234464271e+02
1.931000000000000494e-01 6.046333416182848168e+02 3.298583245607129584e+02 4.625317372428199292e+02 3.572196848603217632e+02 6.930264074431877361e+02 4.912375324327126691e+02
