1.858600000000000252e-01 5.618391545464853607e+02 7.073542249727911440e+02 3.090105511800935005e+02 8.186171195062971719e+02 8.051651182894685235e+02 3.889348542420439685e+02 6.455992111810260212e+02 3.927090186424131844e+02 3.859620617211148783e+02 1.998094543421066192e+02 8.152500552745269715e+02 2.506648422817634412e+02 7.544506628149117660e+02 8.217576607839682765e+02 4.481916226936296539e+02 6.075127909312275278e+02 6.933233175442137508e+01 1.648271490682383842e+02
1.308200000000000474e-01 3.377275018597511576e+02 4.142085930883366132e+02 4.328071182056299904e+02 7.784802736487889661e+02 8.388308084110755090e+02 1.742143384688446304e+02 6.941010784320110361e+02 8.833977953995953385e+02 3.466022681348763967e+02 8.421443537440401315e+02 4.925493495776754571e+02 4.181961044221632733e+02 1.597245042417549143e+02 7.944790210829370380e+01 1.607458829911425369e+02 5.923159475653073969e+02 5.336190296162480990e+02 3.619222038848311627e+02
2.207999999999999963e-01 6.453757415832633342e+02 8.532135545435113499e+02 1.242213771641758058e+02 1.617895560116121487e+02 5.508515049221659865e+02 2.197955842959537165e+02 9.947420854977053750e+02 3.807919210439212065e+02 3.673779102408236099e+02 4.278238349229879134e+01 2.927302465241953087e+02 4.001833136489661911e+02 4.901421587804842943e+02 5.465026797474481555e+02 2.169149126579850133e+02 8.665615680267062544e+02 5.577323777858429139e+02 1.434495565524754284e+02
2.266599999999999726e-01 1.121624154690430402e+02 7.013581624802772012e+02 4.147515700910244618e+02 1.819453211258151839e+02 1.713228775124267997e+02 2.546201936786109172e+02 8.810468333881630087e+02 2.410488687780714088e+02 2.908693725648436725e+02 8.049386100701333362e+02 3.550192817372955574e+02 1.056959863822825270e+02 9.698685811960634737e+02 1.314210862088742715e+02 4.651533462990421413e+02 3.014814671997459072e+02 3.733043089551924822e+02 3.755837930374384541e+02
1.713599999999999568e-01 8.843878901217290149e+02 6.687289732554681621e+01 3.610452742754114865e+02 2.940388199631843236e+02 6.978677739087786449e+02 3.613581324388301255e+02 7.744685848660352576e+02 6.231838354081725129e+02 1.068310170121907277e+02 8.202504062095919153e+02 7.835522127409423376e+01 4.332732602551217838e+02 1.357484077904085780e+02 4.692997161059469136e+01 1.191503381096035241e+02 5.487628827870298664e+02 8.021363082250427112e+01 2.057728826935990583e+02
1.233999999999999542e-01 1.601851693630885620e+02 4.796393978461140932e+02 1.567018921532486786e+02 3.264855531445102201e+02 7.376631830047333551e+02 1.591025530616816752e+02 8.490411713570035772e+02 7.477093192943930262e+02 3.314044038553229257e+02 2.239485310191172687e+02 9.990400891703387742e+02 1.875666549456534256e+02 5.991784027657583920e+02 4.012011334408116170e+01 2.667226933236827335e+02 1.905689848435285683e+02 1.864977706276282845e+02 4.043299387704473702e+02
1.066799999999999971e-01 8.211877417571747628e+01 4.031913574093097168e+02 4.734944576486617507e+02 7.234544705330425813e+02 6.930405124435320658e+02 3.407077014210565835e+02 7.741928503032254412e+02 1.957302349149945826e+02 1.596347288925148575e+02 6.266945038619281831e+02 2.716043992098116746e+02 2.660031191846480851e+02 7.704919249852489429e+02 6.700538708582943173e+02 4.510348712415266164e+02 9.559264965712940239e+02 6.010091118731062352e+02 2.126535839380856316e+02
3.129999999999999449e-02 2.858121036009696354e+02 5.805936586962467345e+02 3.873619022695587546e+02 2.445648066808030592e+02 3.266481178143776276e+01 4.674323235335241975e+02 8.141868925778655921e+02 7.086562885641770890e+02 4.816084286466524418e+02 7.690692516653028861e+02 3.916003578364753821e+02 3.420565837102301430e+02 7.812325346639762529e+02 3.452775388205217268e+02 1.873226839360510212e+02 7.408360934992540479e+02 2.327664018465795834e+02 4.076542145394632826e+02
1.078799999999999759e-01 4.469145658008773125e+02 4.726445840505810736e+01 4.639575223685937431e+02 9.653268083439990050e+02 2.619522785135505387e+02 4.827611412162644910e+02 3.543490171944628742e+02 1.028943671044742985e+02 3.561350291834500013e+02 3.390937564593057232e+02 5.913218738615213397e+02 4.559595445944824519e+02 3.523893822016664785e+02 9.760468957864916320e+02 2.512486664468455331e+02 2.246351235237691242e+02 9.647481522944818835e+02 1.499739623143114784e+02
1.102800000000000447e-01 2.826872529716445115e+02 7.670815180038176777e+02 3.838979961938042607e+02 5.719342290649842653e+01 1.208277643691257879e+02 4.622247546698263250e+02 4.496182372551591584e+02 3.572884826628296651e+00 1.053511469641777865e+02 6.511664852707773434e+02 4.176185555388881312e+02 2.321908338600367756e+02 4.395656348094866530e+02 7.846730330106349811e+02 2.451650188189528023e+02 7.186141068088438715e+02 2.153761741569155106e+02 4.413116826916175910e+02
6.839999999999957225e-03 9.223461987633972967e+02 8.016428978319917178e+02 4.598833493336808260e+02 5.907517567919145449e+02 9.622215583008509157e+02 2.133712432634701486e+02 2.519499909267829594e+02 2.035452094005840991e+02 1.845338121043231752e+02 6.949036850470413356e+02 3.075314025380134240e+02 4.927664444419198730e+02 3.135994652406433261e+02 5.374862548191965743e+02 3.902601367694778673e+02 1.885400656461434039e+02 9.981220254392615061e+02 3.026652421537618238e+02
2.206000000000000183e-01 1.081321276870607448e+02 6.560052216943540770e+01 2.675491950650513218e+02 2.837724407692381305e+02 6.131592094127734072e+02 4.262764785017541840e+02 7.327986608203353853e+02 3.815458237080005688e+02 2.178284748813703970e+02 4.297829211735896138e+01 9.443443673601587989e+02 1.784910063522328016e+02 3.772442076874789336e+02 8.740926165286484775e+02 2.338738426557015657e+02 4.545874354255166736e+02 5.322625000993089088e+02 1.595085388417576837e+02
2.049600000000000311e-01 4.734053171843145833e+02 3.416769183252030189e+02 3.803209581717804895e+02 7.989011018296910152e+02 9.040719340170888074e+01 2.980879520082544332e+02 6.257598608301130980e+02 5.725695768050820789e+01 1.891695689499759112e+02 1.796806053999813457e+02 8.605978717706066163e+02 2.144003805462462253e+02 1.649883249246721562e+02 7.625725801188698370e+02 4.075907341834378599e+02 1.759854213954512829e+02 3.209470369757755748e+02 4.118813270858986471e+02
1.379799999999999915e-01 5.222609940311863284e+02 3.866994173351622521e+01 2.959743043067108488e+02 9.509090531269074518e+02 1.589230915800055755e+01 3.678761230352295684e+02 9.157876047438738851e+02 6.525253002538177043e+02 3.910220551668298299e+02 7.701398759301121117e+02 8.892365036308046911e+02 3.997226450315228590e+02 2.045730613559159110e+02 3.046180288027142069e+02 4.111975269936069708e+02 7.569334042805102172e+02 9.901431874072470691e+02 2.496080087147655320e+02
5.425999999999997492e-02 1.522190547102240998e+01 3.561200451258812905e+02 4.854249608466974450e+02 2.592287048024002161e+02 6.529255157256516213e+02 2.589796176787050399e+02 8.180591982015783969e+02 3.094356237376671857e+02 2.885031685281355180e+02 6.676702335315540040e+02 1.849660113491877382e+02 1.431130455668341597e+02 3.212381432220370243e+02 8.206684218717510930e+02 1.971033798439870566e+02 5.789709406349393248e+02 8.110229920093705687e+02 4.884997398980965500e+02
1.197599999999999776e-01 3.446641351684405095e+02 6.419138033452642844e+01 2.742386114738459355e+02 4.865666287061076645e+01 4.750286252595744827e+02 4.833442524378907024e+02 1.217066426370069223e+02 9.349557840979720140e+02 2.458413196489270831e+02 6.421951107947134005e+02 3.276452176897220170e+02 2.529834630800613979e+02 6.486366673018561642e+02 5.256273540683145029e+02 3.988712760719245694e+02 5.806292765161704210e+02 2.613583042766324525e+02 1.341089269070159276e+02
9.552000000000004931e-02 9.571650197834594564e+02 6.761199692300695006e+02 3.545692116533692797e+02 5.598551829658608767e+02 1.576017344019487609e+02 3.702973093075258930e+02 6.108820798364471329e+02 5.119151075849183599e+02 2.070222614248600621e+02 4.102517669577823654e+02 4.612568078977253663e+02 3.367879851993783404e+02 2.004241717289847031e+02 8.992348365023735823e+02 2.683430384889683182e+02 4.933393957520748927e+02 8.558057816731189860e+02 4.560778226567946945e+02
1.670000000000004814e-02 1.954921384817441776e+02 8.251069684987256778e+02 2.385577429564671377e+02 3.246949874949025343e+02 7.541709371528637007e+01 4.798477564249938609e+02 8.118038265903663842e+02 8.704887729447546008e+02 4.478894765774705320e+02 1.671048083078108277e+02 4.870870009155731282e+02 3.276159436350296801e+02 2.583916497567518604e+02 7.283513396885908833e+02 2.161965457417243499e+02 9.155457958859274186e+02 1.567466723789946457e+02 3.814162589257273339e+02
9.648000000000001020e-02 8.895843346681886032e+00 4.550867161317903538e+02 3.414882731451112932e+02 9.931444025803012892e+02 7.930739387233483058e+02 4.415742664993252333e+02 5.264396774904669201e+02 1.753022645313978956e+01 2.614983526838078660e+02 4.931866187101742298e+02 3.592599164857560368e+02 3.925404560572446258e+02 7.281879962526115833e+02 8.950936403241171320e+02 1.314529528067317301e+02 2.116964559604568876e+02 9.223695155380394226e+02 2.121251838249299624e+02
2.238799999999999679e-01 4.528264889635722739e+02 6.476990642064113217e+02 4.269751833067862776e+02 4.404934572863305107e+02 7.999431619983334940e+02 4.119709226136133680e+02 8.827167885472579201e+02 9.049655221878394329e+00 1.642764227480483044e+02 3.710078093862312443e+01 8.758366306241260872e+02 1.745625176268654855e+02 7.612503407356562946e+01 5.767482367620302597e+01 3.944706133257642477e+02 3.260707760584009520e+02 7.392904321117561040e+02 1.481620375744545584e+02
2.554199999999999804e-01 1.629998235211963618e+02 2.330309365607330463e+01 2.513754216889523718e+02 2.041413798811441040e+02 2.364117779578010925e+02 4.796839788362193531e+02 9.041316365909311799e+02 7.685624190614826148e+02 1.117140676238443007e+02 4.455309001737535368e+02 2.130921041672263527e+02 2.114622794888937278e+02 4.391082087861751688e+02 7.589048355375126675e+02 2.232438429255786332e+02 4.735833469251467136e+02 6.785437656829360549e+02 3.060789829040118661e+02
1.891000000000000458e-01 5.982124767829564007e+02 2.120132749875369598e+02 2.917234052291044009e+02 3.805954897860626147e+02 5.069637545326710892e+01 2.826001898495362639e+02 4.604165727469733156e+02 6.847721999202683207e+01 1.747096780351762675e+02 8.764692890107253334e+02 4.699761698061250854e+02 1.104212859672561962e+02 4.702002611575206714e+01 4.213155117867822810e+02 3.234099063587467526e+02 2.397719658589359994e+02 7.190775422597413353e+02 3.925762968694476172e+02
3.019800000000000262e-01 5.538833664150788536e+02 6.426367470135885469e+02 1.154782527742786726e+02 5.925520545783343778e+02 2.308951198191295475e+02 2.226164738454777989e+02 6.514742021307841924e+02 4.643903620320952541e+02 3.988948095868517498e+02 7.202591488778300572e+02 1.833807302659005813e+02 4.297357169228289990e+02 5.072557429889957348e+01 7.094413933828245717e+02 1.661787601657170228e+02 8.381967811057529616e+02 5.875619078002553124e+02 2.506994032538535180e+02
1.773599999999999621e-01 2.814542820200139772e+02 4.611062268533717656e+02 2.587781652162931891e+02 3.935021170799803940e+02 3.109407825730198169e+02 4.201618713474367723e+02 4.015469824336784086e+02 6.752706391149820320e+02 4.415340046694452667e+02 6.222259620561720794e+02 6.350777363052287683e+02 2.902508597566172739e+02 8.810267969243113839e+00 7.615811574384126743e+02 4.149518529631162664e+02 3.885194084295372363e+01 8.210163288947260298e+02 2.380226117321591914e+02
7.111999999999996103e-02 3.561502845723657629e+02 1.053469848144007415e+02 3.793489973829703672e+02 7.277234055934313801e+02 4.112149804378834119e+02 3.941574636301613737e+02 4.718585204797381039e+02 9.207312391987196634e+02 1.556366484787957347e+02 4.487145897436926134e+02 9.363673036714029649e+02 4.720429430663565427e+02 8.303069441731022380e+02 9.763794794153159273e+02 3.443912502713927779e+02 4.437822169658165308e+02 7.786463020200792471e+02 4.221801338605586125e+02
2.431600000000000428e-01 5.240415544895137145e+02 5.559219637730127488e+02 1.931115402043329539e+02 3.589856823105241688e+02 5.695849014319376238e+02 4.796067966745341664e+02 1.097618430558636362e+02 5.684385636289291597e+02 3.067848003682604485e+02 7.711985717664751974e+02 2.356615210741964006e+02 2.017390422882295695e+02 3.836815987675777251e+01 3.970623132021338506e+02 2.528193239059056054e+02 8.715572807630621810e+02 7.135986669411769867e+01 3.757554234501055248e+02
1.640399999999999636e-01 8.834033675846683309e+01 9.533276536432016428e+02 3.608471423799832678e+02 4.640197780128539762e+02 4.144822496332209880e+02 3.833561076914726868e+02 9.560056370394020178e+02 2.554282108521978216e+02 2.545874417876199232e+02 3.808354376062059146e+02 2.126175981861745754e+02 2.777859048869479466e+02 8.946757094990018686e+02 5.294326269824819065e+01 1.089041437696985781e+02 7.241747315841901127e+02 6.992881699992552740e+02 1.204329499171272033e+02
7.432000000000005269e-02 8.211877417571747628e+01 4.031913574093097168e+02 4.734944576486617507e+02 7.234544705330425813e+02 5.498459659025068049e+02 3.407077014210565835e+02 3.274369354595426103e+02 1.957302349149945826e+02 1.596347288925148575e+02 6.266945038619281831e+02 2.716043992098116746e+02 2.660031191846480851e+02 7.704919249852489429e+02 6.700538708582943173e+02 4.510348712415266164e+02 5.824207539954248887e+02 7.781368210351381549e+02 3.435447273908821444e+02
2.357000000000000206e-01 9.335829243829866755e+02 7.496167817283527484e+02 4.330465154660270173e+02 9.230388548352300404e+02 7.663778836028292289e+02 3.236299766600880048e+02 7.194864979865346868e+02 2.862626307281205982e+02 2.423964929227888092e+02 2.161249500950422089e+02 9.539093774893271984e+02 4.677170836544603958e+02 5.142831768276294042e+02 1.895499151018834425e+02 1.336973554440911585e+02 1.846096502903378962e+02 8.560173389120002412e+02 2.399989032007709966e+02
1.884799999999999809e-01 7.601281721368559374e+02 3.645308600020905487e+02 1.352677857421569740e+02 2.289605023218524025e+02 1.045778152544070139e+02 4.966275663647498959e+02 2.928663351910697656e+02 5.626293578823371035e+02 2.571548655933986538e+02 6.355646505227330323e+01 4.404047968901887202e+02 4.177191122221349247e+02 1.088990991315630374e+01 9.870070634322014769e+01 1.127875200032027863e+02 5.766481006034564416e+02 9.563444225818874429e+02 3.382923419191275229e+02
1.515800000000000480e-01 2.738425656011371530e+02 7.566295091735537426e+02 1.170049231777245069e+02 7.040686777725238699e+02 8.923206353994616791e+01 4.811391242814386828e+02 9.696291336895178574e+02 6.517320333623666784e+02 1.232537017010025977e+02 4.835218766073521124e+02 9.432422914566296868e+02 4.837337857405258319e+02 5.267154225778866703e+02 4.573438994810122722e+02 3.972024438480963227e+02 5.191210037290850323e+02 7.936000058945435853e+01 2.955889154861348516e+02
1.596199999999999841e-01 7.534355346265859907e+02 9.952998625824675401e+02 2.805024891163387792e+02 9.693312561448390170e+02 3.057951184861716456e+02 2.909833138413333131e+02 7.452622801430745767e+02 8.520558015854714995e+02 4.369645605785226508e+02 3.403008739402413312e+02 1.853444668516875993e+02 4.896340991765206923e+02 5.519768948684094312e+02 2.480617852407226565e+01 3.498706432552781393e+02 6.801394346638074921e+02 2.181293754267122154e+02 3.256755851547014231e+02
1.155599999999999961e-01 4.222090629889297588e+02 3.540704308164180247e+02 3.390159855103590871e+02 6.218702951479547210e+02 4.301955541758609343e+02 3.068201555716735811e+02 7.490149166510361738e+02 5.933488247085141438e+02 3.660670648557895674e+02 5.826975965904052828e+02 7.264019799146491323e+02 3.326062570897175874e+02 4.674485476535047610e+02 6.213458531571342291e+02 4.292408098969992238e+02 1.602165979220684449e+02 6.227789144938782329e+02 4.861881089440211099e+02
1.698600000000000110e-01 2.733301292202560262e+02 8.994462517322654094e+01 3.348008556054946894e+02 3.845078159452422142e+02 6.166394785666116150e+02 1.005463528007212517e+02 3.599659764226524317e+02 8.120366201515239482e+02 4.693394211198755670e+02 5.975971538822861930e+02 7.964015899974398280e+02 2.563499561779962050e+02 2.174597179659950896e+01 8.546122924986040061e+02 2.954852842837084381e+02 7.609247783616552852e+02 7.773052024468072432e+02 4.819314368594625648e+02
1.210999999999999854e-01 4.894216399847907155e+02 1.058449133129258968e+02 4.989785904815698814e+02 6.388269382036715172e+01 5.563100410960774980e+02 4.367212417123282080e+02 9.430652723830369268e+02 8.624099870262388094e+02 4.873873407602363272e+02 6.326504395106497896e+02 5.676439718797226988e+02 1.047210176344096908e+02 8.853867711807193928e+02 8.704020157440379535e+02 4.727112364191152096e+02 4.181291901798703634e+02 4.974208207222166038e+02 1.353776093001592926e+02
1.698199999999999710e-01 7.280255362265102121e+02 3.411818121461384976e+02 4.971873285122764514e+02 7.547058445316181405e+02 2.183766244521426643e+02 1.998574481383518560e+02 6.492902209311572506e+02 2.299996167747084712e+02 2.028776432157409602e+02 3.922809457080137463e+02 8.766951183986676597e+02 2.884903089026917087e+02 7.018444519457656128e+00 3.107638005285235749e+02 2.408185753427669056e+02 9.576343787760279156e+02 3.815679686374518838e+02 1.879266996488704251e+02
2.805800000000000516e-01 2.236304124536725340e+02 3.974853161548430194e+02 2.209330109574865162e+02 3.518692765946214536e+02 9.165711330968626953e+02 2.180659806956693387e+02 2.614699461305947352e+02 2.557085864150387522e+02 3.391700101881903038e+02 1.436095483484640454e+02 5.492539716708565720e+02 1.942236429159524107e+02 2.336226587892153645e+02 7.422578451778261979e+02 1.841023143913472495e+02 6.115378309331260880e+02 1.165760977666475924e+02 3.482215573215374320e+02
6.233999999999995101e-02 6.673783001458372155e+02 7.339711053847247513e+02 2.145590818430420654e+02 8.828120972018898556e+02 3.881898772286266421e+02 3.908547307639095720e+02 6.020824840917529173e+02 3.741793197449777608e+02 1.675438968213673832e+02 3.203550639169794323e+01 5.469699105486236022e+02 1.185046662397570003e+02 4.461183234768211037e+02 7.785882522045496898e+02 3.365528655109699230e+02 2.867431022875920235e+02 5.394595035457216881e+01 4.791077738839867379e+02
9.594000000000002526e-02 2.604463690360631745e+01 3.370383546969786153e+02 4.708666631718259055e+02 1.342351018785491306e+02 2.247115960800391008e+02 3.235598660606475505e+02 4.139853878814903965e+02 2.167429376482115515e+02 2.811050531097526459e+02 1.403035716597481155e+02 9.518468898379782104e+02 3.416416066119961101e+02 6.823255359737089520e+02 5.285646387694513351e+02 4.618896087156227850e+02 2.574450188325698718e+02 6.295816267588944584e+02 2.684313425632606709e+02
5.234000000000005315e-02 8.104955970131270533e+02 7.254797400318476548e+02 3.323426299466767091e+02 3.808186739983501639e+02 8.133127677282661239e+01 2.903063379894741729e+02 9.395658632187351031e+02 3.526632933480207726e+02 3.948848599459861362e+02 1.324902908670831607e+02 1.990877063034481864e+02 2.630320835090522564e+02 4.929616568910557817e+02 2.682461010589972830e+02 2.582509624447631040e+02 2.642367239808904174e+02 6.783239498639070462e+02 2.143064714213142281e+02
9.982000000000001982e-02 3.997591533203972176e+02 3.878212573372887846e+02 4.973814181290152874e+02 1.276065123350089792e+01 7.660948055788554711e+02 3.929597272687827285e+02 8.898249403182880997e+02 6.966131122017119424e+02 2.965061479948814167e+02 4.976112064396165238e+02 6.712608815313355990e+02 3.662841196209384975e+02 4.023453788785988650e+02 5.314183124334381318e+02 2.592072041265745383e+02 8.702518696901925068e+02 5.944243704934648349e+02 2.430048781155122697e+02
1.947799999999999532e-01 9.072896138800427934e+02 4.677342228888065847e+02 3.153694844126491716e+02 5.022605309411013650e+02 5.688608547217575051e+02 2.203045573805649155e+02 1.135716664770029070e+02 8.215163312693400712e+02 2.057538208502569432e+02 9.480180595423473733e+02 1.919920833993013787e+02 3.192458592365474033e+02 1.782214006004216742e+02 1.058759204244228158e+02 1.566307606085020723e+02 7.975359882604560653e+02 6.122290554999372034e+02 3.021379369403697410e+02
1.121400000000000174e-01 5.210635789648438276e+02 8.249980773066305346e+02 3.787205669216568822e+02 2.830238811244565227e+02 5.744149299585443735e+00 3.665159859239336129e+02 6.583224786943376330e+02 1.693164190250494698e+02 4.054151518116728425e+02 4.089222052306255932e+02 9.139604451239800937e+02 4.184978947756081311e+02 9.790393216970703634e+02 4.763946645860842750e+02 4.581519660852021616e+02 5.738184559379076290e+02 8.190141697014598776e+02 1.548547932810589600e+02
1.928999999999999604e-01 1.630049914275391529e+02 2.242971817045020089e+01 4.115716462527342969e+02 1.652868347011137757e+02 5.999533398524025642e+02 4.583555778774744454e+02 9.294630302210738364e+02 2.882674774524997474e+02 1.692264712529046733e+02 4.212287196210483557e+02 7.011661371538614276e+02 3.035377763679367717e+02 4.124705231576655819e+02 7.807415225588299563e+02 4.915631875727559645e+02 3.509356804784158612e+01 7.079661144390314576e+02 1.612558969901506600e+02
1.046599999999999753e-01 4.508910650217627563e+02 1.681576755715040008e+02 3.323105742425411790e+02 1.036768841157172005e+02 2.722188302794819492e+01 1.344859339937525249e+02 4.659134129507032753e+02 9.259811311844858892e+02 4.301724256079605766e+02 6.563958128748328136e+02 4.188211749740813730e+02 1.842785230423314147e+02 2.444908753700187276e+02 1.805197491629996307e+02 3.400154107054065662e+02 8.664684562828997514e+02 4.490104523888592212e+02 3.960948771409390474e+02
1.443600000000000438e-01 4.048282444475828470e+02 1.155698023352146038e+02 2.376880419923789418e+02 1.405576724353926465e+02 9.946140632575587688e+02 1.833095542832570573e+02 8.278483103733498183e+01 3.203482794916629359e+02 3.289787719831322761e+02 6.562166837367544758e+02 4.989468778735985666e+02 3.932048184376371296e+02 1.381218469988555171e+02 1.814161472471370473e+02 4.071226228488502557e+02 5.863976211106055416e+02 9.030543979410306292e+02 1.208941766909987194e+02
1.290200000000000236e-01 3.971900123183826850e+02 1.595525292130865012e+02 3.903697462256562289e+02 8.624777148514242526e+02 6.233272702682866111e+02 3.736572417887289248e+02 6.681516527436988326e+02 7.524426671071839792e+02 2.345459719492700970e+02 7.972327476218454194e+02 1.405939499398137684e+02 4.058639730868538322e+02 7.899836243852265127e+00 5.172056178822946322e+02 2.338626007417334449e+02 4.409346063121238899e+02 1.089958334374164792e+02 3.572986463510366093e+02
1.579800000000000093e-01 4.598456338849208578e+02 8.763913653954135725e+02 2.849326736099865229e+02 6.226648814788633217e+02 8.613063947322997365e+02 3.383100064715749795e+02 9.258646043708127991e+02 3.406561268494981505e+02 2.541510489735665601e+02 6.829375302429415342e+02 6.742717490088277827e+02 3.704456592406022537e+02 2.735598778219797396e+02 8.788123185171514251e+02 4.496565275551670879e+02 3.080185350931249104e+02 5.299719312979050301e+02 3.749156515413146735e+02
6.691999999999997950e-02 3.611132250296069515e+02 6.121848356170861507e+02 3.581862922980358803e+02 6.973006822621273386e+02 9.130367365081460207e+01 1.843798112543865955e+02 8.705238653563055777e+02 9.481320038838647690e+01 3.184234275514887713e+02 1.209168800644513340e+02 3.486241474091032160e+02 3.260954901001309736e+02 8.604367446198459675e+02 7.992078601127471984e+02 3.489855008818868214e+02 3.203396123603111505e+02 4.908502576880155743e+02 1.143391700616332827e+02
1.775400000000000311e-01 3.120856412386041612e+01 2.379470880141425368e+02 4.462545608492084170e+02 5.928471154926305644e+02 4.328187458824269811e+02 4.322818694142312097e+02 8.129947413105824126e+02 3.823575294180220112e+02 1.201853800660279603e+02 2.504240379452659226e+02 1.892507624644120767e+02 4.824515959784301913e+02 7.837591272490606116e+02 6.925412242879049245e+02 2.675926131763642388e+02 3.622727933804955569e+02 3.981431771209439603e+02 4.552626115822368433e+02
1.048000000000000043e-01 6.215043388661318886e+02 6.942766820112099140e+02 2.199371003362075214e+02 5.088851897711302854e+02 3.497694242858149209e+02 4.119366681649516977e+02 5.408443461892765072e+02 3.440179580491732168e+02 2.561690802422235720e+02 2.914778653617032660e+02 2.026231827006671438e+02 2.348114502155374339e+02 9.740871805651726163e+02 2.491025784086189390e+02 2.447357090077038038e+02 1.939401688918404147e+02 8.382165954073635703e+02 2.903591130198336714e+02
1.812000000000000277e-01 9.435031143712899393e+02 2.117831189174277142e+02 4.717953069960605035e+02 2.027578612178247965e+02 7.218968052913203337e+02 4.395476237441774856e+02 5.960986454946880713e+02 4.393513796420612607e+02 1.154326922994554252e+02 6.117728314913276790e+02 6.558961486467286477e+02 2.902359320224280737e+02 2.644763604070776637e+02 5.322330995847687518e+02 2.844605107874300529e+02 6.426279693548412979e+02 7.353175597465143483e+02 1.591761975787303527e+02
1.637199999999999767e-01 4.359492893116610617e+02 5.311124711041363611e+01 4.336538950027373858e+02 4.797609912862660622e+02 3.288464625427631063e+02 2.106118195637508279e+02 3.333610627633345302e+01 1.324182840328041664e+02 1.397431110784106920e+02 6.409175826265092155e+02 9.192913290801809580e+02 4.274224314883171019e+02 4.827745912057869191e+02 4.850610844600088853e+02 4.167975445687576439e+02 1.053639232086658382e+02 5.045478322361480537e+02 1.119106921421990535e+02
2.448000000000000176e-01 5.459561904919067956e+02 8.172381714180185099e+02 1.178606405888997415e+02 6.136360666479720294e+02 1.336103334925623471e+02 2.413409846228511810e+02 8.912239410397627353e+02 5.665246118387966590e+02 1.441912987494608558e+02 1.992749182368845879e+02 2.208046164288795978e+02 2.251496807377324672e+02 7.557759943783103154e+02 3.210555375651528038e+02 4.302205037509306180e+02 2.083959846085754464e+02 2.880314400008949747e+02 2.328364798578393220e+02
9.133999999999997677e-02 8.888726980993976667e+01 4.225854893210675414e+02 1.537636860718812386e+02 5.643177330987015239e+02 3.166820083073179717e+02 4.752940408797946930e+02 3.906332049107263771e+01 6.867359760721525390e+02 3.136155653349686645e+02 8.651577860771130872e+02 7.765536893915383416e+02 2.735915252760922840e+02 2.332576619657078609e+01 1.792701323793607457e+02 1.568066861248549344e+02 1.328708847302894185e+02 1.070089707344583587e+02 3.561651151489717222e+02
6.511999999999995570e-02 3.188376742941396742e+02 9.672366649809434875e+02 3.319293447299307900e+02 6.226811470006230138e+02 3.296262292099860360e+02 3.789882006841278326e+02 6.825953491345012480e+02 9.360636590016531500e+02 2.530600645335803165e+02 6.455725976894196094e+01 9.088663919957242570e+02 1.551609201321684566e+02 4.254565441449705077e+01 3.475584723432717738e+02 2.421124989989221774e+02 8.600098670151984379e+02 6.683211426145097676e+02 3.838647623605060630e+02
1.979800000000000448e-01 5.441807764699954078e+02 8.010059993109314291e+02 2.692102650097202741e+02 1.193450764604863110e+02 2.728082956293307575e+02 1.303027038396543844e+02 7.017324045302856348e+02 8.659732523419392010e+02 2.977653937557357153e+02 7.068722852600874376e+02 9.253127433361203202e+02 1.043695479717304124e+02 5.947720764593721015e+02 7.246853569732481049e+01 4.227110048052899174e+02 7.512086202417885943e+02 2.218659426377231796e+02 2.857585323353678746e+02
5.940000000000000835e-02 6.703174308220092144e+02 2.928357273258195050e+02 2.160495896872143362e+02 7.324560828505520931e+02 8.314097676746771413e+02 4.040366831878243943e+02 1.785554689216590702e+02 1.156355450862374141e+02 2.143009118354501652e+02 1.066159454121228265e+02 7.732360716516809589e+02 3.317576940101581613e+02 5.316990969556757136e+02 3.037375005108069672e+02 3.551234995289602239e+02 3.025048651770036940e+02 7.889703069370249295e+02 1.260156237622985600e+02
1.531000000000000139e-01 3.344984742344477127e+02 2.788336614930115047e+02 3.763198481705450718e+02 8.628031977423358967e+02 2.477912893089310273e+02 3.048596607441805872e+02 7.219030776523793520e+02 2.966842374636945578e+01 1.255137476575318090e+02 3.868353167334484510e+02 6.746816647841591248e+02 3.126127339868655781e+02 4.480567828697529649e+02 8.630985941000847106e+01 2.552081414141069047e+02 8.186880899551524635e+02 4.374118418563490422e+02 1.787151208816185317e+02
1.348399999999999599e-01 7.300661975966539785e+02 7.752249890287972676e+02 3.237395162363611689e+02 9.494661901935461401e+01 8.890037285035649575e+02 1.839564610346813254e+02 7.171924709068764514e+02 4.426163509181221798e+02 2.746091572274880832e+02 3.987347315786513491e+02 9.241729974226022932e+02 3.050227291454834813e+02 4.767286985114776598e+02 1.695379683083072280e+02 2.823143610020850360e+02 1.003473573662764693e+02 6.828393983376296319e+02 1.927579798594761940e+02
2.825199999999999934e-01 1.425730882310542711e+02 8.958926255509484236e+02 1.639079749356815796e+02 3.907604883262118847e+02 9.915726695822139618e+02 2.876475432590804076e+02 3.749387275864434059e+02 6.838972537704433989e+02 1.004398500773262413e+02 5.884898251434924532e+02 5.413784470349710318e+02 1.321356273389480407e+02 1.890670190250265250e+02 7.807471381978764384e+02 4.415300202114996182e+02 7.143965142325030229e+02 3.470192402450970235e+02 3.242574367765312218e+02
1.353199999999999958e-01 5.827342826799707609e+01 6.525061432739898919e+02 2.091077008566941231e+02 8.530633369720845849e+02 5.244733045748404265e+02 1.527756299996187010e+02 9.224657003296263156e+02 2.213208967133060696e+02 2.471685237368231753e+02 3.615440259258596143e+02 8.460768934391226139e+02 3.741599066188738902e+02 3.695637640327926761e+02 1.537649328387020091e+02 1.685401534561707990e+02 9.671681764562102899e+02 8.766663246519034374e+02 3.924711904170658272e+02
2.752599999999999492e-01 7.264587072715744398e+02 7.830538467534239544e+01 2.208634149798110684e+02 2.828479589405150705e+02 1.090798343356378837e+02 2.481393575320169020e+02 3.484969003850718536e+02 3.653086697221083341e+02 2.307063586780444950e+02 1.349771479321163383e+02 2.815869292643704966e+02 1.580185982933319337e+02 3.171250988119658700e+02 9.205421310590874100e+02 3.415396845270936979e+02 3.657178504056557813e+02 3.020195786991973819e+02 2.745549534804299583e+02
1.897999999999999687e-01 9.034781450546456654e+02 1.704324214166005049e+02 1.587654339121290548e+02 2.004854449756289512e+02 6.088535542745443081e+02 4.212659905342430875e+02 9.310945546130096773e+02 2.867957117030980498e+02 1.142031617434487032e+02 8.186243880539850579e+02 4.175372616520145357e+02 3.010879202520301305e+02 1.651276269854068346e+02 5.396199548487538777e+02 2.843395066901834412e+02 7.421854929414266735e+02 5.967809729797781984e+02 3.864586114074497232e+02
7.854000000000005421e-02 4.991523143214512288e+02 3.663622575912029333e+01 1.671480566008148116e+02 3.160067716658454628e+02 9.128988389296716832e+02 4.362116800490575770e+02 2.781132493344558725e+02 2.841172828053658463e+02 4.691094051099943840e+02 7.849500698075622722e+02 7.266640190038876881e+02 4.114544702550271040e+02 6.545187667250623917e+02 5.788331035125786457e+02 3.870176468785069801e+02 2.974303279983256516e+02 1.659199133921065368e+02 2.673804958804008720e+02
1.468800000000000106e-01 1.854029544638703442e+02 8.537783738834797305e+02 1.562604602215321847e+02 1.939104174643793215e+02 1.616053537943277263e+02 4.180916478841666617e+02 8.773201842885825954e+02 3.385255183495085021e+02 4.603204548895945436e+02 8.629901571313365594e+02 6.725583937108124246e+02 1.691545779554115256e+02 6.667302507781912482e+02 5.424275560397995832e+02 2.097262554960285854e+02 2.383806933996409612e+02 3.618072555785056821e+00 1.281520168458773128e+02
1.404600000000000293e-01 5.154355311106911586e+02 2.525179625043433873e+02 4.807640529679470660e+02 9.982325046811774882e+01 3.839267771569151364e+02 4.222269259167459836e+02 1.340211145404517765e+02 4.744727442397747836e+02 2.068417613310660954e+02 2.483483414853679108e+02 5.425659552724438299e+02 2.992641397496125819e+02 9.590831439613116345e+02 9.584802841656103283e+02 2.840985320731484194e+02 7.753415513474883483e+02 2.854532014652207863e+02 3.449630045547802979e+02
6.367999999999995886e-02 3.525436712935192531e+02 6.162763103253274721e+01 3.161831035650965305e+02 6.776348058405066013e+02 2.572675624462501673e+02 4.470218988280348640e+02 8.507575974513385972e+02 3.734566071358477757e+01 1.610462872020848124e+02 3.249654646723296310e+02 7.687662644782112693e+02 3.496571259622261891e+02 6.673249195231751401e+02 6.051024106877728173e+02 4.149164376936089980e+02 4.455649377471422099e+02 2.195378128492575343e+01 2.760734722821709966e+02
1.177799999999999958e-01 6.666880213195884153e+02 7.589350981522610482e+02 2.913536526450147903e+02 3.544417990764071646e+02 6.972395387550533314e+02 4.318057465891561719e+02 6.976637411054475990e+01 6.247137593972815921e+02 2.403412657546422224e+02 3.363494135873128243e+02 5.217235437677938990e+02 1.096776200344266670e+02 2.749194572084118136e+02 2.458701891691191861e+02 2.909906380197115823e+02 9.039372854167919513e+02 2.961631016907709864e+02 1.195601942229091605e+02
1.278200000000000447e-01 3.920741916301022911e+01 9.337950219043531206e+02 1.596860803967191487e+02 2.683374504954134636e+02 2.002093528731764991e+02 2.883168395555719030e+02 8.719777733196340250e+02 4.496420951372595027e+02 2.762243261038425999e+02 1.993872308721582272e+02 4.541640324263112802e+02 1.148914060398768129e+02 4.281640916356303705e+02 5.358805323381081962e+02 4.662441418684163636e+02 5.201266322163701261e+02 2.832307887767462375e+02 3.525528795739049883e+02
1.361799999999999677e-01 5.806176305452715951e+02 8.142882923716025516e+02 3.726915064145122756e+02 6.285454524824776854e+02 2.799887459550365065e+02 2.900842848801683544e+02 2.693338412667966963e+02 3.001094806629561731e+02 2.265947292311000183e+02 2.198387559858072677e+02 4.812856070020907850e+02 2.175126791421199073e+02 3.441785302575092373e+02 2.400970997492487413e+02 2.017441385126157058e+02 1.045356722609629401e+02 1.779680447979264954e+02 2.438270701220320973e+02
3.076799999999999535e-01 6.231951936806090941e+00 1.667203094109426331e+01 3.413800999078267182e+02 1.687759035613630658e+02 6.400925525570324908e+02 4.675494594475916870e+02 1.481750992573620351e+01 6.927757836477007913e+02 4.668329214552080089e+02 2.506118351695924673e+02 7.159093597472356123e+02 3.503233640812847511e+02 5.864804958841780262e+02 8.541680006828365777e+02 4.584120127691763287e+02 6.130954904448733487e+02 9.670815680174837325e+02 1.700613522121017809e+02
1.550200000000000466e-01 2.005803527503742316e+02 8.109046945883761737e+02 4.008813079409731017e+02 3.828319437731371409e+02 6.426636413223892532e+02 4.640334392493844007e+02 7.835446729381651494e+02 1.310052152901961620e+02 4.523909397306479150e+02 5.128250974098572215e+02 4.288948401406900643e+02 1.976169986418568101e+02 8.912116335593725580e+01 6.756784053736230362e+02 2.178869221479559144e+02 6.572040915935789371e+02 5.554094355062063642e+02 3.696112873853676319e+02
1.069799999999999640e-01 7.956210144748304174e+02 7.581972937863782818e+02 4.719715344266992361e+02 1.794599709144807491e+02 1.917911485611473097e+02 4.950754459356244865e+02 4.793193295243006560e+02 5.710309741561856072e+02 3.112313103896671009e+02 2.140693186556318324e+02 2.234791950194114918e+01 1.586910476002918813e+02 8.425780643036374613e+02 1.049434536538550446e+02 2.028794000180773196e+02 3.838875967503666402e+02 3.511179738273614248e+02 1.993968378412874358e+02
2.480400000000000382e-01 4.867251039199499019e+02 9.105054145050918351e+02 1.876986850559595155e+02 4.299080273563790797e+02 4.795563615113524065e+02 1.697392664205868300e+02 7.938608324664867268e+02 8.029765384556221761e+02 3.724800133553171122e+02 8.394963121557871091e+02 5.600734415312218744e+02 3.951765303291585383e+02 6.158395940724871025e+02 3.469928402687195899e+02 4.714232616257564246e+02 6.376118729556449125e+02 5.223096863509063041e+02 3.738150305954199553e+02
4.596000000000000085e-02 1.493037259456856418e+02 3.541237533993968327e+02 2.377809973815809883e+02 3.062180934392428640e+02 7.242160096269553833e+02 3.237238567464034986e+02 8.824862797773160992e+02 5.171902848966661850e+02 2.692749442573389160e+02 1.145757986398365773e+02 5.637714373683775193e+02 1.992729738197685947e+02 6.329361371913171297e+02 9.495450173192783723e+02 4.106184769495212095e+02 7.717317164665345217e+02 2.198181655216961872e+02 3.488303545239563732e+02
2.365800000000000125e-01 2.617847348975340083e+01 5.301843088916301667e+02 4.121408683464196088e+02 8.811819069766399934e+02 7.623729080853322557e+02 1.035347418190460616e+02 4.300385755751355532e+02 4.273737623167123161e+02 3.315350868225268073e+02 7.169014949656921090e+02 8.788222785390807985e+02 4.070435277050499963e+02 2.062984359030368751e+02 5.250658922710455272e+02 3.136038011784123114e+02 5.233452035775277409e+02 3.076845635745830805e+02 1.887187126404658102e+02
1.905200000000000227e-01 6.775795665899639744e+02 9.988780632264580390e+02 2.313873955522031736e+02 9.537236328674713377e+02 7.390522295710969729e+02 2.475269841605891941e+02 3.329187288050542293e+02 8.595667565111050408e+02 2.361221526275703013e+02 4.945354339858504318e+02 3.289748742243887705e+02 1.108890910024033190e+02 6.084285732823281023e+02 1.903830661101126793e+02 4.121779726264491615e+02 6.962761575442802950e+02 7.477007703285461275e+02 4.765207411175889547e+02
1.853200000000000403e-01 4.862439741146863526e+02 1.845238403989038432e+02 2.776436020845718531e+02 6.866360280802230136e+02 9.910450273900482898e+02 3.077125156618375854e+02 6.318260851295291332e+02 3.146872656656529443e+02 1.900170941250495957e+02 2.662251429472247537e+02 7.169961924258072941e+02 2.551532862629548504e+02 8.464063797613282532e+02 3.091583477560382107e+02 1.452696469373678383e+02 5.707631773902726309e+02 9.889405175424419667e+02 3.797443294992581855e+02
1.710800000000000098e-01 8.729603027392969352e+02 5.777131939977731463e+02 3.046578705650017014e+02 7.273036538561393627e+02 2.734399379526291796e+01 2.451090876726943861e+02 5.631190278341093745e+02 8.523593680694906425e+02 3.214412045596834560e+02 6.455354530239688984e+02 3.340593536337265164e+02 2.646356430873995578e+02 2.735814438536491480e+02 1.605464293481010429e+02 1.744622419233612334e+02 4.834429706993121272e+02 2.029241113864005968e+02 4.648700969220026309e+02
9.970000000000001084e-02 7.572412946927925077e+02 9.405397842458296509e+02 4.797405887649535998e+02 2.206743330105825862e+02 4.510199978434904438e+02 1.825256802544537607e+02 7.064881992392096777e+01 8.151368375523306895e+02 1.066974681693541100e+02 7.410909553736961470e+02 6.492513405512020199e+02 4.357032162404408382e+02 4.934881067827477636e+02 2.242411599600949330e+02 4.351021697995709019e+02 3.825008636368635280e+02 3.563570428681075555e+02 3.263049734571765157e+02
1.413999999999999702e-01 1.027426401360610413e+02 4.096205936198535937e+02 4.468735396469926968e+02 9.526038383827669804e+02 7.600595285027744694e+02 3.895757456759473030e+02 1.153876578632240246e+01 1.987696897518986816e+00 1.111853698883936516e+02 3.855434504719941060e+02 7.640040784067153936e+02 1.267161169815364588e+02 6.039068760832415137e+02 2.733313046227279415e+02 2.142065516104830465e+02 4.913044858720352295e+02 3.947593449468557196e+02 2.185189202013000340e+02
1.616999999999999549e-01 8.162541111483766372e+02 2.652518053745454267e+02 3.092174599188350044e+02 5.519028397726626736e+02 8.104606966485689554e+02 2.909496406839355132e+02 6.332694881509988818e+02 6.444550962353698651e+02 4.729534598263448970e+02 2.583348186879164032e+01 7.120535559308368647e+02 4.811647331177509841e+02 9.964843979505401421e+02 6.688168086247297879e+02 2.645767790560544768e+02 1.846600740398731659e+02 7.729156431513210919e+02 4.928514232191419069e+02
2.273800000000000265e-01 4.020807747925585431e+02 1.575217152120733601e+02 3.201825889637731279e+02 6.131254742892726881e+02 2.056861348619935086e+02 4.057085704968103528e+02 7.147663873103723517e+02 1.736284405616958963e+02 2.124809648152233876e+02 9.296496951565085283e+02 9.006119326701190175e+01 4.417245221520381619e+02 5.513817950235227272e+02 9.129369322324344012e+02 4.022958634445516282e+02 4.438778116831431362e+02 8.497516156774711362e+02 1.778288034494306089e+02
6.271999999999999797e-02 2.899637629466086537e+02 4.993690096807780492e+02 2.047940387705479566e+02 4.722463950827166173e+02 6.649248841481529553e+02 2.921054944152979260e+02 2.829605225442841174e+02 7.484746210101568522e+02 3.798307847804455832e+02 3.453797815902250363e+02 2.980719961972552028e+02 1.798170263819702086e+02 7.227575268779885391e+02 7.266012121646394917e+02 4.561311999041350305e+02 7.502291033123860871e+02 6.178348980190173734e+01 4.799209513186894469e+02
5.989999999999995328e-02 9.166562045252376265e+02 2.763003822899231636e+02 2.995824165268103343e+02 3.388506061408329515e+02 2.135669165972570056e+02 3.920350434705359248e+02 4.307240373940770723e+02 6.566262594883115753e+02 4.988031084227176848e+02 7.556201785056548488e+02 3.039360959417659842e+02 4.602113903115767357e+02 6.879057613989409674e+02 8.971792448719165805e+02 1.480968643343988447e+02 4.465006921501038164e+02 3.147281515157218905e+02 2.431848116686300045e+02
7.079999999999997407e-02 1.194490314894763827e+02 2.814807463198938535e+02 3.555361766644870158e+02 4.623774699282524807e+02 6.958738018813625104e+02 2.961163435360643916e+02 9.138058680203848780e+02 7.408245694337285840e+02 3.927175973554381017e+02 3.544275628537979514e+02 8.662090943237265606e+01 4.003068000308520595e+02 6.805073050606927154e+02 1.433171775460011474e+02 2.618593464469731771e+02 7.376047876823505476e+02 2.497588979023683748e+02 1.649239964848642046e+02
1.328200000000000491e-01 9.438661704319936234e+02 6.075341546898796423e+02 4.164385061295058108e+02 6.952888196309115756e+02 8.521492883342191362e+02 3.481931487492705060e+02 7.215812231037871243e+02 6.124411414837240955e+02 3.610273012340305172e+02 5.553653903594754411e+02 8.049278790645205390e+02 3.465046468298571085e+02 2.617029758870643832e+02 3.403018822600906788e+02 3.230208817090979210e+02 9.294477929771466052e+01 6.196909876213969710e+02 2.818557109651113137e+02
6.111999999999995214e-02 3.581626028781226410e+02 3.109444243534592829e+02 4.020414546827309437e+02 6.773518622892919439e+02 5.393290071892079141e+02 3.898224713529537553e+02 7.562410123995872482e+02 6.038082210314632903e+01 2.981744040160449458e+02 2.884896003400784252e+02 7.601987777725632895e+02 1.772932329447946245e+02 7.692214612316265629e+02 3.046079727446707466e+02 2.769919115350912762e+02 6.687500988941768583e+02 9.507103505757229414e+02 1.857182549782801857e+02
1.080400000000000249e-01 1.261629988092453090e+02 6.451178101242337561e+02 4.356951653559484043e+02 9.299394487024308091e+02 4.237489153498987662e+02 3.981033277596205266e+02 8.001058614539456357e+02 3.865189384100556822e+02 1.175810183262707511e+02 2.501413029883388219e+02 8.574877330110730611e+01 3.337571033320975857e+02 2.488080187118937374e+02 7.697163017595627252e+02 2.110865028283643881e+02 9.614332339510890506e+02 9.958845289428194292e+02 2.875756045260175142e+02
9.694000000000002615e-02 3.918143497583955650e+02 4.413843062270627229e+02 4.670451906521215051e+02 1.440376638646428660e+02 6.274163540851707239e+02 3.585439949169988836e+02 7.703057884239088935e+02 7.167871402367079554e+02 1.222701470611456926e+02 1.929133302942375963e+02 4.565255266656890853e+02 3.940639515051536819e+02 8.795721150680177516e+02 2.870284639572810192e+01 4.149180919287005054e+02 3.275551434845130530e+02 8.668707339890273715e+02 4.510053417444187858e+02
6.840000000000001634e-02 5.151283658418036566e+02 7.596826032757051053e+02 4.797390553803998046e+02 2.347780976315980581e+02 1.923093699344495917e+02 4.968297228314892777e+02 2.969825599874402542e+02 3.374926006766032494e+00 3.241110968493375140e+02 6.324085816947144849e+02 2.393876250346303891e+02 1.493013127046099271e+02 7.492034305330845427e+02 6.852198439515451582e+02 4.056970500818302980e+02 6.343873559504378363e+02 2.891212325288834677e+02 3.132571916365299671e+02
2.016799999999999704e-01 7.658149427607334019e+02 3.741109916079431059e+02 1.750250638959968796e+02 6.821610098294281670e+02 5.443802059592736668e+02 4.728810215348884185e+02 3.260617030998790824e+02 4.253393759678168635e+02 1.002290282691087810e+02 3.054798230863151502e+02 3.417568225162887074e+02 4.072084785251885251e+02 3.862507230888834329e+02 3.379529830844100502e+02 2.254868123862267453e+02 4.674097620933116559e+02 2.545969112886177754e+02 3.645851128492622593e+02
1.196800000000000086e-01 8.211877417571747628e+01 4.031913574093097168e+02 4.734944576486617507e+02 7.234544705330425813e+02 5.498459659025068049e+02 3.407077014210565835e+02 3.274369354595426103e+02 1.957302349149945826e+02 1.596347288925148575e+02 6.266945038619281831e+02 2.716043992098116746e+02 2.660031191846480851e+02 7.704919249852489429e+02 6.700538708582943173e+02 4.510348712415266164e+02 9.559264965712940239e+02 6.010091118731062352e+02 2.126535839380856316e+02
1.574200000000000044e-01 9.189043343438938791e+02 8.477990555221913382e+02 1.475629070907320965e+02 4.029765959376353521e+02 5.557874394074852944e+02 3.750199432289338120e+02 6.214646842194390501e+02 2.310980122972861039e+01 2.528202325497271090e+02 5.182344519873749533e+01 9.164259256446541713e+02 4.283991429200467564e+02 2.230858680670745287e+02 4.980090109652103365e+02 4.728446165191767818e+02 3.970386891923249806e+01 6.075859422296725398e+01 1.037745313617214151e+02
1.327000000000000401e-01 1.987553776325186163e+02 8.289996661781331113e+02 3.937527176359837426e+02 1.845398554999709972e+02 9.314558052316044723e+02 1.760305106291543780e+02 6.582404173383370107e+02 4.562415174468163741e+02 3.978563613837474691e+02 8.548906946595089948e+02 3.694976301183506848e+02 2.181828553801020121e+02 6.324504982234113726e+01 1.112580048094027347e+02 4.598482802120477118e+02 1.313198806405378889e+02 6.785767537996639476e+02 4.940800189047550930e+02
9.530000000000005134e-02 5.350524137175405315e+01 5.569351048838719862e+02 4.458981211844559880e+02 9.012148503440952254e+02 7.735613330648734518e+02 3.688311498633460701e+02 5.066180190217589825e+02 3.654824157785582202e+02 4.339225909123744032e+02 3.901457083140113014e+02 5.475632187723181232e+02 4.879158230873979392e+02 9.817347931974529374e+00 8.465884381154187395e+02 3.099042049720043224e+02 4.873702872612314536e+02 8.299553442621893282e+02 3.709320997117204115e+02
1.820399999999999796e-01 4.662171579780407455e+02 6.020851418511210795e+02 2.346924399480730301e+02 5.506560509216085393e+02 3.588688747325687700e+02 4.442196997564603294e+02 6.226415069215483982e+02 6.869548985067862077e+02 2.467559878690169626e+02 4.988321892290039727e+02 3.205923588787894687e+02 3.947421572429784078e+02 8.159339399204840220e+02 9.201763979225578396e+02 4.542183446225351418e+02 2.673985718632794146e+02 1.157583564904424094e+02 4.127199563923757637e+02
1.276800000000000157e-01 3.079966679751633478e+02 6.449599982023428311e+02 2.923977847125968310e+02 6.260664175634306048e+02 8.470600356691027173e+02 2.184515378328747488e+02 3.760038387432161926e+02 5.611518055289367339e+02 4.179030537510421937e+02 2.420168519628929857e+02 4.968618682439907843e+02 1.708835438417045225e+02 6.883494514810448663e+02 2.920255280642334696e+02 3.342678705256071225e+02 9.143286919873301031e+02 7.280456384724469672e+02 4.007724193413711760e+02
9.506000000000003336e-02 5.521828736921105474e+02 8.107020780868823522e+02 4.092941414489640124e+02 8.392413977117421382e+02 2.252827217284318237e+02 3.290451092726435149e+02 1.728933136858353805e+02 1.496844329205633812e+02 1.260904964768391210e+02 3.414984424057042816e+02 9.997775919224549170e+02 1.947023340187909923e+02 2.233367369647610872e+02 3.896481651944151281e+02 2.257089280438622723e+02 8.215742571483125403e+02 4.738395749685010401e+02 3.161023585989480580e+02
