1.581399999999999473e-01 4.496706654871874775e+02 6.508345063981265639e+02 2.144900629710828071e+02 4.097069399533748424e+02 3.796052413185886394e+02 2.620366260004024639e+02 6.591419754052041071e+02 6.808965233858231159e+02 3.261781909169454252e+02 7.750585562855573016e+02 9.025890785238250373e+02 3.764727596083763501e+02 7.544506628149117660e+02 2.790856795571526732e+02 3.123530907613187537e+02 3.521820200187288492e+02 8.035095874707577650e+02 2.034253964814411404e+02
1.318000000000000282e-01 3.377275018597511576e+02 4.142085930883366132e+02 4.328071182056299904e+02 7.784802736487889661e+02 8.388308084110755090e+02 1.742143384688446304e+02 6.941010784320110361e+02 8.833977953995953385e+02 3.466022681348763967e+02 8.421443537440401315e+02 4.925493495776754571e+02 4.181961044221632733e+02 1.597245042417549143e+02 7.944790210829370380e+01 1.607458829911425369e+02 5.923159475653073969e+02 5.336190296162480990e+02 3.619222038848311627e+02
1.860600000000000032e-01 6.261974059780500284e+02 6.657385142688044652e+02 3.621189979831425489e+02 4.302447575134344220e+02 4.143990644512056747e+02 3.180020261473428036e+02 3.164438320560229272e+02 6.249033064250761527e+02 3.468057139115106224e+02 5.587078156611639770e+02 2.927302465241953087e+02 1.213206827687506575e+02 1.086087939739562387e+02 3.857943484427194676e+02 2.169149126579850133e+02 2.087819907127719432e+01 9.446622918730554375e+00 2.853010611942463015e+02
1.925200000000000244e-01 1.975222290440768802e+02 1.290246586109201132e+01 3.524404363231977868e+02 6.571547153384286730e+02 6.866653889119091900e+02 2.572546788231152277e+02 1.661456345402002626e+02 2.410488687780714088e+02 2.908693725648436725e+02 3.106074228687915593e+02 9.160989772580221597e+02 2.786103252914491577e+02 9.698685811960634737e+02 8.021618122331893801e+02 3.461128200248326721e+02 3.014814671997459072e+02 7.300689220003926039e+02 4.826610292942409046e+02
1.739199999999999635e-01 5.452366609351287252e+02 5.100921577793745314e+02 4.549543024553952364e+02 4.766070891994468184e+02 7.001332160052692188e+02 3.613581324388301255e+02 5.185547353785597124e+02 6.304282719489486908e+02 4.173246581392597818e+02 4.700679388761598716e+02 4.640918116170903431e+02 4.332732602551217838e+02 1.357484077904085780e+02 6.558719522338283241e+02 2.222557720423891112e+02 9.582870889915586758e+02 1.194879941275319766e+02 2.714739913353650991e+02
1.250999999999999890e-01 1.601851693630885620e+02 4.796393978461140932e+02 1.567018921532486786e+02 3.264855531445102201e+02 7.376631830047333551e+02 1.591025530616816752e+02 8.490411713570035772e+02 7.477093192943930262e+02 3.314044038553229257e+02 2.239485310191172687e+02 9.990400891703387742e+02 1.875666549456534256e+02 5.991784027657583920e+02 4.012011334408116170e+01 2.667226933236827335e+02 1.905689848435285683e+02 1.864977706276282845e+02 4.043299387704473702e+02
1.080200000000000049e-01 8.211877417571747628e+01 4.031913574093097168e+02 4.734944576486617507e+02 7.234544705330425813e+02 6.930405124435320658e+02 3.407077014210565835e+02 7.741928503032254412e+02 1.957302349149945826e+02 1.596347288925148575e+02 6.266945038619281831e+02 2.716043992098116746e+02 2.660031191846480851e+02 7.704919249852489429e+02 6.700538708582943173e+02 4.510348712415266164e+02 9.559264965712940239e+02 6.010091118731062352e+02 2.126535839380856316e+02
3.151999999999999247e-02 2.858121036009696354e+02 5.805936586962467345e+02 3.873619022695587546e+02 2.445648066808030592e+02 3.266481178143776276e+01 4.674323235335241975e+02 8.141868925778655921e+02 7.086562885641770890e+02 4.816084286466524418e+02 7.690692516653028861e+02 3.916003578364753821e+02 3.420565837102301430e+02 7.812325346639762529e+02 3.452775388205217268e+02 1.873226839360510212e+02 7.408360934992540479e+02 2.327664018465795834e+02 4.076542145394632826e+02
1.084199999999999608e-01 4.469145658008773125e+02 4.726445840505810736e+01 4.639575223685937431e+02 9.653268083439990050e+02 2.619522785135505387e+02 4.827611412162644910e+02 3.543490171944628742e+02 1.028943671044742985e+02 3.561350291834500013e+02 3.390937564593057232e+02 5.913218738615213397e+02 4.559595445944824519e+02 3.523893822016664785e+02 9.760468957864916320e+02 2.512486664468455331e+02 2.246351235237691242e+02 9.647481522944818835e+02 1.499739623143114784e+02
1.086399999999999588e-01 2.826872529716445115e+02 7.670815180038176777e+02 3.838979961938042607e+02 5.719342290649842653e+01 1.208277643691257879e+02 4.622247546698263250e+02 4.496182372551591584e+02 3.572884826628296651e+00 1.053511469641777865e+02 6.511664852707773434e+02 4.176185555388881312e+02 2.321908338600367756e+02 4.395656348094866530e+02 7.846730330106349811e+02 2.451650188189528023e+02 7.186141068088438715e+02 2.153761741569155106e+02 4.413116826916175910e+02
3.340000000000009628e-03 3.034104666488580051e+02 3.560132289516529340e+02 3.569810908584295248e+02 5.324040865804602163e+01 8.845788938209624348e+02 4.433524955322676533e+02 9.118584369974947776e+02 1.881899819274427159e+02 4.240873649313327292e+02 7.223864217814125368e+02 8.190045220790882468e+02 2.699788115100636787e+02 2.445021101311633061e+02 5.374862548191965743e+02 4.224300492956306243e+02 3.186396477915831724e+02 1.212080260493645909e+02 2.873122683113412563e+02
1.245000000000000551e-01 1.081321276870607448e+02 8.168807106002287810e+02 4.471251349486136064e+02 1.940804900246749867e+02 2.847774821425938399e+02 4.901751971549151676e+02 4.952949195361773036e+02 3.815458237080005688e+02 3.707452309093721396e+02 3.310191747630078680e+02 5.330725107845647699e+02 2.871915257026674340e+02 8.010645119868036090e+02 8.740926165286484775e+02 2.133185363240365291e+02 3.361894827809106800e+02 2.048261062120875806e+02 1.923327759777466781e+02
2.089199999999999946e-01 4.734053171843145833e+02 3.416769183252030189e+02 3.803209581717804895e+02 7.989011018296910152e+02 9.040719340170888074e+01 2.980879520082544332e+02 6.257598608301130980e+02 5.725695768050820789e+01 1.891695689499759112e+02 1.796806053999813457e+02 8.605978717706066163e+02 2.144003805462462253e+02 1.649883249246721562e+02 7.625725801188698370e+02 4.075907341834378599e+02 1.759854213954512829e+02 3.209470369757755748e+02 4.118813270858986471e+02
1.374999999999999556e-01 5.222609940311863284e+02 3.866994173351622521e+01 2.959743043067108488e+02 9.509090531269074518e+02 1.589230915800055755e+01 3.678761230352295684e+02 9.157876047438738851e+02 6.525253002538177043e+02 3.910220551668298299e+02 7.701398759301121117e+02 8.892365036308046911e+02 3.997226450315228590e+02 2.045730613559159110e+02 3.046180288027142069e+02 4.111975269936069708e+02 7.569334042805102172e+02 9.901431874072470691e+02 2.496080087147655320e+02
5.545999999999995378e-02 1.522190547102240998e+01 3.561200451258812905e+02 4.854249608466974450e+02 2.592287048024002161e+02 6.529255157256516213e+02 2.589796176787050399e+02 8.180591982015783969e+02 3.094356237376671857e+02 2.885031685281355180e+02 6.676702335315540040e+02 1.849660113491877382e+02 1.431130455668341597e+02 3.212381432220370243e+02 8.206684218717510930e+02 1.971033798439870566e+02 5.789709406349393248e+02 8.110229920093705687e+02 4.884997398980965500e+02
1.199400000000000466e-01 3.446641351684405095e+02 6.419138033452642844e+01 2.742386114738459355e+02 4.865666287061076645e+01 4.750286252595744827e+02 4.833442524378907024e+02 1.217066426370069223e+02 9.349557840979720140e+02 2.458413196489270831e+02 6.421951107947134005e+02 3.276452176897220170e+02 2.529834630800613979e+02 6.486366673018561642e+02 5.256273540683145029e+02 3.988712760719245694e+02 5.806292765161704210e+02 2.613583042766324525e+02 1.341089269070159276e+02
9.779999999999999805e-02 9.571650197834594564e+02 6.761199692300695006e+02 3.545692116533692797e+02 5.598551829658608767e+02 1.576017344019487609e+02 3.702973093075258930e+02 6.108820798364471329e+02 5.119151075849183599e+02 2.070222614248600621e+02 4.102517669577823654e+02 4.612568078977253663e+02 3.367879851993783404e+02 2.004241717289847031e+02 8.992348365023735823e+02 2.683430384889683182e+02 4.933393957520748927e+02 8.558057816731189860e+02 4.560778226567946945e+02
1.704000000000005510e-02 1.954921384817441776e+02 8.251069684987256778e+02 2.385577429564671377e+02 3.246949874949025343e+02 7.541709371528637007e+01 4.798477564249938609e+02 8.118038265903663842e+02 8.704887729447546008e+02 4.478894765774705320e+02 1.671048083078108277e+02 4.870870009155731282e+02 3.276159436350296801e+02 2.583916497567518604e+02 7.283513396885908833e+02 2.161965457417243499e+02 9.155457958859274186e+02 1.567466723789946457e+02 3.814162589257273339e+02
1.001600000000000268e-01 8.895843346681886032e+00 4.550867161317903538e+02 3.414882731451112932e+02 9.931444025803012892e+02 7.930739387233483058e+02 4.415742664993252333e+02 5.264396774904669201e+02 1.753022645313978956e+01 2.614983526838078660e+02 4.931866187101742298e+02 3.592599164857560368e+02 3.925404560572446258e+02 7.281879962526115833e+02 8.950936403241171320e+02 1.314529528067317301e+02 2.116964559604568876e+02 9.223695155380394226e+02 2.121251838249299624e+02
2.127000000000000002e-01 8.145621543448976354e+02 8.803855027062768386e+02 3.122467634001969827e+02 7.883773447765157698e+02 9.776342805778920138e+02 4.119709226136133680e+02 3.000375432904578474e+02 4.258758473995990244e+02 2.547838408549792177e+02 2.538916594879992772e+00 5.684123921436726050e+02 3.302067760174877549e+02 7.440612581296647932e+02 2.842797382086381504e+02 1.578987064505133731e+02 7.156209051416237799e+02 3.511214566892213611e+02 2.343584613379724999e+02
1.065399999999999681e-01 1.931035710695353487e+02 7.536562720492170797e+01 3.480505094679026570e+02 2.041413798811441040e+02 9.712908754852686570e+02 3.947069452519017432e+02 4.378311684136133977e+02 7.685624190614826148e+02 3.528519325215227695e+02 5.611282721909635711e+02 2.130921041672263527e+02 3.565679217352343358e+02 1.441054376373311356e+02 4.434190169658830314e+02 1.681989892637533046e+02 9.220615238773543751e+02 9.580334685992457935e+02 1.547505792006784304e+02
1.924200000000000355e-01 5.982124767829564007e+02 2.120132749875369598e+02 2.917234052291044009e+02 3.805954897860626147e+02 5.069637545326710892e+01 2.826001898495362639e+02 4.604165727469733156e+02 6.847721999202683207e+01 1.747096780351762675e+02 8.764692890107253334e+02 4.699761698061250854e+02 1.104212859672561962e+02 4.702002611575206714e+01 4.213155117867822810e+02 3.234099063587467526e+02 2.397719658589359994e+02 7.190775422597413353e+02 3.925762968694476172e+02
9.789999999999998703e-02 3.997591533203972176e+02 3.878212573372887846e+02 4.973814181290152874e+02 5.925520545783343778e+02 2.308951198191295475e+02 3.929597272687827285e+02 8.898249403182880997e+02 6.966131122017119424e+02 2.965061479948814167e+02 7.202591488778300572e+02 6.712608815313355990e+02 3.662841196209384975e+02 4.023453788785988650e+02 5.314183124334381318e+02 2.592072041265745383e+02 5.340967013719102852e+02 7.538393087392935286e+02 3.608069072230291567e+02
1.795600000000000529e-01 2.814542820200139772e+02 4.611062268533717656e+02 2.587781652162931891e+02 3.935021170799803940e+02 3.109407825730198169e+02 4.201618713474367723e+02 4.015469824336784086e+02 6.752706391149820320e+02 4.415340046694452667e+02 6.222259620561720794e+02 6.350777363052287683e+02 2.902508597566172739e+02 8.810267969243113839e+00 7.615811574384126743e+02 4.149518529631162664e+02 3.885194084295372363e+01 8.210163288947260298e+02 2.380226117321591914e+02
7.103999999999999204e-02 3.561502845723657629e+02 1.053469848144007415e+02 3.793489973829703672e+02 7.277234055934313801e+02 4.112149804378834119e+02 3.941574636301613737e+02 4.718585204797381039e+02 9.207312391987196634e+02 1.556366484787957347e+02 4.487145897436926134e+02 9.363673036714029649e+02 4.720429430663565427e+02 8.303069441731022380e+02 9.763794794153159273e+02 3.443912502713927779e+02 4.437822169658165308e+02 7.786463020200792471e+02 4.221801338605586125e+02
2.464199999999999724e-01 5.240415544895137145e+02 5.559219637730127488e+02 1.931115402043329539e+02 3.589856823105241688e+02 5.695849014319376238e+02 4.796067966745341664e+02 1.097618430558636362e+02 5.684385636289291597e+02 3.067848003682604485e+02 7.711985717664751974e+02 2.356615210741964006e+02 2.017390422882295695e+02 3.836815987675777251e+01 3.970623132021338506e+02 2.528193239059056054e+02 8.715572807630621810e+02 7.135986669411769867e+01 3.757554234501055248e+02
1.627800000000000358e-01 8.834033675846683309e+01 9.533276536432016428e+02 3.608471423799832678e+02 4.640197780128539762e+02 4.144822496332209880e+02 3.833561076914726868e+02 9.560056370394020178e+02 2.554282108521978216e+02 2.545874417876199232e+02 3.808354376062059146e+02 2.126175981861745754e+02 2.777859048869479466e+02 8.946757094990018686e+02 5.294326269824819065e+01 1.089041437696985781e+02 7.241747315841901127e+02 6.992881699992552740e+02 1.204329499171272033e+02
6.972000000000000419e-02 6.179509106615230394e+02 3.469342762388538404e+01 4.734944576486617507e+02 8.846366581557541622e+02 4.585154992845702395e+02 3.407077014210565835e+02 1.152697289879972686e+02 6.892761255864372743e+02 4.110891050344512223e+02 6.452612446165550182e+02 6.340614768394484599e+02 4.740819158346810127e+02 8.774652042474037899e+02 8.428022623082777045e+02 3.938284074798755796e+02 5.824207539954248887e+02 6.674908018366202214e+02 4.662563365130807256e+02
2.807999999999999385e-02 8.756223403304938984e+02 9.513894568791108668e+02 4.330465154660270173e+02 1.102278365207271804e+02 2.366721613341768489e+02 4.772674298216817874e+02 7.194864979865346868e+02 4.627785324870765749e+01 3.060393565649216043e+02 2.161249500950422089e+02 2.166773099709333508e+02 4.242408758011800387e+02 8.729566926206424569e+02 7.767329278602018121e+02 4.141792576198955089e+02 3.222081969866953841e+02 7.273546604465598193e+02 3.438240517429307488e+02
9.787999999999996703e-02 8.472811425470696349e+02 8.093076433618989540e+02 3.541596370398040676e+02 7.688381898907309733e+02 8.978005482139892592e+02 4.261403146013258265e+02 9.876293329842876574e+02 1.179798484132866463e+02 2.037066706156298892e+02 4.105467788882796754e+02 1.720588443962406870e+02 4.227776694684380345e+02 4.796947607262927704e+02 6.455234484241841528e+02 3.885671405818441144e+02 4.947209787307721172e+02 5.637873795831615098e+02 4.504117442797365811e+02
1.530200000000000449e-01 2.738425656011371530e+02 7.566295091735537426e+02 1.170049231777245069e+02 7.040686777725238699e+02 8.923206353994616791e+01 4.811391242814386828e+02 9.696291336895178574e+02 6.517320333623666784e+02 1.232537017010025977e+02 4.835218766073521124e+02 9.432422914566296868e+02 4.837337857405258319e+02 5.267154225778866703e+02 4.573438994810122722e+02 3.972024438480963227e+02 5.191210037290850323e+02 7.936000058945435853e+01 2.955889154861348516e+02
1.578000000000000513e-01 7.534355346265859907e+02 9.952998625824675401e+02 2.805024891163387792e+02 9.693312561448390170e+02 3.057951184861716456e+02 2.909833138413333131e+02 7.452622801430745767e+02 8.520558015854714995e+02 4.369645605785226508e+02 3.403008739402413312e+02 1.853444668516875993e+02 4.896340991765206923e+02 5.519768948684094312e+02 2.480617852407226565e+01 3.498706432552781393e+02 6.801394346638074921e+02 2.181293754267122154e+02 3.256755851547014231e+02
1.161200000000000010e-01 4.222090629889297588e+02 3.540704308164180247e+02 3.390159855103590871e+02 6.218702951479547210e+02 4.301955541758609343e+02 3.068201555716735811e+02 7.490149166510361738e+02 5.933488247085141438e+02 3.660670648557895674e+02 5.826975965904052828e+02 7.264019799146491323e+02 3.326062570897175874e+02 4.674485476535047610e+02 6.213458531571342291e+02 4.292408098969992238e+02 1.602165979220684449e+02 6.227789144938782329e+02 4.861881089440211099e+02
1.689800000000000191e-01 1.304128409854167217e+02 2.527857117446911843e+02 2.707884059276640869e+02 4.348392374520626618e+02 4.622209843397960185e+02 1.005463528007212517e+02 4.951887491051571715e+02 6.322159339170507337e+02 2.505154869486260623e+02 7.238494248669660465e+02 2.836524784311768599e+02 3.296467108606441911e+02 3.348410593316751829e+02 3.970200613145186139e+02 3.765164124117208075e+02 1.745107850628948825e+02 5.971864606171120613e+02 2.899214624156261380e+02
1.055199999999999472e-01 3.064387624366042928e+02 2.326602104740144341e+02 4.894662880451152205e+02 4.180363188348320591e+01 2.935237063732080287e+02 3.871715030454662383e+02 6.516416404526783026e+02 6.271645674228062717e+02 2.946655162908672878e+02 2.530221445602613244e+02 6.042012537727134713e+02 3.516789256573980538e+02 6.404089974785551931e+02 1.275084476229746997e+02 3.243174823470799879e+02 3.195186884215715395e+02 4.974208207222166038e+02 4.243144846831895052e+02
1.700800000000000090e-01 7.280255362265102121e+02 3.411818121461384976e+02 4.971873285122764514e+02 7.547058445316181405e+02 2.183766244521426643e+02 1.998574481383518560e+02 6.492902209311572506e+02 2.299996167747084712e+02 2.028776432157409602e+02 3.922809457080137463e+02 8.766951183986676597e+02 2.884903089026917087e+02 7.018444519457656128e+00 3.107638005285235749e+02 2.408185753427669056e+02 9.576343787760279156e+02 3.815679686374518838e+02 1.879266996488704251e+02
1.490799999999999903e-01 2.236304124536725340e+02 2.321216531735511808e+02 2.212711267457185045e+02 4.826583243774917946e+02 9.043701931060844572e+02 3.082656657735886938e+02 1.621441815153925461e+02 2.772077695348720567e+02 4.371301195198966525e+02 8.406329366625692501e+02 5.492539716708565720e+02 3.781145174772025257e+02 4.571774437369824682e+02 7.422578451778261979e+02 2.432801802269550819e+02 6.332411649855348514e+02 5.398321679063874399e+02 3.482215573215374320e+02
5.957999999999996632e-02 6.673783001458372155e+02 7.339711053847247513e+02 2.145590818430420654e+02 8.828120972018898556e+02 3.881898772286266421e+02 3.908547307639095720e+02 6.020824840917529173e+02 3.741793197449777608e+02 1.675438968213673832e+02 3.203550639169794323e+01 5.469699105486236022e+02 1.185046662397570003e+02 4.461183234768211037e+02 7.785882522045496898e+02 3.365528655109699230e+02 2.867431022875920235e+02 5.394595035457216881e+01 4.791077738839867379e+02
2.402000000000004132e-02 7.612962064966108073e+02 6.890773308101661598e+01 2.934837032501540079e+02 1.342351018785491306e+02 2.816676441427814552e+02 3.235598660606475505e+02 4.180985576950083669e+02 9.647043307490242796e+02 2.542925373927021724e+02 7.432804011463522329e+02 6.096541557583287840e+02 4.480363082263087335e+02 1.591112296663007726e+02 4.907379166145294676e+02 3.327313324790999900e+02 6.312095164058223418e+02 9.015239346165803909e+02 4.966586368344148923e+02
5.164000000000001922e-02 8.104955970131270533e+02 7.254797400318476548e+02 3.323426299466767091e+02 3.808186739983501639e+02 8.133127677282661239e+01 2.903063379894741729e+02 9.395658632187351031e+02 3.526632933480207726e+02 3.948848599459861362e+02 1.324902908670831607e+02 1.990877063034481864e+02 2.630320835090522564e+02 4.929616568910557817e+02 2.682461010589972830e+02 2.582509624447631040e+02 2.642367239808904174e+02 6.783239498639070462e+02 2.143064714213142281e+02
9.877999999999997893e-02 3.997591533203972176e+02 3.878212573372887846e+02 4.973814181290152874e+02 1.276065123350089792e+01 7.660948055788554711e+02 3.929597272687827285e+02 8.898249403182880997e+02 6.966131122017119424e+02 2.965061479948814167e+02 4.976112064396165238e+02 6.712608815313355990e+02 3.662841196209384975e+02 4.023453788785988650e+02 5.314183124334381318e+02 2.592072041265745383e+02 8.702518696901925068e+02 5.944243704934648349e+02 2.430048781155122697e+02
1.954200000000000381e-01 9.072896138800427934e+02 4.677342228888065847e+02 3.153694844126491716e+02 5.022605309411013650e+02 5.688608547217575051e+02 2.203045573805649155e+02 1.135716664770029070e+02 8.215163312693400712e+02 2.057538208502569432e+02 9.480180595423473733e+02 1.919920833993013787e+02 3.192458592365474033e+02 1.782214006004216742e+02 1.058759204244228158e+02 1.566307606085020723e+02 7.975359882604560653e+02 6.122290554999372034e+02 3.021379369403697410e+02
9.723999999999999311e-02 7.060986496010150404e+01 6.173062619441018342e+02 2.995712588473568871e+02 2.472178429659062715e+02 4.615808944962172973e+02 3.381871914857669026e+02 9.715977079668521128e+02 6.784774342023445115e+01 4.330813213833231430e+02 6.504496068628542389e+02 1.010569963996313163e+02 3.108131280446845039e+02 8.808077548943130068e+02 4.729249348314033341e+02 3.542451529529079721e+02 7.654218833275458564e+02 6.516653072439455627e+02 3.819891402728359822e+02
8.389999999999997460e-02 9.633976514764541434e+02 4.894083336376223201e+02 4.161606481807424984e+02 4.543724537267252117e+02 5.055113867097475833e+01 1.757733216570541686e+02 8.353348265434599398e+02 5.188730467998032054e+02 2.559923816566492860e+02 2.335352521467438009e+02 4.441929045182521349e+02 3.035377763679367717e+02 3.014507706967241916e+02 8.177733041910562406e+02 4.915631875727559645e+02 2.596121570076565490e+02 3.623619074766751851e+02 3.771399049750551740e+02
1.040200000000000014e-01 4.508910650217627563e+02 1.681576755715040008e+02 3.323105742425411790e+02 1.036768841157172005e+02 2.722188302794819492e+01 1.344859339937525249e+02 4.659134129507032753e+02 9.259811311844858892e+02 4.301724256079605766e+02 6.563958128748328136e+02 4.188211749740813730e+02 1.842785230423314147e+02 2.444908753700187276e+02 1.805197491629996307e+02 3.400154107054065662e+02 8.664684562828997514e+02 4.490104523888592212e+02 3.960948771409390474e+02
1.345800000000000329e-01 3.456927695846134725e+02 3.226128304845518642e+02 1.382425864651306142e+02 3.278943675336330443e+02 1.402892390132970490e+02 4.669689370364163779e+02 8.278483103733498183e+01 6.766542733603165516e+02 4.803615799179624446e+02 7.201425023846854856e+02 7.714934276589038973e+02 3.094811004098949070e+02 1.381218469988555171e+02 1.814161472471370473e+02 2.253320325980259895e+02 3.461598578666055914e+02 6.917350137845653535e+02 3.095998304311847278e+02
1.320599999999999552e-01 3.971900123183826850e+02 1.595525292130865012e+02 3.903697462256562289e+02 8.624777148514242526e+02 6.233272702682866111e+02 3.736572417887289248e+02 6.681516527436988326e+02 7.524426671071839792e+02 2.345459719492700970e+02 7.972327476218454194e+02 1.405939499398137684e+02 4.058639730868538322e+02 7.899836243852265127e+00 5.172056178822946322e+02 2.338626007417334449e+02 4.409346063121238899e+02 1.089958334374164792e+02 3.572986463510366093e+02
1.578000000000000513e-01 4.598456338849208578e+02 8.763913653954135725e+02 2.849326736099865229e+02 6.226648814788633217e+02 8.613063947322997365e+02 3.383100064715749795e+02 9.258646043708127991e+02 3.406561268494981505e+02 2.541510489735665601e+02 6.829375302429415342e+02 6.742717490088277827e+02 3.704456592406022537e+02 2.735598778219797396e+02 8.788123185171514251e+02 4.496565275551670879e+02 3.080185350931249104e+02 5.299719312979050301e+02 3.749156515413146735e+02
6.645999999999996355e-02 3.611132250296069515e+02 6.121848356170861507e+02 3.581862922980358803e+02 6.973006822621273386e+02 9.130367365081460207e+01 1.843798112543865955e+02 8.705238653563055777e+02 9.481320038838647690e+01 3.184234275514887713e+02 1.209168800644513340e+02 3.486241474091032160e+02 3.260954901001309736e+02 8.604367446198459675e+02 7.992078601127471984e+02 3.489855008818868214e+02 3.203396123603111505e+02 4.908502576880155743e+02 1.143391700616332827e+02
1.502599999999999492e-01 3.120856412386041612e+01 7.858553646261960921e+02 3.232189990483169595e+02 1.997649625350062479e+02 2.228936128537170589e+02 3.005105008801277791e+02 8.319708735854645738e+02 5.014588196788084815e+02 3.493767242904112891e+02 1.172710066653962713e+01 4.126810714410283936e+02 3.317865294489767507e+02 8.057708936641411128e+02 5.627352401997094375e+02 2.935401096236840885e+02 7.603425589852788562e+02 9.824925396915757574e+02 2.829406377772395444e+02
1.040400000000000214e-01 6.215043388661318886e+02 6.942766820112099140e+02 2.199371003362075214e+02 5.088851897711302854e+02 3.497694242858149209e+02 4.119366681649516977e+02 5.408443461892765072e+02 3.440179580491732168e+02 2.561690802422235720e+02 2.914778653617032660e+02 2.026231827006671438e+02 2.348114502155374339e+02 9.740871805651726163e+02 2.491025784086189390e+02 2.447357090077038038e+02 1.939401688918404147e+02 8.382165954073635703e+02 2.903591130198336714e+02
1.815400000000000347e-01 9.435031143712899393e+02 2.117831189174277142e+02 4.717953069960605035e+02 2.027578612178247965e+02 7.218968052913203337e+02 4.395476237441774856e+02 5.960986454946880713e+02 4.393513796420612607e+02 1.154326922994554252e+02 6.117728314913276790e+02 6.558961486467286477e+02 2.902359320224280737e+02 2.644763604070776637e+02 5.322330995847687518e+02 2.844605107874300529e+02 6.426279693548412979e+02 7.353175597465143483e+02 1.591761975787303527e+02
9.145999999999998575e-02 8.522347854476198563e+02 9.479151300980382757e+02 2.753914588488413528e+02 4.797609912862660622e+02 4.697195055334826748e+02 4.204368882992675935e+02 2.185151591579315777e+02 5.091098287165617080e+02 3.975606735607636324e+02 6.635105135718029032e+02 4.239363688491640687e+02 4.098338022567983785e+02 4.305773421218657973e+02 8.792344226054059391e+02 4.113399738758731701e+02 9.369047211307470207e+02 4.232260721850259415e+02 3.116653054387132897e+02
2.112600000000000033e-01 6.453757415832633342e+02 8.532135545435113499e+02 1.178606405888997415e+02 1.617895560116121487e+02 4.219764130352432403e+02 2.413409846228511810e+02 5.926617621383908272e+02 3.807919210439212065e+02 3.673779102408236099e+02 1.992749182368845879e+02 2.208046164288795978e+02 4.001833136489661911e+02 4.901421587804842943e+02 5.465026797474481555e+02 2.169149126579850133e+02 5.304063997084240327e+02 7.171473160316716076e+02 2.328364798578393220e+02
9.260000000000001563e-02 8.888726980993976667e+01 4.225854893210675414e+02 1.537636860718812386e+02 5.643177330987015239e+02 3.166820083073179717e+02 4.752940408797946930e+02 3.906332049107263771e+01 6.867359760721525390e+02 3.136155653349686645e+02 8.651577860771130872e+02 7.765536893915383416e+02 2.735915252760922840e+02 2.332576619657078609e+01 1.792701323793607457e+02 1.568066861248549344e+02 1.328708847302894185e+02 1.070089707344583587e+02 3.561651151489717222e+02
6.623999999999996557e-02 3.188376742941396742e+02 9.672366649809434875e+02 3.319293447299307900e+02 6.226811470006230138e+02 3.296262292099860360e+02 3.789882006841278326e+02 6.825953491345012480e+02 9.360636590016531500e+02 2.530600645335803165e+02 6.455725976894196094e+01 9.088663919957242570e+02 1.551609201321684566e+02 4.254565441449705077e+01 3.475584723432717738e+02 2.421124989989221774e+02 8.600098670151984379e+02 6.683211426145097676e+02 3.838647623605060630e+02
1.503799999999999581e-01 5.969742080124839276e+02 5.915344831875358977e+02 3.348297057392166494e+02 6.339354268396118641e+02 6.653379329370021651e+02 2.407847163968707491e+02 7.862531816638811506e+02 2.960505660987054171e+02 4.375806120240985706e+02 1.260821840753115453e+02 5.986414681938699687e+02 3.272281605980449513e+02 5.947720764593721015e+02 9.335660092050019330e+02 2.218972808491293165e+02 2.189162192898469357e+02 9.836873501743502857e+02 3.183218717118002132e+02
5.859999999999998543e-02 6.703174308220092144e+02 2.928357273258195050e+02 2.160495896872143362e+02 7.324560828505520931e+02 8.314097676746771413e+02 4.040366831878243943e+02 1.785554689216590702e+02 1.156355450862374141e+02 2.143009118354501652e+02 1.066159454121228265e+02 7.732360716516809589e+02 3.317576940101581613e+02 5.316990969556757136e+02 3.037375005108069672e+02 3.551234995289602239e+02 3.025048651770036940e+02 7.889703069370249295e+02 1.260156237622985600e+02
9.852000000000005198e-02 3.344984742344477127e+02 4.796393978461140932e+02 3.763198481705450718e+02 8.628031977423358967e+02 6.087880911178106089e+02 1.591025530616816752e+02 4.469608479976890294e+02 7.477093192943930262e+02 3.314044038553229257e+02 2.239485310191172687e+02 9.990400891703387742e+02 1.875666549456534256e+02 5.991784027657583920e+02 4.012011334408116170e+01 2.667226933236827335e+02 8.186880899551524635e+02 1.864977706276282845e+02 4.043299387704473702e+02
1.358800000000000008e-01 7.300661975966539785e+02 7.752249890287972676e+02 3.237395162363611689e+02 9.494661901935461401e+01 8.890037285035649575e+02 1.839564610346813254e+02 7.171924709068764514e+02 4.426163509181221798e+02 2.746091572274880832e+02 3.987347315786513491e+02 9.241729974226022932e+02 3.050227291454834813e+02 4.767286985114776598e+02 1.695379683083072280e+02 2.823143610020850360e+02 1.003473573662764693e+02 6.828393983376296319e+02 1.927579798594761940e+02
2.859000000000000430e-01 1.425730882310542711e+02 8.958926255509484236e+02 1.639079749356815796e+02 3.907604883262118847e+02 9.915726695822139618e+02 2.876475432590804076e+02 3.749387275864434059e+02 6.838972537704433989e+02 1.004398500773262413e+02 5.884898251434924532e+02 5.413784470349710318e+02 1.321356273389480407e+02 1.890670190250265250e+02 7.807471381978764384e+02 4.415300202114996182e+02 7.143965142325030229e+02 3.470192402450970235e+02 3.242574367765312218e+02
1.348000000000000309e-01 5.827342826799707609e+01 6.525061432739898919e+02 2.091077008566941231e+02 8.530633369720845849e+02 5.244733045748404265e+02 1.527756299996187010e+02 9.224657003296263156e+02 2.213208967133060696e+02 2.471685237368231753e+02 3.615440259258596143e+02 8.460768934391226139e+02 3.741599066188738902e+02 3.695637640327926761e+02 1.537649328387020091e+02 1.685401534561707990e+02 9.671681764562102899e+02 8.766663246519034374e+02 3.924711904170658272e+02
2.264599999999999946e-01 8.218306226631964364e+02 1.012805729897244760e+02 3.248729403565831717e+02 1.988774310522811106e+02 5.770237022010328474e+02 2.510652448697145189e+02 1.251716583479760061e+02 8.177710631765097560e+02 2.080977464160384329e+02 9.482725210035818009e+02 2.851438736462756651e+02 4.530709026182467483e+02 6.596773982838718666e+02 3.641835069993079799e+01 2.074862599217019294e+02 3.657178504056557813e+02 7.426183886024921321e+01 4.530562432909671315e+02
1.380599999999999605e-01 9.946505372025353608e+02 5.994927236224948501e+02 1.602588114139716708e+02 9.851210133794112380e+02 6.088535542745443081e+02 2.441287874817134878e+02 3.966804286521677909e+02 8.162876700615684058e+02 1.026054861907448696e+02 3.876517704518033725e+02 2.688054550963154838e+02 3.250633106824308811e+02 3.590479581911895934e+02 7.539183993973792894e+02 4.426439468111143469e+02 3.574476134333167465e+01 8.890029507628132421e+01 4.642142505366611545e+02
7.530000000000003357e-02 4.991523143214512288e+02 3.663622575912029333e+01 1.671480566008148116e+02 3.160067716658454628e+02 9.128988389296716832e+02 4.362116800490575770e+02 2.781132493344558725e+02 2.841172828053658463e+02 4.691094051099943840e+02 7.849500698075622722e+02 7.266640190038876881e+02 4.114544702550271040e+02 6.545187667250623917e+02 5.788331035125786457e+02 3.870176468785069801e+02 2.974303279983256516e+02 1.659199133921065368e+02 2.673804958804008720e+02
6.557999999999997165e-02 4.390468909767349714e+02 7.270621889451564357e+02 3.392873250884992444e+02 6.996357631988676076e+02 7.754233085980745273e+02 1.136490965098757044e+02 6.699980909114622136e+02 2.884865841902569628e+02 4.147117174885021882e+02 1.658737561948894381e+02 3.616546609520528364e+02 4.273336721981685287e+02 4.447556638349578861e+01 7.810610868532228324e+02 3.442109414035918462e+02 1.671941844570239368e+02 7.655954580480399727e+02 2.209857733422182662e+02
1.388399999999999634e-01 5.154355311106911586e+02 2.525179625043433873e+02 4.807640529679470660e+02 9.982325046811774882e+01 3.839267771569151364e+02 4.222269259167459836e+02 1.340211145404517765e+02 4.744727442397747836e+02 2.068417613310660954e+02 2.483483414853679108e+02 5.425659552724438299e+02 2.992641397496125819e+02 9.590831439613116345e+02 9.584802841656103283e+02 2.840985320731484194e+02 7.753415513474883483e+02 2.854532014652207863e+02 3.449630045547802979e+02
6.498000000000003773e-02 3.525436712935192531e+02 6.162763103253274721e+01 3.161831035650965305e+02 6.776348058405066013e+02 2.572675624462501673e+02 4.470218988280348640e+02 8.507575974513385972e+02 3.734566071358477757e+01 1.610462872020848124e+02 3.249654646723296310e+02 7.687662644782112693e+02 3.496571259622261891e+02 6.673249195231751401e+02 6.051024106877728173e+02 4.149164376936089980e+02 4.455649377471422099e+02 2.195378128492575343e+01 2.760734722821709966e+02
1.187799999999999967e-01 6.666880213195884153e+02 7.589350981522610482e+02 2.913536526450147903e+02 3.544417990764071646e+02 6.972395387550533314e+02 4.318057465891561719e+02 6.976637411054475990e+01 6.247137593972815921e+02 2.403412657546422224e+02 3.363494135873128243e+02 5.217235437677938990e+02 1.096776200344266670e+02 2.749194572084118136e+02 2.458701891691191861e+02 2.909906380197115823e+02 9.039372854167919513e+02 2.961631016907709864e+02 1.195601942229091605e+02
1.064800000000000191e-01 2.279097177402884711e+02 6.487054545487069390e+02 3.827157232455331268e+02 5.889482880053449207e+02 3.812679117858746736e+02 4.771666188016318984e+02 8.719777733196340250e+02 2.018104670979384423e+02 1.317171817624939365e+02 4.136073071875604796e+02 7.381919774699708796e+02 1.709217538543815067e+02 1.958033933159124729e+02 9.093444244582076408e+01 1.915175127824684296e+02 5.394370286969424342e+02 5.085411580558912874e+02 4.173657289558431671e+02
1.343199999999999950e-01 5.806176305452715951e+02 8.142882923716025516e+02 3.726915064145122756e+02 6.285454524824776854e+02 2.799887459550365065e+02 2.900842848801683544e+02 2.693338412667966963e+02 3.001094806629561731e+02 2.265947292311000183e+02 2.198387559858072677e+02 4.812856070020907850e+02 2.175126791421199073e+02 3.441785302575092373e+02 2.400970997492487413e+02 2.017441385126157058e+02 1.045356722609629401e+02 1.779680447979264954e+02 2.438270701220320973e+02
1.527800000000000269e-01 9.313656212701729942e+01 7.605222594173591233e+02 3.413800999078267182e+02 7.439663309948565484e+02 6.400925525570324908e+02 4.294669632440813984e+02 9.708200227480693911e+02 1.292592828136801586e+02 1.716598128395748404e+02 6.484262428148834942e+02 4.925006323333032014e+02 3.503233640812847511e+02 6.879440728420228197e+02 5.975535255997735931e+02 4.431622984052670517e+02 2.340338306405396906e+02 5.709754082507569137e+02 3.470051775848183979e+02
1.557800000000000296e-01 2.005803527503742316e+02 8.109046945883761737e+02 4.008813079409731017e+02 3.828319437731371409e+02 6.426636413223892532e+02 4.640334392493844007e+02 7.835446729381651494e+02 1.310052152901961620e+02 4.523909397306479150e+02 5.128250974098572215e+02 4.288948401406900643e+02 1.976169986418568101e+02 8.912116335593725580e+01 6.756784053736230362e+02 2.178869221479559144e+02 6.572040915935789371e+02 5.554094355062063642e+02 3.696112873853676319e+02
1.096799999999999997e-01 7.956210144748304174e+02 7.581972937863782818e+02 4.719715344266992361e+02 1.794599709144807491e+02 1.917911485611473097e+02 4.950754459356244865e+02 4.793193295243006560e+02 5.710309741561856072e+02 3.112313103896671009e+02 2.140693186556318324e+02 2.234791950194114918e+01 1.586910476002918813e+02 8.425780643036374613e+02 1.049434536538550446e+02 2.028794000180773196e+02 3.838875967503666402e+02 3.511179738273614248e+02 1.993968378412874358e+02
7.701999999999997737e-02 7.925449649167742336e+02 1.550555625844241092e+02 3.685425331233494717e+02 4.570075257100458543e+01 1.592995820823196595e+02 4.211183989170627342e+02 5.094437519067665221e+02 1.639309917948884276e+01 1.248502597106210601e+02 8.417793837719054864e+02 7.668051688746552372e+02 4.292196897650349001e+02 2.095780858895594747e+02 1.607376141539095329e+02 3.304835252796748364e+02 2.793274650708584659e+02 9.655680880932566197e+02 3.140995006428236138e+02
4.693999999999998174e-02 1.493037259456856418e+02 3.541237533993968327e+02 2.377809973815809883e+02 3.062180934392428640e+02 7.242160096269553833e+02 3.237238567464034986e+02 8.824862797773160992e+02 5.171902848966661850e+02 2.692749442573389160e+02 1.145757986398365773e+02 5.637714373683775193e+02 1.992729738197685947e+02 6.329361371913171297e+02 9.495450173192783723e+02 4.106184769495212095e+02 7.717317164665345217e+02 2.198181655216961872e+02 3.488303545239563732e+02
1.991199999999999637e-01 2.605304759426258556e+02 6.040669706463415878e+02 2.877165955807740829e+02 7.116079637347426115e+02 9.949920836568325058e+02 3.083359130385546791e+02 1.333270083248093556e+02 6.516580442114203606e+02 3.315350868225268073e+02 8.704063817332188364e+02 8.788222785390807985e+02 3.248878918089158105e+02 3.085838282538308590e+02 2.997113873733007949e+01 2.197789884916475955e+02 5.233452035775277409e+02 6.203142675219962712e+02 3.471366613028461643e+02
1.253999999999999559e-01 2.270978799860870367e+02 1.314697769945125287e+02 2.313873955522031736e+02 9.777375790469263848e+02 8.649216030299760405e+02 4.831245389466587312e+02 3.093022874171861076e+02 7.446618653382212187e+02 1.097017702158837835e+02 9.403215646670034857e+02 1.437758786973108158e+02 3.804654031226904749e+02 4.409128075505574316e+02 4.999764474969541084e+02 2.216988726483800747e+02 3.776677067319789103e+02 2.528992144265273510e+02 4.257460237897041111e+02
5.325999999999997403e-02 1.621813642958544222e+01 4.498971802595422673e+02 3.546888915954663162e+02 9.661754093755754411e+02 6.398760495543414208e+02 4.314876099914984025e+02 1.044590799280599356e+02 3.535022729932526886e+01 2.513119903046785737e+02 5.065374072253496252e+02 3.504943647581616233e+02 3.798867223699849660e+02 7.324183891258753647e+02 8.725896633775348619e+02 1.634111446502112130e+02 2.861194600215405899e+02 8.902334751715461607e+02 2.121780238362455293e+02
1.502799999999999692e-01 6.334528835971198646e+00 3.146252597002429638e+02 4.285742506691309472e+02 8.741580943342931960e+02 4.326139993564895576e+02 2.280383019497082273e+02 2.844501886574386162e+02 8.523593680694906425e+02 2.626117777138559291e+02 6.455354530239688984e+02 1.571266903722126926e+02 2.010660112838671694e+02 8.363334698974470029e+02 5.234304419449017587e+00 3.665421543324802087e+02 5.735139714479383883e+02 1.905433177770916018e+02 3.514577742295692815e+02
1.005599999999999827e-01 7.572412946927925077e+02 9.405397842458296509e+02 4.797405887649535998e+02 2.206743330105825862e+02 4.510199978434904438e+02 1.825256802544537607e+02 7.064881992392096777e+01 8.151368375523306895e+02 1.066974681693541100e+02 7.410909553736961470e+02 6.492513405512020199e+02 4.357032162404408382e+02 4.934881067827477636e+02 2.242411599600949330e+02 4.351021697995709019e+02 3.825008636368635280e+02 3.563570428681075555e+02 3.263049734571765157e+02
1.423400000000000221e-01 1.027426401360610413e+02 4.096205936198535937e+02 4.468735396469926968e+02 9.526038383827669804e+02 7.600595285027744694e+02 3.895757456759473030e+02 1.153876578632240246e+01 1.987696897518986816e+00 1.111853698883936516e+02 3.855434504719941060e+02 7.640040784067153936e+02 1.267161169815364588e+02 6.039068760832415137e+02 2.733313046227279415e+02 2.142065516104830465e+02 4.913044858720352295e+02 3.947593449468557196e+02 2.185189202013000340e+02
1.337599999999999900e-01 4.496706654871874775e+02 6.508345063981265639e+02 2.144900629710828071e+02 4.097069399533748424e+02 3.796052413185886394e+02 2.620366260004024639e+02 6.591419754052041071e+02 6.808965233858231159e+02 3.261781909169454252e+02 7.750585562855573016e+02 9.025890785238250373e+02 3.764727596083763501e+02 9.964843979505401421e+02 2.790856795571526732e+02 3.123530907613187537e+02 1.846600740398731659e+02 8.035095874707577650e+02 2.034253964814411404e+02
1.661399999999999544e-01 4.020807747925585431e+02 4.096205936198535937e+02 4.468735396469926968e+02 9.526038383827669804e+02 7.600595285027744694e+02 3.895757456759473030e+02 1.153876578632240246e+01 1.987696897518986816e+00 1.111853698883936516e+02 3.855434504719941060e+02 9.006119326701190175e+01 1.267161169815364588e+02 5.513817950235227272e+02 2.733313046227279415e+02 2.142065516104830465e+02 1.551493175537530078e+02 5.541742831926844701e+02 3.363209493088169211e+02
6.093999999999999417e-02 2.899637629466086537e+02 4.993690096807780492e+02 2.047940387705479566e+02 4.722463950827166173e+02 6.649248841481529553e+02 2.921054944152979260e+02 2.829605225442841174e+02 7.484746210101568522e+02 3.798307847804455832e+02 3.453797815902250363e+02 2.980719961972552028e+02 1.798170263819702086e+02 7.227575268779885391e+02 7.266012121646394917e+02 4.561311999041350305e+02 7.502291033123860871e+02 6.178348980190173734e+01 4.799209513186894469e+02
6.098000000000003418e-02 9.166562045252376265e+02 2.763003822899231636e+02 2.995824165268103343e+02 3.388506061408329515e+02 2.135669165972570056e+02 3.920350434705359248e+02 4.307240373940770723e+02 6.566262594883115753e+02 4.988031084227176848e+02 7.556201785056548488e+02 3.039360959417659842e+02 4.602113903115767357e+02 6.879057613989409674e+02 8.971792448719165805e+02 1.480968643343988447e+02 4.465006921501038164e+02 3.147281515157218905e+02 2.431848116686300045e+02
6.984000000000001318e-02 1.194490314894763827e+02 2.814807463198938535e+02 3.555361766644870158e+02 4.623774699282524807e+02 6.958738018813625104e+02 2.961163435360643916e+02 9.138058680203848780e+02 7.408245694337285840e+02 3.927175973554381017e+02 3.544275628537979514e+02 8.662090943237265606e+01 4.003068000308520595e+02 6.805073050606927154e+02 1.433171775460011474e+02 2.618593464469731771e+02 7.376047876823505476e+02 2.497588979023683748e+02 1.649239964848642046e+02
1.348599999999999799e-01 9.438661704319936234e+02 6.075341546898796423e+02 4.164385061295058108e+02 6.952888196309115756e+02 8.521492883342191362e+02 3.481931487492705060e+02 7.215812231037871243e+02 6.124411414837240955e+02 3.610273012340305172e+02 5.553653903594754411e+02 8.049278790645205390e+02 3.465046468298571085e+02 2.617029758870643832e+02 3.403018822600906788e+02 3.230208817090979210e+02 9.294477929771466052e+01 6.196909876213969710e+02 2.818557109651113137e+02
6.396000000000001684e-02 3.581626028781226410e+02 3.109444243534592829e+02 4.020414546827309437e+02 6.773518622892919439e+02 5.393290071892079141e+02 3.898224713529537553e+02 7.562410123995872482e+02 6.038082210314632903e+01 2.981744040160449458e+02 2.884896003400784252e+02 7.601987777725632895e+02 1.772932329447946245e+02 7.692214612316265629e+02 3.046079727446707466e+02 2.769919115350912762e+02 6.687500988941768583e+02 9.507103505757229414e+02 1.857182549782801857e+02
1.086200000000000498e-01 1.261629988092453090e+02 6.451178101242337561e+02 4.356951653559484043e+02 9.299394487024308091e+02 4.237489153498987662e+02 3.981033277596205266e+02 8.001058614539456357e+02 3.865189384100556822e+02 1.175810183262707511e+02 2.501413029883388219e+02 8.574877330110730611e+01 3.337571033320975857e+02 2.488080187118937374e+02 7.697163017595627252e+02 2.110865028283643881e+02 9.614332339510890506e+02 9.958845289428194292e+02 2.875756045260175142e+02
1.007599999999999607e-01 3.918143497583955650e+02 4.413843062270627229e+02 4.670451906521215051e+02 1.440376638646428660e+02 6.274163540851707239e+02 3.585439949169988836e+02 7.703057884239088935e+02 7.167871402367079554e+02 1.222701470611456926e+02 1.929133302942375963e+02 4.565255266656890853e+02 3.940639515051536819e+02 8.795721150680177516e+02 2.870284639572810192e+01 4.149180919287005054e+02 3.275551434845130530e+02 8.668707339890273715e+02 4.510053417444187858e+02
6.862000000000001432e-02 5.151283658418036566e+02 7.596826032757051053e+02 4.797390553803998046e+02 2.347780976315980581e+02 1.923093699344495917e+02 4.968297228314892777e+02 2.969825599874402542e+02 3.374926006766032494e+00 3.241110968493375140e+02 6.324085816947144849e+02 2.393876250346303891e+02 1.493013127046099271e+02 7.492034305330845427e+02 6.852198439515451582e+02 4.056970500818302980e+02 6.343873559504378363e+02 2.891212325288834677e+02 3.132571916365299671e+02
1.851000000000000423e-01 5.644063256489935156e+02 5.695725716708171831e+02 2.050662516042874586e+02 6.356682879618477955e+02 1.691384735317379864e+02 3.781945145777867765e+02 4.692194731457251464e+02 7.945965846908879939e+02 3.206637287492627593e+02 6.176574181778958064e+02 4.577869962335556124e+02 4.048186860237185556e+02 7.879579946562202508e+01 6.891981408100926956e+02 1.756136880095457116e+02 7.786728098244137755e+02 4.421625730852288427e+01 2.405476735467718754e+02
1.180600000000000538e-01 8.211877417571747628e+01 4.031913574093097168e+02 4.734944576486617507e+02 7.234544705330425813e+02 5.498459659025068049e+02 3.407077014210565835e+02 3.274369354595426103e+02 1.957302349149945826e+02 1.596347288925148575e+02 6.266945038619281831e+02 2.716043992098116746e+02 2.660031191846480851e+02 7.704919249852489429e+02 6.700538708582943173e+02 4.510348712415266164e+02 9.559264965712940239e+02 6.010091118731062352e+02 2.126535839380856316e+02
1.590000000000000302e-01 9.189043343438938791e+02 8.477990555221913382e+02 1.475629070907320965e+02 4.029765959376353521e+02 5.557874394074852944e+02 3.750199432289338120e+02 6.214646842194390501e+02 2.310980122972861039e+01 2.528202325497271090e+02 5.182344519873749533e+01 9.164259256446541713e+02 4.283991429200467564e+02 2.230858680670745287e+02 4.980090109652103365e+02 4.728446165191767818e+02 3.970386891923249806e+01 6.075859422296725398e+01 1.037745313617214151e+02
1.091999999999999638e-01 5.407240094357021007e+02 8.289996661781331113e+02 2.479635429975286058e+02 6.874376023331543593e+02 1.930938882637565257e+02 4.582555357964372433e+02 6.873357506671402462e+02 2.833923654755583925e+02 1.292439040457389865e+02 4.030090558582402309e+02 3.007871853333110721e+02 3.560806426538835581e+02 6.221219373583272727e+02 6.159337917864735346e+02 2.799801582456881874e+02 4.008226052335947429e+02 8.642258735884494172e+02 4.200511315887504225e+02
9.579999999999999627e-02 5.350524137175405315e+01 5.569351048838719862e+02 4.458981211844559880e+02 9.012148503440952254e+02 7.735613330648734518e+02 3.688311498633460701e+02 5.066180190217589825e+02 3.654824157785582202e+02 4.339225909123744032e+02 3.901457083140113014e+02 5.475632187723181232e+02 4.879158230873979392e+02 9.817347931974529374e+00 8.465884381154187395e+02 3.099042049720043224e+02 4.873702872612314536e+02 8.299553442621893282e+02 3.709320997117204115e+02
6.789999999999996039e-02 8.771818050019189172e+01 8.983140240198124502e+02 3.721118739068510877e+02 4.899632472648728481e+02 2.991435293732268406e+02 3.790912670644310651e+02 4.910684435221015747e+02 6.869548985067862077e+02 2.450921704981094251e+02 4.054213442317781073e+02 2.185162782885382740e+02 2.766076263167179832e+02 8.159339399204840220e+02 1.146543235142528374e+02 1.431172165168813990e+02 7.473499080829004697e+02 6.894602641866404156e+02 4.127199563923757637e+02
5.852000000000001645e-02 2.099616638294543804e+02 6.449599982023428311e+02 2.923977847125968310e+02 6.899035848371511292e+02 3.112614244635743148e+02 3.582743234657754670e+02 5.011485074575773524e+00 3.760861236822327669e+02 3.837496669537532625e+02 5.600831573240729995e+02 4.732129274288358829e+02 4.710329189524542244e+02 6.502118135482246544e+02 1.451635192760605833e+02 4.776128816517411337e+02 9.407860795215456164e+02 8.817159755988197958e+02 1.873472760479765498e+02
9.406000000000003247e-02 5.521828736921105474e+02 8.107020780868823522e+02 4.092941414489640124e+02 8.392413977117421382e+02 2.252827217284318237e+02 3.290451092726435149e+02 1.728933136858353805e+02 1.496844329205633812e+02 1.260904964768391210e+02 3.414984424057042816e+02 9.997775919224549170e+02 1.947023340187909923e+02 2.233367369647610872e+02 3.896481651944151281e+02 2.257089280438622723e+02 8.215742571483125403e+02 4.738395749685010401e+02 3.161023585989480580e+02
