2.411400000000000210e-01 7.078469129762196417e+02 4.343468903149985181e+02 4.868267717398518357e+02 1.924222357591408183e+02 6.596605737802763088e+02 3.415654200212782143e+02
2.447399999999999576e-01 5.693957122506274118e+02 8.668417628629302953e+02 3.540379608437168599e+02 4.133616507498938404e+02 3.192869825974493665e+02 4.980608339610801067e+02
2.200400000000000134e-01 8.070772731517273542e+02 3.823856747093112176e+02 4.475723940397448359e+02 3.582498604877700927e+02 7.145815855256216764e+02 4.951832443584057728e+02
2.448599999999999666e-01 3.289483075577794580e+02 6.606094119389815660e+02 4.266644477431544260e+02 5.294565799520669316e+02 2.208317215155451549e+02 4.538328900803003307e+02
2.436399999999999677e-01 6.097798263191317574e+02 3.156323769234679730e+02 4.765921194293902090e+02 2.261625702952001689e+02 5.327972513503900700e+02 4.480726353826657942e+02
2.842999999999999972e-01 4.918045626464377165e+02 8.335296785799075678e+02 4.660844087087320418e+02 4.544405587249929113e+02 8.369462231603830560e+01 4.273565396581153664e+02
2.791599999999999637e-01 2.369292726278195289e+02 6.100982236642521457e+02 3.995229784487507914e+02 5.749839470166580213e+02 1.928853940658982538e+02 4.458093159598407738e+02
2.633400000000000185e-01 7.636499878807323967e+02 4.124864341103022980e+02 3.985377025900585863e+02 3.916922704916528346e+02 6.271852075402764513e+02 4.202659567083289858e+02
2.828800000000000203e-01 9.297267038337893155e+02 3.404102362137398359e+02 3.912980821850340476e+02 2.661322806033603001e+02 6.794786273942817161e+02 4.750226456547121074e+02
2.141399999999999970e-01 6.374377390196768829e+02 4.287559720887171011e+02 4.737866862546011362e+02 1.371706191978709057e+02 5.721278196226370483e+02 4.948894984434888897e+02
2.731000000000000094e-01 4.354769513249153761e+02 7.912046295597444896e+02 4.511875955044993134e+02 2.895391397462578880e+02 1.472203612060920648e+02 4.872950922964723759e+02
3.692999999999999616e-01 2.589914665285506885e+02 3.601012287010229329e+02 2.629748775731901560e+02 4.441776550738987908e+02 7.387550267679080207e+02 4.350275688225339081e+02
2.307599999999999651e-01 6.538977416075535984e+02 4.853048843703599005e+02 4.788492560328987793e+02 1.128185852301432135e+02 4.884954611772243425e+02 4.786017321386232766e+02
2.607399999999999718e-01 7.659744235050018233e+02 5.915319921924841537e+02 3.789334553192763906e+02 2.543131516853906362e+02 6.264345725714683795e+02 4.902368098190159458e+02
3.234200000000000408e-01 8.017933718300211012e+02 3.583463325104550563e+02 3.929144932571130653e+02 2.725961678159653161e+02 4.704870467001475731e+02 3.274290409184816326e+02
2.237799999999999789e-01 7.630128851005206343e+02 2.655392415196017737e+02 4.222003305865111997e+02 2.924397045910901056e+02 6.576706481266627407e+02 4.842932323979484863e+02
2.633199999999999985e-01 8.187492983960491983e+02 2.837432308335153266e+02 4.404735446889416153e+02 4.792545972502020390e+02 7.379866027819018655e+02 4.881536296092075986e+02
2.664800000000000502e-01 6.460766710673722173e+02 2.231644746789975784e+02 4.213100114113434529e+02 5.677347401063743746e+02 6.505881068234423310e+02 4.367153855425085567e+02
2.788000000000000478e-01 5.086066452895366297e+02 9.470951455699259895e+02 3.462206447454548197e+02 4.947821192068773826e+02 3.783539680892479282e+02 4.946047934086263922e+02
2.542999999999999705e-01 3.846553500009122217e+02 6.211023948970434958e+02 4.302992044735790387e+02 5.027378057830128455e+02 2.483962331246807764e+02 4.537963804481085504e+02
3.139600000000000168e-01 6.129193102048795936e+02 1.686380338184779930e+02 3.119885661332029940e+02 3.553739596541986430e+02 5.304824827135246323e+02 4.571055217311478032e+02
2.670400000000000551e-01 6.149125055749630064e+02 2.655392415196017737e+02 4.630120150474006095e+02 2.622688382615260707e+02 4.964768376069011993e+02 4.489795749807331617e+02
2.313199999999999701e-01 6.429371871816243811e+02 3.701588177839875584e+02 4.133765873454912594e+02 4.385233507473759005e+02 6.529028754603077687e+02 4.863087282603304402e+02
2.610599999999999588e-01 9.813163339432705925e+02 2.089470156613347456e+02 4.637512588764807333e+02 3.367777795784328987e+02 5.732326602442917647e+02 4.832785580396695764e+02
2.849599999999999911e-01 9.595733799400499038e+02 3.988223710280658452e+02 3.969099718045384861e+02 2.304552840083493379e+02 4.693802111477684775e+02 4.770093805759757402e+02
2.111800000000000344e-01 6.881325892090469551e+02 4.668485162068638488e+02 4.871938181384106201e+02 2.855818962787324153e+02 6.000262770390254445e+02 4.441736010160235537e+02
2.512999999999999678e-01 8.426760669829911876e+02 3.341632124131874093e+02 3.498039622940504501e+02 3.722751417738181772e+02 6.493712646619120505e+02 4.646008912028145232e+02
2.855600000000000360e-01 8.911006959879780425e+02 3.115812384653364688e+02 3.575855533270167825e+02 4.218410300717316659e+02 5.199159572709584154e+02 4.656850828218964580e+02
3.002399999999999514e-01 6.413348183115199390e+02 5.349905043879094819e+02 4.477896099530985339e+02 1.389447792285797050e+02 8.199641966524791314e+02 4.480361257504740138e+02
2.425399999999999778e-01 5.514574841083010597e+02 6.762839595504406134e+02 4.246868155342211821e+02 3.359904461580280213e+02 3.519456725568049933e+02 4.485415846056340001e+02
