6.999999999999995115e-02 9.249742700880908615e+02 3.904554376615203637e+02 1.677088674364091787e+02 9.504056366442327999e+02 7.037876895375235335e+02 3.662660620951393753e+02 2.394607105625011343e+02 2.230288961045527856e+02 3.261781909169454252e+02 1.025042559216741864e+02 6.136744055871751016e+02 4.348687376505492921e+02 5.946860753024167252e+02 2.385927855453189750e+02 3.123530907613187537e+02 9.683436472603177663e+02 8.985024250944206869e+01 1.282881793954499869e+02
1.326399999999999801e-01 3.377275018597511576e+02 4.142085930883366132e+02 4.328071182056299904e+02 7.784802736487889661e+02 8.388308084110755090e+02 1.742143384688446304e+02 6.941010784320110361e+02 8.833977953995953385e+02 3.466022681348763967e+02 8.421443537440401315e+02 4.925493495776754571e+02 4.181961044221632733e+02 1.597245042417549143e+02 7.944790210829370380e+01 1.607458829911425369e+02 5.923159475653073969e+02 5.336190296162480990e+02 3.619222038848311627e+02
7.501999999999997559e-02 1.137437468972557184e+02 1.926040378453949415e+02 3.621189979831425489e+02 7.693880396078620834e+02 7.095297051257500698e+02 4.338102104505762213e+02 2.782323093002232213e+02 5.824086334908110985e+02 2.863012789335749062e+02 6.340865286669665011e+02 2.927302465241953087e+02 3.158208337859712742e+02 4.738200323340163322e+02 5.429262826768377863e+02 1.691208355795981504e+02 4.526931832805263412e+02 8.098359052875366615e+00 1.505197036543414697e+02
1.610399999999999610e-01 1.975222290440768802e+02 9.792373010351063840e+02 4.692605239138416096e+02 5.393641088380961719e+02 4.539096438969565952e+02 3.410719683726499625e+02 7.690022336699682910e+02 6.845412017468047452e+02 2.297915361915775350e+02 3.389769197185554503e+02 1.373983018718997187e+02 2.606647330727580538e+02 6.188411515987087341e+02 8.021618122331893801e+02 3.409585184900861350e+02 3.999229860376191255e+02 8.189690542565936084e+02 3.308307250972311522e+02
1.332999999999999741e-01 6.368947274506250267e+01 8.244923328272992649e+02 3.036585136321803589e+02 7.615515703920628994e+02 7.119429116845449244e+02 4.167145104551401573e+02 3.519874120236225963e+02 4.063656819013613131e+02 2.176292660549892446e+02 2.812191667508237742e+02 4.640918116170903431e+02 2.670095599754295108e+02 9.258739205050576402e+02 2.724341864057821567e+02 2.355607076870693675e+02 4.328437644103062212e+02 3.795760776462107629e+02 1.525572229372307334e+02
1.239200000000000301e-01 1.601851693630885620e+02 4.796393978461140932e+02 1.567018921532486786e+02 3.264855531445102201e+02 7.376631830047333551e+02 1.591025530616816752e+02 8.490411713570035772e+02 7.477093192943930262e+02 3.314044038553229257e+02 2.239485310191172687e+02 9.990400891703387742e+02 1.875666549456534256e+02 5.991784027657583920e+02 4.012011334408116170e+01 2.667226933236827335e+02 1.905689848435285683e+02 1.864977706276282845e+02 4.043299387704473702e+02
2.536000000000004917e-02 3.324430688631367161e+02 9.548194335738494374e+02 1.970969046776047833e+02 3.301437230978225443e+02 2.373502554555887230e+02 3.406463587042127870e+02 7.633050602332461949e+02 8.081832038811360235e+02 1.763666908887495026e+02 8.876644924482911847e+02 2.716043992098116746e+02 3.707384284270045214e+02 2.383744016907689911e+02 6.700538708582943173e+02 2.354261318839581918e+02 2.358002568412178448e+02 4.055573142029092537e+02 4.119081230612478066e+02
3.227999999999997538e-02 2.858121036009696354e+02 5.805936586962467345e+02 3.873619022695587546e+02 2.445648066808030592e+02 3.266481178143776276e+01 4.674323235335241975e+02 8.141868925778655921e+02 7.086562885641770890e+02 4.816084286466524418e+02 7.690692516653028861e+02 3.916003578364753821e+02 3.420565837102301430e+02 7.812325346639762529e+02 3.452775388205217268e+02 1.873226839360510212e+02 7.408360934992540479e+02 2.327664018465795834e+02 4.076542145394632826e+02
1.092199999999999838e-01 4.469145658008773125e+02 4.726445840505810736e+01 4.639575223685937431e+02 9.653268083439990050e+02 2.619522785135505387e+02 4.827611412162644910e+02 3.543490171944628742e+02 1.028943671044742985e+02 3.561350291834500013e+02 3.390937564593057232e+02 5.913218738615213397e+02 4.559595445944824519e+02 3.523893822016664785e+02 9.760468957864916320e+02 2.512486664468455331e+02 2.246351235237691242e+02 9.647481522944818835e+02 1.499739623143114784e+02
1.074000000000000510e-01 2.826872529716445115e+02 7.670815180038176777e+02 3.838979961938042607e+02 5.719342290649842653e+01 1.208277643691257879e+02 4.622247546698263250e+02 4.496182372551591584e+02 3.572884826628296651e+00 1.053511469641777865e+02 6.511664852707773434e+02 4.176185555388881312e+02 2.321908338600367756e+02 4.395656348094866530e+02 7.846730330106349811e+02 2.451650188189528023e+02 7.186141068088438715e+02 2.153761741569155106e+02 4.413116826916175910e+02
3.439999999999998614e-03 3.034104666488580051e+02 3.560132289516529340e+02 3.569810908584295248e+02 5.324040865804602163e+01 8.845788938209624348e+02 4.433524955322676533e+02 9.118584369974947776e+02 1.881899819274427159e+02 4.240873649313327292e+02 7.223864217814125368e+02 8.190045220790882468e+02 2.699788115100636787e+02 2.445021101311633061e+02 5.374862548191965743e+02 4.224300492956306243e+02 3.186396477915831724e+02 1.212080260493645909e+02 2.873122683113412563e+02
1.196199999999999486e-01 1.081321276870607448e+02 8.168807106002287810e+02 4.471251349486136064e+02 1.940804900246749867e+02 2.847774821425938399e+02 4.901751971549151676e+02 4.952949195361773036e+02 3.815458237080005688e+02 3.707452309093721396e+02 3.310191747630078680e+02 5.330725107845647699e+02 2.871915257026674340e+02 8.010645119868036090e+02 8.740926165286484775e+02 2.133185363240365291e+02 3.361894827809106800e+02 2.048261062120875806e+02 1.923327759777466781e+02
8.657999999999999030e-02 5.122085443389283910e+02 7.512642189828719665e+02 3.921830130221804325e+02 2.544077121315724810e+02 2.388126743828225642e+02 3.786627506766176907e+02 3.931717719738715004e+02 5.431950475825987041e+02 3.123357204134450740e+02 8.925840101810520082e+02 7.116579383041403162e+01 3.351390615414645708e+02 1.649883249246721562e+02 2.394053340664509335e+02 1.659994761192314456e+02 1.235497517226796447e+02 7.386985538292201454e+02 4.118813270858986471e+02
1.364600000000000257e-01 5.222609940311863284e+02 3.866994173351622521e+01 2.959743043067108488e+02 9.509090531269074518e+02 1.589230915800055755e+01 3.678761230352295684e+02 9.157876047438738851e+02 6.525253002538177043e+02 3.910220551668298299e+02 7.701398759301121117e+02 8.892365036308046911e+02 3.997226450315228590e+02 2.045730613559159110e+02 3.046180288027142069e+02 4.111975269936069708e+02 7.569334042805102172e+02 9.901431874072470691e+02 2.496080087147655320e+02
5.405999999999999694e-02 1.522190547102240998e+01 3.561200451258812905e+02 4.854249608466974450e+02 2.592287048024002161e+02 6.529255157256516213e+02 2.589796176787050399e+02 8.180591982015783969e+02 3.094356237376671857e+02 2.885031685281355180e+02 6.676702335315540040e+02 1.849660113491877382e+02 1.431130455668341597e+02 3.212381432220370243e+02 8.206684218717510930e+02 1.971033798439870566e+02 5.789709406349393248e+02 8.110229920093705687e+02 4.884997398980965500e+02
1.218200000000000394e-01 3.446641351684405095e+02 6.419138033452642844e+01 2.742386114738459355e+02 4.865666287061076645e+01 4.750286252595744827e+02 4.833442524378907024e+02 1.217066426370069223e+02 9.349557840979720140e+02 2.458413196489270831e+02 6.421951107947134005e+02 3.276452176897220170e+02 2.529834630800613979e+02 6.486366673018561642e+02 5.256273540683145029e+02 3.988712760719245694e+02 5.806292765161704210e+02 2.613583042766324525e+02 1.341089269070159276e+02
9.540000000000004032e-02 9.571650197834594564e+02 6.761199692300695006e+02 3.545692116533692797e+02 5.598551829658608767e+02 1.576017344019487609e+02 3.702973093075258930e+02 6.108820798364471329e+02 5.119151075849183599e+02 2.070222614248600621e+02 4.102517669577823654e+02 4.612568078977253663e+02 3.367879851993783404e+02 2.004241717289847031e+02 8.992348365023735823e+02 2.683430384889683182e+02 4.933393957520748927e+02 8.558057816731189860e+02 4.560778226567946945e+02
1.754000000000000004e-02 1.954921384817441776e+02 8.251069684987256778e+02 2.385577429564671377e+02 3.246949874949025343e+02 7.541709371528637007e+01 4.798477564249938609e+02 8.118038265903663842e+02 8.704887729447546008e+02 4.478894765774705320e+02 1.671048083078108277e+02 4.870870009155731282e+02 3.276159436350296801e+02 2.583916497567518604e+02 7.283513396885908833e+02 2.161965457417243499e+02 9.155457958859274186e+02 1.567466723789946457e+02 3.814162589257273339e+02
1.001600000000000268e-01 8.895843346681886032e+00 4.550867161317903538e+02 3.414882731451112932e+02 9.931444025803012892e+02 7.930739387233483058e+02 4.415742664993252333e+02 5.264396774904669201e+02 1.753022645313978956e+01 2.614983526838078660e+02 4.931866187101742298e+02 3.592599164857560368e+02 3.925404560572446258e+02 7.281879962526115833e+02 8.950936403241171320e+02 1.314529528067317301e+02 2.116964559604568876e+02 9.223695155380394226e+02 2.121251838249299624e+02
1.459000000000000297e-01 5.370510837415126844e+02 6.481550595403973603e+02 3.202925362318736688e+02 2.056189198068670976e+02 3.466371934501167971e+02 4.247459699885795317e+02 4.883812577413106055e+02 9.056910686662624812e+02 1.012465027340832648e+02 2.668515785113448828e+02 2.148981883094915588e+02 4.601306109976110292e+02 7.440612581296647932e+02 1.558194347248271470e+02 1.627232418380768593e+02 9.292775008306139171e+02 3.511214566892213611e+02 2.088831830671297780e+02
1.052600000000000202e-01 1.931035710695353487e+02 7.536562720492170797e+01 3.480505094679026570e+02 2.041413798811441040e+02 9.712908754852686570e+02 3.947069452519017432e+02 4.378311684136133977e+02 7.685624190614826148e+02 3.528519325215227695e+02 5.611282721909635711e+02 2.130921041672263527e+02 3.565679217352343358e+02 1.441054376373311356e+02 4.434190169658830314e+02 1.681989892637533046e+02 9.220615238773543751e+02 9.580334685992457935e+02 1.547505792006784304e+02
4.825999999999996959e-02 1.344139143662150104e+01 3.030689526996935683e+02 1.448535008961410426e+02 1.648666956571046569e+02 2.178785087388546913e+02 3.071375544020002053e+02 8.044968755481867220e+02 1.365278324803509804e+02 2.777507549273880159e+02 3.215816956923566181e+02 6.635895555735114613e+02 3.243583557881147499e+02 5.835276901255507482e+02 6.151990804315050809e+02 4.520391899925415373e+02 4.447612626109499843e+02 4.270436410337642315e+02 4.882613272816403196e+02
9.719999999999995310e-02 3.997591533203972176e+02 3.878212573372887846e+02 4.973814181290152874e+02 5.925520545783343778e+02 2.308951198191295475e+02 3.929597272687827285e+02 8.898249403182880997e+02 6.966131122017119424e+02 2.965061479948814167e+02 7.202591488778300572e+02 6.712608815313355990e+02 3.662841196209384975e+02 4.023453788785988650e+02 5.314183124334381318e+02 2.592072041265745383e+02 5.340967013719102852e+02 7.538393087392935286e+02 3.608069072230291567e+02
1.758399999999999963e-01 2.814542820200139772e+02 4.611062268533717656e+02 2.587781652162931891e+02 3.935021170799803940e+02 3.109407825730198169e+02 4.201618713474367723e+02 4.015469824336784086e+02 6.752706391149820320e+02 4.415340046694452667e+02 6.222259620561720794e+02 6.350777363052287683e+02 2.902508597566172739e+02 8.810267969243113839e+00 7.615811574384126743e+02 4.149518529631162664e+02 3.885194084295372363e+01 8.210163288947260298e+02 2.380226117321591914e+02
7.008000000000003116e-02 3.561502845723657629e+02 1.053469848144007415e+02 3.793489973829703672e+02 7.277234055934313801e+02 4.112149804378834119e+02 3.941574636301613737e+02 4.718585204797381039e+02 9.207312391987196634e+02 1.556366484787957347e+02 4.487145897436926134e+02 9.363673036714029649e+02 4.720429430663565427e+02 8.303069441731022380e+02 9.763794794153159273e+02 3.443912502713927779e+02 4.437822169658165308e+02 7.786463020200792471e+02 4.221801338605586125e+02
9.955999999999998185e-02 9.707858009460086350e+02 9.749340207093177924e+02 3.652629036730360212e+02 2.541253960970855701e+02 6.907773078300451743e+02 3.544279508921683259e+02 5.724720049550128351e+02 6.729545832019206273e+02 4.157137647380224053e+02 5.033533405642057232e+02 3.001209683760100688e+01 3.594380236119216079e+02 8.556570817109322888e+02 8.914204286043823231e+02 4.598822260672150719e+02 1.680240463412066845e+02 3.882910654922281424e+02 1.787436495382144983e+02
7.523999999999997357e-02 1.372042337140922825e+02 6.955540917567440147e+02 1.943281118475594837e+02 4.743860049273882851e+01 3.392454344176127279e+02 4.233635055035634878e+02 5.019732016055557438e+02 7.339720534904874967e+02 4.568521739120061511e+02 8.291754162981242189e+02 4.111455769493636581e+02 4.654926908361526898e+02 7.786949863644618972e+02 5.957084596401275576e+02 1.501202391279507538e+02 9.803888016540342960e+02 2.677074313975676887e+02 4.243312221323358813e+02
6.818000000000001837e-02 6.179509106615230394e+02 3.469342762388538404e+01 4.734944576486617507e+02 8.846366581557541622e+02 4.585154992845702395e+02 3.407077014210565835e+02 1.152697289879972686e+02 6.892761255864372743e+02 4.110891050344512223e+02 6.452612446165550182e+02 6.340614768394484599e+02 4.740819158346810127e+02 8.774652042474037899e+02 8.428022623082777045e+02 3.938284074798755796e+02 5.824207539954248887e+02 6.674908018366202214e+02 4.662563365130807256e+02
2.873999999999998778e-02 8.756223403304938984e+02 9.513894568791108668e+02 4.330465154660270173e+02 1.102278365207271804e+02 2.366721613341768489e+02 4.772674298216817874e+02 7.194864979865346868e+02 4.627785324870765749e+01 3.060393565649216043e+02 2.161249500950422089e+02 2.166773099709333508e+02 4.242408758011800387e+02 8.729566926206424569e+02 7.767329278602018121e+02 4.141792576198955089e+02 3.222081969866953841e+02 7.273546604465598193e+02 3.438240517429307488e+02
1.006000000000000227e-01 8.472811425470696349e+02 8.093076433618989540e+02 3.541596370398040676e+02 7.688381898907309733e+02 8.978005482139892592e+02 4.261403146013258265e+02 9.876293329842876574e+02 1.179798484132866463e+02 2.037066706156298892e+02 4.105467788882796754e+02 1.720588443962406870e+02 4.227776694684380345e+02 4.796947607262927704e+02 6.455234484241841528e+02 3.885671405818441144e+02 4.947209787307721172e+02 5.637873795831615098e+02 4.504117442797365811e+02
1.276800000000000157e-01 5.593064485908532788e+02 1.649190004918234536e+02 1.320151480910970463e+02 4.642685392954036274e+02 6.026215457294474618e+02 4.948102833546038255e+02 2.948430986319376643e+02 5.661814763502871983e+01 3.896473826749513591e+02 1.989087390971048137e+02 3.936346196795449259e+02 4.869672151627332823e+02 7.259604927637050196e+02 6.464510811215941430e+02 3.317991415974821621e+02 3.524872011606597653e+02 3.285532837250613056e+02 1.238119706709977095e+02
1.567800000000000304e-01 7.534355346265859907e+02 9.952998625824675401e+02 2.805024891163387792e+02 9.693312561448390170e+02 3.057951184861716456e+02 2.909833138413333131e+02 7.452622801430745767e+02 8.520558015854714995e+02 4.369645605785226508e+02 3.403008739402413312e+02 1.853444668516875993e+02 4.896340991765206923e+02 5.519768948684094312e+02 2.480617852407226565e+01 3.498706432552781393e+02 6.801394346638074921e+02 2.181293754267122154e+02 3.256755851547014231e+02
1.157399999999999540e-01 4.222090629889297588e+02 3.540704308164180247e+02 3.390159855103590871e+02 6.218702951479547210e+02 4.301955541758609343e+02 3.068201555716735811e+02 7.490149166510361738e+02 5.933488247085141438e+02 3.660670648557895674e+02 5.826975965904052828e+02 7.264019799146491323e+02 3.326062570897175874e+02 4.674485476535047610e+02 6.213458531571342291e+02 4.292408098969992238e+02 1.602165979220684449e+02 6.227789144938782329e+02 4.861881089440211099e+02
1.706400000000000139e-01 1.304128409854167217e+02 2.527857117446911843e+02 2.707884059276640869e+02 4.348392374520626618e+02 4.622209843397960185e+02 1.005463528007212517e+02 4.951887491051571715e+02 6.322159339170507337e+02 2.505154869486260623e+02 7.238494248669660465e+02 2.836524784311768599e+02 3.296467108606441911e+02 3.348410593316751829e+02 3.970200613145186139e+02 3.765164124117208075e+02 1.745107850628948825e+02 5.971864606171120613e+02 2.899214624156261380e+02
1.061400000000000121e-01 3.064387624366042928e+02 2.326602104740144341e+02 4.894662880451152205e+02 4.180363188348320591e+01 2.935237063732080287e+02 3.871715030454662383e+02 6.516416404526783026e+02 6.271645674228062717e+02 2.946655162908672878e+02 2.530221445602613244e+02 6.042012537727134713e+02 3.516789256573980538e+02 6.404089974785551931e+02 1.275084476229746997e+02 3.243174823470799879e+02 3.195186884215715395e+02 4.974208207222166038e+02 4.243144846831895052e+02
9.000000000000007994e-03 7.280255362265102121e+02 8.907846789447987135e+01 3.131399405182954752e+02 7.950443947610581290e+02 8.393839032315989925e+02 4.618017809614791531e+02 1.155085071611896552e+02 2.441112028395988602e+02 3.370421725211566013e+02 9.236155890749060973e+02 5.328906813154653719e+02 2.292798403871166499e+02 8.927279633432019637e+02 4.745977539728798433e+02 2.683188969417020076e+02 3.304215572506095668e+02 6.487945193445102632e+02 3.999919271673323351e+02
1.133199999999999763e-01 2.236304124536725340e+02 8.759951272806802081e+02 2.552939191062747000e+02 7.281311735630329167e+02 9.043701931060844572e+02 1.110419087714274298e+02 3.099012616890054232e+02 6.269627002858330798e+02 3.484480420773224409e+02 6.446419833182776529e+02 5.492539716708565720e+02 4.589306830778400581e+02 4.458628749398298510e+02 5.520347095061406435e+02 2.974938701427875003e+02 1.894752065753269505e+02 1.934937829396615712e+02 2.596157357537426833e+02
5.927999999999999936e-02 6.673783001458372155e+02 7.339711053847247513e+02 2.145590818430420654e+02 8.828120972018898556e+02 3.881898772286266421e+02 3.908547307639095720e+02 6.020824840917529173e+02 3.741793197449777608e+02 1.675438968213673832e+02 3.203550639169794323e+01 5.469699105486236022e+02 1.185046662397570003e+02 4.461183234768211037e+02 7.785882522045496898e+02 3.365528655109699230e+02 2.867431022875920235e+02 5.394595035457216881e+01 4.791077738839867379e+02
2.388000000000001233e-02 7.612962064966108073e+02 6.890773308101661598e+01 2.934837032501540079e+02 1.342351018785491306e+02 2.816676441427814552e+02 3.235598660606475505e+02 4.180985576950083669e+02 9.647043307490242796e+02 2.542925373927021724e+02 7.432804011463522329e+02 6.096541557583287840e+02 4.480363082263087335e+02 1.591112296663007726e+02 4.907379166145294676e+02 3.327313324790999900e+02 6.312095164058223418e+02 9.015239346165803909e+02 4.966586368344148923e+02
5.235999999999996213e-02 8.104955970131270533e+02 7.254797400318476548e+02 3.323426299466767091e+02 3.808186739983501639e+02 8.133127677282661239e+01 2.903063379894741729e+02 9.395658632187351031e+02 3.526632933480207726e+02 3.948848599459861362e+02 1.324902908670831607e+02 1.990877063034481864e+02 2.630320835090522564e+02 4.929616568910557817e+02 2.682461010589972830e+02 2.582509624447631040e+02 2.642367239808904174e+02 6.783239498639070462e+02 2.143064714213142281e+02
1.000600000000000378e-01 3.997591533203972176e+02 3.878212573372887846e+02 4.973814181290152874e+02 1.276065123350089792e+01 7.660948055788554711e+02 3.929597272687827285e+02 8.898249403182880997e+02 6.966131122017119424e+02 2.965061479948814167e+02 4.976112064396165238e+02 6.712608815313355990e+02 3.662841196209384975e+02 4.023453788785988650e+02 5.314183124334381318e+02 2.592072041265745383e+02 8.702518696901925068e+02 5.944243704934648349e+02 2.430048781155122697e+02
1.989999999999999547e-01 9.072896138800427934e+02 4.677342228888065847e+02 3.153694844126491716e+02 5.022605309411013650e+02 5.688608547217575051e+02 2.203045573805649155e+02 1.135716664770029070e+02 8.215163312693400712e+02 2.057538208502569432e+02 9.480180595423473733e+02 1.919920833993013787e+02 3.192458592365474033e+02 1.782214006004216742e+02 1.058759204244228158e+02 1.566307606085020723e+02 7.975359882604560653e+02 6.122290554999372034e+02 3.021379369403697410e+02
1.003800000000000248e-01 7.060986496010150404e+01 6.173062619441018342e+02 2.995712588473568871e+02 2.472178429659062715e+02 4.615808944962172973e+02 3.381871914857669026e+02 9.715977079668521128e+02 6.784774342023445115e+01 4.330813213833231430e+02 6.504496068628542389e+02 1.010569963996313163e+02 3.108131280446845039e+02 8.808077548943130068e+02 4.729249348314033341e+02 3.542451529529079721e+02 7.654218833275458564e+02 6.516653072439455627e+02 3.819891402728359822e+02
6.755999999999995342e-02 5.585405127769884075e+02 7.218203134302959825e+02 4.760948512772205277e+02 7.410906658441110721e+02 5.055113867097475833e+01 1.360475282888955064e+02 8.353348265434599398e+02 2.569388279075351420e+02 2.559923816566492860e+02 7.098264282805470771e+01 8.377020639459733502e+02 3.035377763679367717e+02 2.794936562288739879e+00 8.561141874659934956e+02 1.811895531698986588e+02 1.270141176191688146e+02 3.088917240882145734e+02 2.689935529448019906e+02
1.035599999999999854e-01 4.508910650217627563e+02 1.681576755715040008e+02 3.323105742425411790e+02 1.036768841157172005e+02 2.722188302794819492e+01 1.344859339937525249e+02 4.659134129507032753e+02 9.259811311844858892e+02 4.301724256079605766e+02 6.563958128748328136e+02 4.188211749740813730e+02 1.842785230423314147e+02 2.444908753700187276e+02 1.805197491629996307e+02 3.400154107054065662e+02 8.664684562828997514e+02 4.490104523888592212e+02 3.960948771409390474e+02
1.335399999999999920e-01 3.456927695846134725e+02 3.226128304845518642e+02 1.382425864651306142e+02 3.278943675336330443e+02 1.402892390132970490e+02 4.669689370364163779e+02 8.278483103733498183e+01 6.766542733603165516e+02 4.803615799179624446e+02 7.201425023846854856e+02 7.714934276589038973e+02 3.094811004098949070e+02 1.381218469988555171e+02 1.814161472471370473e+02 2.253320325980259895e+02 3.461598578666055914e+02 6.917350137845653535e+02 3.095998304311847278e+02
1.301400000000000334e-01 3.971900123183826850e+02 1.595525292130865012e+02 3.903697462256562289e+02 8.624777148514242526e+02 6.233272702682866111e+02 3.736572417887289248e+02 6.681516527436988326e+02 7.524426671071839792e+02 2.345459719492700970e+02 7.972327476218454194e+02 1.405939499398137684e+02 4.058639730868538322e+02 7.899836243852265127e+00 5.172056178822946322e+02 2.338626007417334449e+02 4.409346063121238899e+02 1.089958334374164792e+02 3.572986463510366093e+02
1.610800000000000010e-01 3.769683689998006457e+02 8.763913653954135725e+02 2.397138613662717717e+02 5.704041112591964975e+02 2.385972588987360723e+02 3.037236068687394663e+02 7.909842394352814381e+02 6.263334900695697343e+02 2.541510489735665601e+02 8.754366277324405701e+02 9.909366808932045387e+02 4.856150328028878675e+02 4.376819439287509681e+02 6.092337715972219030e+02 4.496565275551670879e+02 5.383762127263078128e+02 8.269179378337349817e+02 3.749156515413146735e+02
6.942000000000003723e-02 3.611132250296069515e+02 6.121848356170861507e+02 3.581862922980358803e+02 6.973006822621273386e+02 9.130367365081460207e+01 1.843798112543865955e+02 8.705238653563055777e+02 9.481320038838647690e+01 3.184234275514887713e+02 1.209168800644513340e+02 3.486241474091032160e+02 3.260954901001309736e+02 8.604367446198459675e+02 7.992078601127471984e+02 3.489855008818868214e+02 3.203396123603111505e+02 4.908502576880155743e+02 1.143391700616332827e+02
1.444199999999999928e-01 3.120856412386041612e+01 7.858553646261960921e+02 3.232189990483169595e+02 1.997649625350062479e+02 2.228936128537170589e+02 3.005105008801277791e+02 8.319708735854645738e+02 5.014588196788084815e+02 3.493767242904112891e+02 1.172710066653962713e+01 4.126810714410283936e+02 3.317865294489767507e+02 8.057708936641411128e+02 5.627352401997094375e+02 2.935401096236840885e+02 7.603425589852788562e+02 9.824925396915757574e+02 2.829406377772395444e+02
1.036799999999999944e-01 6.215043388661318886e+02 6.942766820112099140e+02 2.199371003362075214e+02 5.088851897711302854e+02 3.497694242858149209e+02 4.119366681649516977e+02 5.408443461892765072e+02 3.440179580491732168e+02 2.561690802422235720e+02 2.914778653617032660e+02 2.026231827006671438e+02 2.348114502155374339e+02 9.740871805651726163e+02 2.491025784086189390e+02 2.447357090077038038e+02 1.939401688918404147e+02 8.382165954073635703e+02 2.903591130198336714e+02
1.235399999999999832e-01 3.676143613763725284e+02 4.098521807966598374e+01 4.536054129726200586e+02 5.418948511429265409e+02 4.450710561502197606e+02 1.477873816651854497e+02 5.249949998667129876e+02 2.488296705470341976e+02 4.157135742982300144e+02 1.675186058236334645e+02 9.129170485005250839e+02 3.040088952556125150e+02 5.368556098893583339e+02 8.193909826185298471e+02 3.582765481181860423e+02 3.647483667798908868e+02 5.861655410112816753e+02 4.142136518555734028e+02
9.111999999999997879e-02 8.522347854476198563e+02 9.479151300980382757e+02 2.753914588488413528e+02 4.797609912862660622e+02 4.697195055334826748e+02 4.204368882992675935e+02 2.185151591579315777e+02 5.091098287165617080e+02 3.975606735607636324e+02 6.635105135718029032e+02 4.239363688491640687e+02 4.098338022567983785e+02 4.305773421218657973e+02 8.792344226054059391e+02 4.113399738758731701e+02 9.369047211307470207e+02 4.232260721850259415e+02 3.116653054387132897e+02
1.701799999999999979e-01 3.063369870362479332e+02 1.266355873920541910e+02 2.984321698837213148e+02 2.377670694860485412e+02 5.871546498242450980e+02 2.729956393613398404e+02 2.116546513075070379e+02 7.031256372425268637e+02 1.574576431019868039e+02 1.992749182368845879e+02 1.105602418934344655e+01 4.001833136489661911e+02 2.755604400907755007e+02 5.699139389174108601e+02 2.285425414261417814e+02 7.718888108874742784e+02 3.753783800784908067e+02 4.940294623563606820e+02
9.055999999999997385e-02 8.888726980993976667e+01 4.225854893210675414e+02 1.537636860718812386e+02 5.643177330987015239e+02 3.166820083073179717e+02 4.752940408797946930e+02 3.906332049107263771e+01 6.867359760721525390e+02 3.136155653349686645e+02 8.651577860771130872e+02 7.765536893915383416e+02 2.735915252760922840e+02 2.332576619657078609e+01 1.792701323793607457e+02 1.568066861248549344e+02 1.328708847302894185e+02 1.070089707344583587e+02 3.561651151489717222e+02
8.220000000000005080e-03 6.502391084421034293e+02 9.249090919260975170e+02 2.933367335393383541e+02 2.717992281234425036e+02 6.732091472855810252e+02 4.488457323079441039e+02 1.059180703999172408e+02 4.785382661940146818e+02 4.795638179836672066e+02 8.755490517827265649e+02 8.498271817814176075e+02 1.551609201321684566e+02 2.894241832468828761e+02 4.362051452125583495e+01 1.789749494479208920e+02 8.600098670151984379e+02 3.396151761121957975e+02 4.376799082314460634e+02
4.037999999999997147e-02 4.222090629889297588e+02 3.540704308164180247e+02 3.348297057392166494e+02 6.218702951479547210e+02 4.301955541758609343e+02 2.407847163968707491e+02 7.490149166510361738e+02 2.960505660987054171e+02 4.375806120240985706e+02 5.826975965904052828e+02 7.264019799146491323e+02 3.326062570897175874e+02 6.852789092755702995e+02 9.335660092050019330e+02 4.292408098969992238e+02 9.446846541098324224e+00 6.227789144938782329e+02 4.861881089440211099e+02
5.966000000000004633e-02 6.703174308220092144e+02 2.928357273258195050e+02 2.160495896872143362e+02 7.324560828505520931e+02 8.314097676746771413e+02 4.040366831878243943e+02 1.785554689216590702e+02 1.156355450862374141e+02 2.143009118354501652e+02 1.066159454121228265e+02 7.732360716516809589e+02 3.317576940101581613e+02 5.316990969556757136e+02 3.037375005108069672e+02 3.551234995289602239e+02 3.025048651770036940e+02 7.889703069370249295e+02 1.260156237622985600e+02
9.843999999999997197e-02 3.344984742344477127e+02 4.796393978461140932e+02 3.763198481705450718e+02 8.628031977423358967e+02 6.087880911178106089e+02 1.591025530616816752e+02 4.469608479976890294e+02 7.477093192943930262e+02 3.314044038553229257e+02 2.239485310191172687e+02 9.990400891703387742e+02 1.875666549456534256e+02 5.991784027657583920e+02 4.012011334408116170e+01 2.667226933236827335e+02 8.186880899551524635e+02 1.864977706276282845e+02 4.043299387704473702e+02
4.099999999999992539e-03 4.870044832636565957e+02 6.821495567226384082e+02 4.121861084945238645e+02 3.144590120083881857e+02 3.024406257888651908e+02 4.090270432607156295e+02 2.147718851968579088e+02 8.568550344193480441e+02 4.406091467632105037e+02 5.437594973317166023e+02 9.795171322993658691e+01 1.662362693197563885e+02 7.037832599321517364e+02 9.822201161661030255e+02 4.077200765613129079e+02 9.510812021519053587e+02 2.314814943998748618e+02 4.775604142089621291e+02
1.909199999999999786e-01 5.625317828227841801e+02 7.716415888681711976e+02 3.851604975859625597e+02 4.515470934722988261e+01 8.102790691011717854e+02 3.003718291190297691e+02 3.313829511719458196e+02 3.397598438168317330e+02 2.335858711074781695e+02 4.723285283679598479e+01 5.002831344550152721e+02 2.323898231900017493e+02 3.499952151196181944e+02 7.807471381978764384e+02 4.415300202114996182e+02 7.143965142325030229e+02 7.614023294623450511e+01 1.377230247246149020e+02
1.346800000000000219e-01 5.827342826799707609e+01 6.525061432739898919e+02 2.091077008566941231e+02 8.530633369720845849e+02 5.244733045748404265e+02 1.527756299996187010e+02 9.224657003296263156e+02 2.213208967133060696e+02 2.471685237368231753e+02 3.615440259258596143e+02 8.460768934391226139e+02 3.741599066188738902e+02 3.695637640327926761e+02 1.537649328387020091e+02 1.685401534561707990e+02 9.671681764562102899e+02 8.766663246519034374e+02 3.924711904170658272e+02
1.654600000000000515e-01 2.367702109173051781e+02 2.671293111316912814e+02 4.586696149946382093e+02 5.355004994248413368e+02 5.243775143550307121e+02 2.561767160978744187e+02 5.423154123948952474e+02 3.934255448076444850e+01 4.176519221293207806e+02 5.549975260895153042e+02 6.775031973319614735e+02 1.834273841905729228e+02 5.847031724310104437e+02 4.016967619494993755e+02 2.074862599217019294e+02 3.827645031652302805e+02 7.077426280476854572e+02 4.530562432909671315e+02
1.392799999999999594e-01 9.946505372025353608e+02 5.994927236224948501e+02 1.602588114139716708e+02 9.851210133794112380e+02 6.088535542745443081e+02 2.441287874817134878e+02 3.966804286521677909e+02 8.162876700615684058e+02 1.026054861907448696e+02 3.876517704518033725e+02 2.688054550963154838e+02 3.250633106824308811e+02 3.590479581911895934e+02 7.539183993973792894e+02 4.426439468111143469e+02 3.574476134333167465e+01 8.890029507628132421e+01 4.642142505366611545e+02
7.484000000000001762e-02 4.991523143214512288e+02 3.663622575912029333e+01 1.671480566008148116e+02 3.160067716658454628e+02 9.128988389296716832e+02 4.362116800490575770e+02 2.781132493344558725e+02 2.841172828053658463e+02 4.691094051099943840e+02 7.849500698075622722e+02 7.266640190038876881e+02 4.114544702550271040e+02 6.545187667250623917e+02 5.788331035125786457e+02 3.870176468785069801e+02 2.974303279983256516e+02 1.659199133921065368e+02 2.673804958804008720e+02
6.577999999999994962e-02 4.390468909767349714e+02 7.270621889451564357e+02 3.392873250884992444e+02 6.996357631988676076e+02 7.754233085980745273e+02 1.136490965098757044e+02 6.699980909114622136e+02 2.884865841902569628e+02 4.147117174885021882e+02 1.658737561948894381e+02 3.616546609520528364e+02 4.273336721981685287e+02 4.447556638349578861e+01 7.810610868532228324e+02 3.442109414035918462e+02 1.671941844570239368e+02 7.655954580480399727e+02 2.209857733422182662e+02
9.289999999999998259e-02 3.193353700437238558e+02 3.306706831770276267e+02 1.717677735834837449e+02 3.674503778335740094e+02 3.244394582432432799e+02 4.543428134748804155e+02 5.540059563232385926e+02 6.285618695157843376e+02 4.482888948154176205e+02 7.107977025324097440e+02 5.425659552724438299e+02 2.992641397496125819e+02 9.590831439613116345e+02 2.302799196082527260e+02 2.840985320731484194e+02 4.071365217370744176e+02 6.826624235934194758e+02 2.999052057818748267e+02
6.311999999999995392e-02 3.525436712935192531e+02 6.162763103253274721e+01 3.161831035650965305e+02 6.776348058405066013e+02 2.572675624462501673e+02 4.470218988280348640e+02 8.507575974513385972e+02 3.734566071358477757e+01 1.610462872020848124e+02 3.249654646723296310e+02 7.687662644782112693e+02 3.496571259622261891e+02 6.673249195231751401e+02 6.051024106877728173e+02 4.149164376936089980e+02 4.455649377471422099e+02 2.195378128492575343e+01 2.760734722821709966e+02
6.023999999999996025e-02 6.666880213195884153e+02 8.062341123033528447e+02 4.127618645462925997e+02 3.585598498888838890e+02 5.047855410702830454e+02 4.318057465891561719e+02 4.037621351319988889e+02 1.470432160517630962e+02 4.432232135894315661e+02 5.248408070735150659e+02 4.210058435858550752e+02 1.862286383233231106e+02 9.292851694187466194e+01 6.554248261216989704e+02 2.466492948070874434e+02 7.241847952485542237e+02 5.264869991763624739e+02 3.696588433955516280e+02
1.062199999999999811e-01 2.279097177402884711e+02 6.487054545487069390e+02 3.827157232455331268e+02 5.889482880053449207e+02 3.812679117858746736e+02 4.771666188016318984e+02 8.719777733196340250e+02 2.018104670979384423e+02 1.317171817624939365e+02 4.136073071875604796e+02 7.381919774699708796e+02 1.709217538543815067e+02 1.958033933159124729e+02 9.093444244582076408e+01 1.915175127824684296e+02 5.394370286969424342e+02 5.085411580558912874e+02 4.173657289558431671e+02
1.359200000000000408e-01 5.806176305452715951e+02 8.142882923716025516e+02 3.726915064145122756e+02 6.285454524824776854e+02 2.799887459550365065e+02 2.900842848801683544e+02 2.693338412667966963e+02 3.001094806629561731e+02 2.265947292311000183e+02 2.198387559858072677e+02 4.812856070020907850e+02 2.175126791421199073e+02 3.441785302575092373e+02 2.400970997492487413e+02 2.017441385126157058e+02 1.045356722609629401e+02 1.779680447979264954e+02 2.438270701220320973e+02
3.522000000000002906e-02 9.313656212701729942e+01 2.848549545754034398e+02 4.120483718909496815e+02 4.801519349549827780e+02 6.296161918154579240e+01 4.294669632440813984e+02 6.147223722255290568e+02 9.158828951041191431e+02 4.431863274312802332e+02 2.928599762516319061e+01 7.703807067421147394e+02 3.503233640812847511e+02 3.506623442980468326e+02 4.876511106618784197e+02 4.431622984052670517e+02 8.090605662657635548e+02 9.069299763329001962e+01 4.134694043357449686e+02
1.551399999999999446e-01 2.005803527503742316e+02 8.109046945883761737e+02 4.008813079409731017e+02 3.828319437731371409e+02 6.426636413223892532e+02 4.640334392493844007e+02 7.835446729381651494e+02 1.310052152901961620e+02 4.523909397306479150e+02 5.128250974098572215e+02 4.288948401406900643e+02 1.976169986418568101e+02 8.912116335593725580e+01 6.756784053736230362e+02 2.178869221479559144e+02 6.572040915935789371e+02 5.554094355062063642e+02 3.696112873853676319e+02
1.082400000000000029e-01 7.956210144748304174e+02 7.581972937863782818e+02 4.719715344266992361e+02 1.794599709144807491e+02 1.917911485611473097e+02 4.950754459356244865e+02 4.793193295243006560e+02 5.710309741561856072e+02 3.112313103896671009e+02 2.140693186556318324e+02 2.234791950194114918e+01 1.586910476002918813e+02 8.425780643036374613e+02 1.049434536538550446e+02 2.028794000180773196e+02 3.838875967503666402e+02 3.511179738273614248e+02 1.993968378412874358e+02
7.947999999999999510e-02 7.925449649167742336e+02 1.550555625844241092e+02 3.685425331233494717e+02 4.570075257100458543e+01 1.592995820823196595e+02 4.211183989170627342e+02 5.094437519067665221e+02 1.639309917948884276e+01 1.248502597106210601e+02 8.417793837719054864e+02 7.668051688746552372e+02 4.292196897650349001e+02 2.095780858895594747e+02 1.607376141539095329e+02 3.304835252796748364e+02 2.793274650708584659e+02 9.655680880932566197e+02 3.140995006428236138e+02
4.520000000000001794e-02 1.493037259456856418e+02 3.541237533993968327e+02 2.377809973815809883e+02 3.062180934392428640e+02 7.242160096269553833e+02 3.237238567464034986e+02 8.824862797773160992e+02 5.171902848966661850e+02 2.692749442573389160e+02 1.145757986398365773e+02 5.637714373683775193e+02 1.992729738197685947e+02 6.329361371913171297e+02 9.495450173192783723e+02 4.106184769495212095e+02 7.717317164665345217e+02 2.198181655216961872e+02 3.488303545239563732e+02
1.028999999999999915e-01 3.362453734225164226e+01 5.554300285602917029e+02 4.262721498297769358e+02 7.116079637347426115e+02 3.457571531335846089e+02 4.118860043765888577e+02 4.762123516228985523e+02 7.171319385467443226e+02 1.390404476306911761e+02 3.611394977779699502e+02 8.158769291168476911e+02 2.923184300782903620e+02 2.609541051953771671e+02 4.699599511055881749e+02 2.197789884916475955e+02 5.319294279735485134e+02 8.026120938433094807e+02 4.508918047126198871e+02
1.226399999999999713e-01 2.270978799860870367e+02 1.314697769945125287e+02 2.313873955522031736e+02 9.777375790469263848e+02 8.649216030299760405e+02 4.831245389466587312e+02 3.093022874171861076e+02 7.446618653382212187e+02 1.097017702158837835e+02 9.403215646670034857e+02 1.437758786973108158e+02 3.804654031226904749e+02 4.409128075505574316e+02 4.999764474969541084e+02 2.216988726483800747e+02 3.776677067319789103e+02 2.528992144265273510e+02 4.257460237897041111e+02
5.256000000000005112e-02 1.621813642958544222e+01 4.498971802595422673e+02 3.546888915954663162e+02 9.661754093755754411e+02 6.398760495543414208e+02 4.314876099914984025e+02 1.044590799280599356e+02 3.535022729932526886e+01 2.513119903046785737e+02 5.065374072253496252e+02 3.504943647581616233e+02 3.798867223699849660e+02 7.324183891258753647e+02 8.725896633775348619e+02 1.634111446502112130e+02 2.861194600215405899e+02 8.902334751715461607e+02 2.121780238362455293e+02
1.502799999999999692e-01 6.334528835971198646e+00 3.146252597002429638e+02 4.285742506691309472e+02 8.741580943342931960e+02 4.326139993564895576e+02 2.280383019497082273e+02 2.844501886574386162e+02 8.523593680694906425e+02 2.626117777138559291e+02 6.455354530239688984e+02 1.571266903722126926e+02 2.010660112838671694e+02 8.363334698974470029e+02 5.234304419449017587e+00 3.665421543324802087e+02 5.735139714479383883e+02 1.905433177770916018e+02 3.514577742295692815e+02
9.943999999999997286e-02 7.572412946927925077e+02 9.405397842458296509e+02 4.797405887649535998e+02 2.206743330105825862e+02 4.510199978434904438e+02 1.825256802544537607e+02 7.064881992392096777e+01 8.151368375523306895e+02 1.066974681693541100e+02 7.410909553736961470e+02 6.492513405512020199e+02 4.357032162404408382e+02 4.934881067827477636e+02 2.242411599600949330e+02 4.351021697995709019e+02 3.825008636368635280e+02 3.563570428681075555e+02 3.263049734571765157e+02
1.419799999999999951e-01 1.027426401360610413e+02 4.096205936198535937e+02 4.468735396469926968e+02 9.526038383827669804e+02 7.600595285027744694e+02 3.895757456759473030e+02 1.153876578632240246e+01 1.987696897518986816e+00 1.111853698883936516e+02 3.855434504719941060e+02 7.640040784067153936e+02 1.267161169815364588e+02 6.039068760832415137e+02 2.733313046227279415e+02 2.142065516104830465e+02 4.913044858720352295e+02 3.947593449468557196e+02 2.185189202013000340e+02
1.402200000000000113e-01 4.496706654871874775e+02 6.508345063981265639e+02 2.144900629710828071e+02 4.097069399533748424e+02 3.796052413185886394e+02 2.620366260004024639e+02 6.591419754052041071e+02 6.808965233858231159e+02 3.261781909169454252e+02 7.750585562855573016e+02 9.025890785238250373e+02 3.764727596083763501e+02 9.964843979505401421e+02 2.790856795571526732e+02 3.123530907613187537e+02 1.846600740398731659e+02 8.035095874707577650e+02 2.034253964814411404e+02
1.669800000000000173e-01 4.020807747925585431e+02 4.096205936198535937e+02 4.468735396469926968e+02 9.526038383827669804e+02 7.600595285027744694e+02 3.895757456759473030e+02 1.153876578632240246e+01 1.987696897518986816e+00 1.111853698883936516e+02 3.855434504719941060e+02 9.006119326701190175e+01 1.267161169815364588e+02 5.513817950235227272e+02 2.733313046227279415e+02 2.142065516104830465e+02 1.551493175537530078e+02 5.541742831926844701e+02 3.363209493088169211e+02
6.303999999999998494e-02 2.899637629466086537e+02 4.993690096807780492e+02 2.047940387705479566e+02 4.722463950827166173e+02 6.649248841481529553e+02 2.921054944152979260e+02 2.829605225442841174e+02 7.484746210101568522e+02 3.798307847804455832e+02 3.453797815902250363e+02 2.980719961972552028e+02 1.798170263819702086e+02 7.227575268779885391e+02 7.266012121646394917e+02 4.561311999041350305e+02 7.502291033123860871e+02 6.178348980190173734e+01 4.799209513186894469e+02
6.081999999999998519e-02 9.166562045252376265e+02 2.763003822899231636e+02 2.995824165268103343e+02 3.388506061408329515e+02 2.135669165972570056e+02 3.920350434705359248e+02 4.307240373940770723e+02 6.566262594883115753e+02 4.988031084227176848e+02 7.556201785056548488e+02 3.039360959417659842e+02 4.602113903115767357e+02 6.879057613989409674e+02 8.971792448719165805e+02 1.480968643343988447e+02 4.465006921501038164e+02 3.147281515157218905e+02 2.431848116686300045e+02
6.979999999999997318e-02 1.194490314894763827e+02 2.814807463198938535e+02 3.555361766644870158e+02 4.623774699282524807e+02 6.958738018813625104e+02 2.961163435360643916e+02 9.138058680203848780e+02 7.408245694337285840e+02 3.927175973554381017e+02 3.544275628537979514e+02 8.662090943237265606e+01 4.003068000308520595e+02 6.805073050606927154e+02 1.433171775460011474e+02 2.618593464469731771e+02 7.376047876823505476e+02 2.497588979023683748e+02 1.649239964848642046e+02
1.140799999999999592e-01 2.270978799860870367e+02 1.314697769945125287e+02 2.313873955522031736e+02 9.777375790469263848e+02 8.649216030299760405e+02 4.831245389466587312e+02 3.093022874171861076e+02 7.446618653382212187e+02 1.097017702158837835e+02 9.403215646670034857e+02 1.437758786973108158e+02 3.804654031226904749e+02 2.230824459284918930e+02 4.999764474969541084e+02 2.216988726483800747e+02 5.284374581129490025e+02 2.528992144265273510e+02 2.818557109651113137e+02
6.054000000000003823e-02 3.581626028781226410e+02 3.109444243534592829e+02 4.020414546827309437e+02 6.773518622892919439e+02 5.393290071892079141e+02 3.898224713529537553e+02 7.562410123995872482e+02 6.038082210314632903e+01 2.981744040160449458e+02 2.884896003400784252e+02 7.601987777725632895e+02 1.772932329447946245e+02 7.692214612316265629e+02 3.046079727446707466e+02 2.769919115350912762e+02 6.687500988941768583e+02 9.507103505757229414e+02 1.857182549782801857e+02
1.083399999999999919e-01 1.261629988092453090e+02 6.451178101242337561e+02 4.356951653559484043e+02 9.299394487024308091e+02 4.237489153498987662e+02 3.981033277596205266e+02 8.001058614539456357e+02 3.865189384100556822e+02 1.175810183262707511e+02 2.501413029883388219e+02 8.574877330110730611e+01 3.337571033320975857e+02 2.488080187118937374e+02 7.697163017595627252e+02 2.110865028283643881e+02 9.614332339510890506e+02 9.958845289428194292e+02 2.875756045260175142e+02
9.711999999999998412e-02 3.918143497583955650e+02 4.413843062270627229e+02 4.670451906521215051e+02 1.440376638646428660e+02 6.274163540851707239e+02 3.585439949169988836e+02 7.703057884239088935e+02 7.167871402367079554e+02 1.222701470611456926e+02 1.929133302942375963e+02 4.565255266656890853e+02 3.940639515051536819e+02 8.795721150680177516e+02 2.870284639572810192e+01 4.149180919287005054e+02 3.275551434845130530e+02 8.668707339890273715e+02 4.510053417444187858e+02
7.054000000000004711e-02 5.151283658418036566e+02 7.596826032757051053e+02 4.797390553803998046e+02 2.347780976315980581e+02 1.923093699344495917e+02 4.968297228314892777e+02 2.969825599874402542e+02 3.374926006766032494e+00 3.241110968493375140e+02 6.324085816947144849e+02 2.393876250346303891e+02 1.493013127046099271e+02 7.492034305330845427e+02 6.852198439515451582e+02 4.056970500818302980e+02 6.343873559504378363e+02 2.891212325288834677e+02 3.132571916365299671e+02
1.291999999999999815e-01 5.675657823970905156e+02 6.651681495510198374e+02 2.452928360674529245e+02 5.303421178473215605e+02 2.409019865605613404e+02 4.048137714905622033e+02 4.692194731457251464e+02 3.291891857357553590e+02 2.465156451072527091e+02 3.249995292117257577e+02 2.095213043515816196e+02 2.379306171124484877e+02 9.537276550071802603e+02 2.911977076535864626e+02 2.653656252310860850e+02 2.701388016597857700e+02 8.144958470539379505e+02 2.825885601116588646e+02
1.174199999999999688e-01 8.211877417571747628e+01 4.031913574093097168e+02 4.734944576486617507e+02 7.234544705330425813e+02 5.498459659025068049e+02 3.407077014210565835e+02 3.274369354595426103e+02 1.957302349149945826e+02 1.596347288925148575e+02 6.266945038619281831e+02 2.716043992098116746e+02 2.660031191846480851e+02 7.704919249852489429e+02 6.700538708582943173e+02 4.510348712415266164e+02 9.559264965712940239e+02 6.010091118731062352e+02 2.126535839380856316e+02
1.549399999999999666e-01 9.189043343438938791e+02 8.477990555221913382e+02 1.475629070907320965e+02 4.029765959376353521e+02 5.557874394074852944e+02 3.750199432289338120e+02 6.214646842194390501e+02 2.310980122972861039e+01 2.528202325497271090e+02 5.182344519873749533e+01 9.164259256446541713e+02 4.283991429200467564e+02 2.230858680670745287e+02 4.980090109652103365e+02 4.728446165191767818e+02 3.970386891923249806e+01 6.075859422296725398e+01 1.037745313617214151e+02
1.101600000000000357e-01 5.407240094357021007e+02 8.289996661781331113e+02 2.479635429975286058e+02 6.874376023331543593e+02 1.930938882637565257e+02 4.582555357964372433e+02 6.873357506671402462e+02 2.833923654755583925e+02 1.292439040457389865e+02 4.030090558582402309e+02 3.007871853333110721e+02 3.560806426538835581e+02 6.221219373583272727e+02 6.159337917864735346e+02 2.799801582456881874e+02 4.008226052335947429e+02 8.642258735884494172e+02 4.200511315887504225e+02
9.526000000000001133e-02 5.350524137175405315e+01 5.569351048838719862e+02 4.458981211844559880e+02 9.012148503440952254e+02 7.735613330648734518e+02 3.688311498633460701e+02 5.066180190217589825e+02 3.654824157785582202e+02 4.339225909123744032e+02 3.901457083140113014e+02 5.475632187723181232e+02 4.879158230873979392e+02 9.817347931974529374e+00 8.465884381154187395e+02 3.099042049720043224e+02 4.873702872612314536e+02 8.299553442621893282e+02 3.709320997117204115e+02
6.628000000000000558e-02 8.771818050019189172e+01 8.983140240198124502e+02 3.721118739068510877e+02 4.899632472648728481e+02 2.991435293732268406e+02 3.790912670644310651e+02 4.910684435221015747e+02 6.869548985067862077e+02 2.450921704981094251e+02 4.054213442317781073e+02 2.185162782885382740e+02 2.766076263167179832e+02 8.159339399204840220e+02 1.146543235142528374e+02 1.431172165168813990e+02 7.473499080829004697e+02 6.894602641866404156e+02 4.127199563923757637e+02
5.908000000000002139e-02 2.099616638294543804e+02 6.449599982023428311e+02 2.923977847125968310e+02 6.899035848371511292e+02 3.112614244635743148e+02 3.582743234657754670e+02 5.011485074575773524e+00 3.760861236822327669e+02 3.837496669537532625e+02 5.600831573240729995e+02 4.732129274288358829e+02 4.710329189524542244e+02 6.502118135482246544e+02 1.451635192760605833e+02 4.776128816517411337e+02 9.407860795215456164e+02 8.817159755988197958e+02 1.873472760479765498e+02
9.382000000000001450e-02 5.521828736921105474e+02 8.107020780868823522e+02 4.092941414489640124e+02 8.392413977117421382e+02 2.252827217284318237e+02 3.290451092726435149e+02 1.728933136858353805e+02 1.496844329205633812e+02 1.260904964768391210e+02 3.414984424057042816e+02 9.997775919224549170e+02 1.947023340187909923e+02 2.233367369647610872e+02 3.896481651944151281e+02 2.257089280438622723e+02 8.215742571483125403e+02 4.738395749685010401e+02 3.161023585989480580e+02
