2.026000000000000023e-01 6.611373253433421269e+02 3.855635775630170770e+02 4.662638157054190629e+02 3.430507965843700049e+02 6.956786971818175971e+02 4.771112275094866391e+02
2.340799999999999548e-01 7.874604348271266190e+02 3.195101563109234917e+02 3.570964012909565781e+02 3.361150507714910987e+02 6.134665861389867132e+02 4.679105730110376840e+02
2.175200000000000466e-01 8.070772731517273542e+02 3.823856747093112176e+02 4.475723940397448359e+02 3.582498604877700927e+02 7.145815855256216764e+02 4.951832443584057728e+02
2.014200000000000434e-01 6.985534722360939668e+02 4.174661254354588209e+02 4.844452960706067302e+02 1.994068960093793521e+02 6.433422001629388660e+02 4.831621720974051186e+02
2.425399999999999778e-01 6.097798263191317574e+02 3.156323769234679730e+02 4.765921194293902090e+02 2.261625702952001689e+02 5.327972513503900700e+02 4.480726353826657942e+02
2.839800000000000102e-01 4.918045626464377165e+02 8.335296785799075678e+02 4.660844087087320418e+02 4.544405587249929113e+02 8.369462231603830560e+01 4.273565396581153664e+02
2.688199999999999479e-01 6.343430127172973698e+02 3.060332265951326463e+02 4.822951912123327247e+02 2.935093566693478806e+02 4.402668597465649896e+02 4.547281452170650482e+02
2.355399999999999716e-01 5.992750035992421545e+02 3.210850210095198918e+02 4.829810838451131190e+02 2.473986483404177648e+02 5.448078137613817944e+02 4.543992886569441225e+02
2.113599999999999923e-01 8.140891200115243009e+02 3.404102362137398359e+02 4.910329230744545725e+02 3.344602178660874188e+02 6.794786273942817161e+02 4.720139743743249028e+02
2.135799999999999921e-01 6.374377390196768829e+02 4.287559720887171011e+02 4.737866862546011362e+02 1.371706191978709057e+02 5.721278196226370483e+02 4.948894984434888897e+02
2.370799999999999574e-01 6.393051894480538522e+02 2.285987736470875689e+02 4.812800393928271774e+02 4.048523304705053079e+02 6.463018472573737654e+02 3.948529402536682369e+02
2.697800000000000198e-01 5.633623948186042298e+02 8.664550083687021242e+02 3.372698318590463487e+02 5.032308636244220565e+02 3.704736561683299669e+02 4.953881803779144093e+02
2.281600000000000295e-01 6.508775243606818321e+02 5.238066512644222712e+02 4.814594426001840475e+02 6.199060019504287311e+01 4.255066071054542931e+02 4.829530305457180930e+02
2.429400000000000448e-01 5.632474997415210964e+02 7.517475116456412252e+02 4.825433520744380189e+02 1.916698787785560398e+02 2.275428142840437431e+02 4.954474266390041635e+02
2.503999999999999559e-01 8.312738970833287340e+02 1.415631204366104896e+02 4.915632824378101873e+02 3.604544611673896952e+02 5.536054789034346868e+02 4.916220861085823230e+02
2.244199999999999529e-01 7.630128851005206343e+02 2.655392415196017737e+02 4.222003305865111997e+02 2.924397045910901056e+02 6.576706481266627407e+02 4.842932323979484863e+02
2.628599999999999826e-01 8.187492983960491983e+02 2.837432308335153266e+02 4.404735446889416153e+02 4.792545972502020390e+02 7.379866027819018655e+02 4.881536296092075986e+02
2.530599999999999516e-01 6.773514063243410419e+02 3.875362226562393175e+02 4.175334547619248724e+02 4.020430892113098480e+02 6.566421349963254670e+02 4.022265941144391945e+02
2.218400000000000372e-01 6.107674625285403636e+02 8.171783546748729350e+02 4.097923607589510198e+02 4.473982665026416612e+02 3.369514458042207252e+02 4.881146349619450007e+02
2.044000000000000261e-01 6.991835614813937809e+02 6.211023948970434958e+02 4.554630415590494295e+02 2.637443049243827886e+02 4.074565116155874875e+02 4.565286490939017767e+02
2.591599999999999460e-01 6.714296203229118873e+02 1.293787616890500090e+02 3.934849339072343923e+02 3.950498773779891621e+02 7.140333736671351517e+02 4.307563811906339879e+02
2.582200000000000051e-01 6.149125055749630064e+02 4.183405454456485586e+02 4.597941620055048020e+02 2.622688382615260707e+02 4.281426203598770144e+02 4.489795749807331617e+02
2.344800000000000217e-01 6.429371871816243811e+02 3.701588177839875584e+02 4.133765873454912594e+02 4.385233507473759005e+02 6.529028754603077687e+02 4.863087282603304402e+02
2.434399999999999897e-01 6.268919891216842188e+02 7.415515941760064607e+02 3.688923027475766503e+02 4.073531111964133515e+02 4.170173712284703811e+02 4.893802522261972854e+02
2.884200000000000097e-01 9.595733799400499038e+02 3.988223710280658452e+02 3.969099718045384861e+02 2.304552840083493379e+02 4.693802111477684775e+02 4.770093805759757402e+02
2.085599999999999676e-01 6.056545426301175894e+02 3.257746488520122057e+02 4.826901862251395983e+02 3.301911957468545324e+02 6.641115801146011108e+02 4.199497011900597840e+02
2.298000000000000043e-01 5.889023255649063913e+02 3.341632124131874093e+02 4.716279070645626348e+02 3.722751417738181772e+02 6.493712646619120505e+02 3.945276321576507144e+02
2.311600000000000321e-01 6.286012251425682962e+02 2.029671801780719704e+02 4.651231385226227530e+02 4.575241774270717769e+02 7.693271099912662976e+02 4.376854469517436428e+02
2.500999999999999890e-01 7.056556057095540382e+02 4.331680727821545815e+02 4.986629524146006247e+02 1.023687410997203528e+01 4.665470270718822690e+02 4.781886173772206234e+02
2.418000000000000149e-01 5.514574841083010597e+02 6.762839595504406134e+02 4.246868155342211821e+02 3.359904461580280213e+02 3.519456725568049933e+02 4.485415846056340001e+02
