7.206000000000001293e-02 9.249742700880908615e+02 3.904554376615203637e+02 1.677088674364091787e+02 9.504056366442327999e+02 7.037876895375235335e+02 3.662660620951393753e+02 2.394607105625011343e+02 2.230288961045527856e+02 3.261781909169454252e+02 1.025042559216741864e+02 6.136744055871751016e+02 4.348687376505492921e+02 5.946860753024167252e+02 2.385927855453189750e+02 3.123530907613187537e+02 9.683436472603177663e+02 8.985024250944206869e+01 1.282881793954499869e+02
9.745999999999999108e-02 3.824930259869662450e+02 3.621861093030111647e+02 4.707820158713340675e+02 1.092583440148433738e+02 7.759774853239675849e+02 4.019762084365703458e+02 8.317726750281779005e+02 7.014179875153628245e+02 2.778257102169816335e+02 5.418822422623552484e+02 6.185123812479330354e+02 3.677022479711137066e+02 1.883717601237291888e+02 7.944790210829370380e+01 2.554563709787551034e+02 9.717632047753412508e+02 5.602718548867710524e+02 1.173886798583386621e+02
7.313999999999998280e-02 3.120856412386041612e+01 7.858553646261960921e+02 3.621189979831425489e+02 1.997649625350062479e+02 2.228936128537170589e+02 4.338102104505762213e+02 8.319708735854645738e+02 7.690272524276363129e+02 2.850145318389331806e+02 1.172710066653962713e+01 4.126810714410283936e+02 3.317865294489767507e+02 6.097235682042821736e+02 2.817370997566284814e+02 2.935401096236840885e+02 8.960353352281520074e+02 8.098359052875366615e+00 2.829406377772395444e+02
5.476000000000003087e-02 3.845824853119113982e+02 9.792373010351063840e+02 4.692605239138416096e+02 9.551172124491829436e+02 7.705457359554945924e+02 3.410719683726499625e+02 7.690022336699682910e+02 7.625511374158918443e+01 1.110370099211426691e+02 4.410212618914950440e+02 9.543266181004179316e+01 1.520910455956518490e+02 7.363822217360851710e+02 2.959958189101505468e+02 2.149557837142727408e+02 4.170838022870248096e+01 5.240467763160687582e+02 4.747647382990391520e+02
1.026000000000004686e-02 7.542539532004655030e+02 6.889867990042695567e+00 1.925737300190771180e+02 3.997874793850514266e+02 8.353166475579545249e+02 3.820740082533949931e+02 6.290406584335839852e+02 4.371479130601014731e+02 2.176292660549892446e+02 9.317816668669532874e+02 5.897413520779442706e+02 4.924932956258214176e+02 2.351905902439147553e+02 5.556845051974897842e+02 4.452852355244287423e+02 2.868476087267634398e+02 3.795760776462107629e+02 4.534815443074264749e+02
1.243199999999999861e-01 1.601851693630885620e+02 4.796393978461140932e+02 1.567018921532486786e+02 3.264855531445102201e+02 7.376631830047333551e+02 1.591025530616816752e+02 8.490411713570035772e+02 7.477093192943930262e+02 3.314044038553229257e+02 2.239485310191172687e+02 9.990400891703387742e+02 1.875666549456534256e+02 5.991784027657583920e+02 4.012011334408116170e+01 2.667226933236827335e+02 1.905689848435285683e+02 1.864977706276282845e+02 4.043299387704473702e+02
2.410000000000001030e-02 3.324430688631367161e+02 9.548194335738494374e+02 1.970969046776047833e+02 3.301437230978225443e+02 2.373502554555887230e+02 3.406463587042127870e+02 7.633050602332461949e+02 8.081832038811360235e+02 1.763666908887495026e+02 8.876644924482911847e+02 2.716043992098116746e+02 3.707384284270045214e+02 2.383744016907689911e+02 6.700538708582943173e+02 2.354261318839581918e+02 2.358002568412178448e+02 4.055573142029092537e+02 4.119081230612478066e+02
3.051999999999999158e-02 2.858121036009696354e+02 5.805936586962467345e+02 3.873619022695587546e+02 2.445648066808030592e+02 3.266481178143776276e+01 4.674323235335241975e+02 8.141868925778655921e+02 7.086562885641770890e+02 4.816084286466524418e+02 7.690692516653028861e+02 3.916003578364753821e+02 3.420565837102301430e+02 7.812325346639762529e+02 3.452775388205217268e+02 1.873226839360510212e+02 7.408360934992540479e+02 2.327664018465795834e+02 4.076542145394632826e+02
1.042999999999999483e-01 5.416400704462799922e+02 4.726445840505810736e+01 2.833538579455407671e+02 4.899699303504122554e+02 3.016837004643801379e+02 3.717908300497094274e+02 6.259329506922991868e+02 8.080050409432600418e+02 3.732506457853932602e+02 8.707823792298346461e+02 1.111965617559797010e+02 2.961378593871203293e+02 5.170484178420070975e+02 5.805460007051134426e+02 3.799049600205479464e+02 1.599961810686523904e+02 4.719278667376804037e+02 2.966590811116689110e+02
1.070600000000000440e-01 2.826872529716445115e+02 7.670815180038176777e+02 3.838979961938042607e+02 5.719342290649842653e+01 1.208277643691257879e+02 4.622247546698263250e+02 4.496182372551591584e+02 3.572884826628296651e+00 1.053511469641777865e+02 6.511664852707773434e+02 4.176185555388881312e+02 2.321908338600367756e+02 4.395656348094866530e+02 7.846730330106349811e+02 2.451650188189528023e+02 7.186141068088438715e+02 2.153761741569155106e+02 4.413116826916175910e+02
3.480000000000038618e-03 3.034104666488580051e+02 3.560132289516529340e+02 3.569810908584295248e+02 5.324040865804602163e+01 8.845788938209624348e+02 4.433524955322676533e+02 9.118584369974947776e+02 1.881899819274427159e+02 4.240873649313327292e+02 7.223864217814125368e+02 8.190045220790882468e+02 2.699788115100636787e+02 2.445021101311633061e+02 5.374862548191965743e+02 4.224300492956306243e+02 3.186396477915831724e+02 1.212080260493645909e+02 2.873122683113412563e+02
1.242400000000000171e-01 1.081321276870607448e+02 8.168807106002287810e+02 4.471251349486136064e+02 1.940804900246749867e+02 2.847774821425938399e+02 4.901751971549151676e+02 4.952949195361773036e+02 3.815458237080005688e+02 3.707452309093721396e+02 3.310191747630078680e+02 5.330725107845647699e+02 2.871915257026674340e+02 8.010645119868036090e+02 8.740926165286484775e+02 2.133185363240365291e+02 3.361894827809106800e+02 2.048261062120875806e+02 1.923327759777466781e+02
8.674000000000003929e-02 5.122085443389283910e+02 7.512642189828719665e+02 3.921830130221804325e+02 2.544077121315724810e+02 2.388126743828225642e+02 3.786627506766176907e+02 3.931717719738715004e+02 5.431950475825987041e+02 3.123357204134450740e+02 8.925840101810520082e+02 7.116579383041403162e+01 3.351390615414645708e+02 1.649883249246721562e+02 2.394053340664509335e+02 1.659994761192314456e+02 1.235497517226796447e+02 7.386985538292201454e+02 4.118813270858986471e+02
1.348200000000000509e-01 5.222609940311863284e+02 3.866994173351622521e+01 2.959743043067108488e+02 9.509090531269074518e+02 1.589230915800055755e+01 3.678761230352295684e+02 9.157876047438738851e+02 6.525253002538177043e+02 3.910220551668298299e+02 7.701398759301121117e+02 8.892365036308046911e+02 3.997226450315228590e+02 2.045730613559159110e+02 3.046180288027142069e+02 4.111975269936069708e+02 7.569334042805102172e+02 9.901431874072470691e+02 2.496080087147655320e+02
5.642000000000002569e-02 1.522190547102240998e+01 3.561200451258812905e+02 4.854249608466974450e+02 2.592287048024002161e+02 6.529255157256516213e+02 2.589796176787050399e+02 8.180591982015783969e+02 3.094356237376671857e+02 2.885031685281355180e+02 6.676702335315540040e+02 1.849660113491877382e+02 1.431130455668341597e+02 3.212381432220370243e+02 8.206684218717510930e+02 1.971033798439870566e+02 5.789709406349393248e+02 8.110229920093705687e+02 4.884997398980965500e+02
1.189000000000000057e-01 3.446641351684405095e+02 6.419138033452642844e+01 2.742386114738459355e+02 4.865666287061076645e+01 4.750286252595744827e+02 4.833442524378907024e+02 1.217066426370069223e+02 9.349557840979720140e+02 2.458413196489270831e+02 6.421951107947134005e+02 3.276452176897220170e+02 2.529834630800613979e+02 6.486366673018561642e+02 5.256273540683145029e+02 3.988712760719245694e+02 5.806292765161704210e+02 2.613583042766324525e+02 1.341089269070159276e+02
9.528000000000003133e-02 9.571650197834594564e+02 6.761199692300695006e+02 3.545692116533692797e+02 5.598551829658608767e+02 1.576017344019487609e+02 3.702973093075258930e+02 6.108820798364471329e+02 5.119151075849183599e+02 2.070222614248600621e+02 4.102517669577823654e+02 4.612568078977253663e+02 3.367879851993783404e+02 2.004241717289847031e+02 8.992348365023735823e+02 2.683430384889683182e+02 4.933393957520748927e+02 8.558057816731189860e+02 4.560778226567946945e+02
1.293999999999995154e-02 1.954921384817441776e+02 4.498988333613802126e+01 2.055216201111120711e+02 7.523400594041524982e+02 6.689815492225735625e+02 4.798477564249938609e+02 3.111021471130866303e+02 6.756245603176046188e+02 4.478894765774705320e+02 6.377060233266734031e+02 2.627190927122085213e+02 3.262578454571355451e+02 2.026982895347464364e+02 5.243538036172095644e+02 3.212292344571355329e+02 2.830297792860427535e+02 9.835525581996178062e+02 3.736154869463364321e+02
9.799999999999997602e-02 8.895843346681886032e+00 4.550867161317903538e+02 3.414882731451112932e+02 9.931444025803012892e+02 7.930739387233483058e+02 4.415742664993252333e+02 5.264396774904669201e+02 1.753022645313978956e+01 2.614983526838078660e+02 4.931866187101742298e+02 3.592599164857560368e+02 3.925404560572446258e+02 7.281879962526115833e+02 8.950936403241171320e+02 1.314529528067317301e+02 2.116964559604568876e+02 9.223695155380394226e+02 2.121251838249299624e+02
1.102199999999999847e-01 9.547017252641383038e+02 9.099460750830493225e+02 2.433119828165020806e+02 2.661843424040312129e+02 2.250164194478149398e+02 1.096811185000576643e+02 5.984220452246208879e+02 5.730499076991608263e+02 3.844076734314776331e+02 3.041795294796941107e+01 2.116765743712487335e+02 4.601306109976110292e+02 3.383864681249759769e+02 1.885684095297816043e+02 4.568478149682601952e+02 2.300867573066961143e+02 6.733991953129384456e+02 2.905630906772183266e+02
1.050600000000000422e-01 1.931035710695353487e+02 7.536562720492170797e+01 3.480505094679026570e+02 2.041413798811441040e+02 9.712908754852686570e+02 3.947069452519017432e+02 4.378311684136133977e+02 7.685624190614826148e+02 3.528519325215227695e+02 5.611282721909635711e+02 2.130921041672263527e+02 3.565679217352343358e+02 1.441054376373311356e+02 4.434190169658830314e+02 1.681989892637533046e+02 9.220615238773543751e+02 9.580334685992457935e+02 1.547505792006784304e+02
5.001999999999995339e-02 1.344139143662150104e+01 3.030689526996935683e+02 1.448535008961410426e+02 1.648666956571046569e+02 2.178785087388546913e+02 3.071375544020002053e+02 8.044968755481867220e+02 1.365278324803509804e+02 2.777507549273880159e+02 3.215816956923566181e+02 6.635895555735114613e+02 3.243583557881147499e+02 5.835276901255507482e+02 6.151990804315050809e+02 4.520391899925415373e+02 4.447612626109499843e+02 4.270436410337642315e+02 4.882613272816403196e+02
3.290000000000004032e-02 9.348149638071921572e+02 4.022434976368409707e+02 2.291358353255338898e+02 3.732725267110358800e+02 1.872225958554747365e+02 3.929597272687827285e+02 2.265384458915289088e+02 2.403572483814756708e+02 2.965061479948814167e+02 6.779839318088818345e+02 4.559004403541124475e+02 2.435510364226632873e+02 7.019261159983703919e+02 9.573512256895181736e+02 4.255371997526228256e+02 1.941448831667321429e+02 6.935279377891984041e+02 3.608069072230291567e+02
1.167000000000000259e-01 8.680067414114627127e+02 9.276198725365884457e+02 3.510048840149240164e+02 3.522993906296604791e+02 8.388850711714817407e+02 3.722205733099281701e+02 9.476513100147244586e+02 5.913741467654756434e+02 4.094599496738172775e+02 6.222259620561720794e+02 7.082587535725144789e+01 2.902508597566172739e+02 8.391028195791627695e+02 9.120413290282798471e+02 3.982769260820352315e+02 1.054105836481563756e+02 4.706213468266532232e+02 1.820342469567020203e+02
6.918000000000001926e-02 3.561502845723657629e+02 1.053469848144007415e+02 3.793489973829703672e+02 7.277234055934313801e+02 4.112149804378834119e+02 3.941574636301613737e+02 4.718585204797381039e+02 9.207312391987196634e+02 1.556366484787957347e+02 4.487145897436926134e+02 9.363673036714029649e+02 4.720429430663565427e+02 8.303069441731022380e+02 9.763794794153159273e+02 3.443912502713927779e+02 4.437822169658165308e+02 7.786463020200792471e+02 4.221801338605586125e+02
1.009400000000000297e-01 9.707858009460086350e+02 9.749340207093177924e+02 3.652629036730360212e+02 2.541253960970855701e+02 6.907773078300451743e+02 3.544279508921683259e+02 5.724720049550128351e+02 6.729545832019206273e+02 4.157137647380224053e+02 5.033533405642057232e+02 3.001209683760100688e+01 3.594380236119216079e+02 8.556570817109322888e+02 8.914204286043823231e+02 4.598822260672150719e+02 1.680240463412066845e+02 3.882910654922281424e+02 1.787436495382144983e+02
7.389999999999996572e-02 1.372042337140922825e+02 6.955540917567440147e+02 1.943281118475594837e+02 4.743860049273882851e+01 3.392454344176127279e+02 4.233635055035634878e+02 5.019732016055557438e+02 7.339720534904874967e+02 4.568521739120061511e+02 8.291754162981242189e+02 4.111455769493636581e+02 4.654926908361526898e+02 7.786949863644618972e+02 5.957084596401275576e+02 1.501202391279507538e+02 9.803888016540342960e+02 2.677074313975676887e+02 4.243312221323358813e+02
7.091999999999998305e-02 6.179509106615230394e+02 3.469342762388538404e+01 4.734944576486617507e+02 8.846366581557541622e+02 4.585154992845702395e+02 3.407077014210565835e+02 1.152697289879972686e+02 6.892761255864372743e+02 4.110891050344512223e+02 6.452612446165550182e+02 6.340614768394484599e+02 4.740819158346810127e+02 8.774652042474037899e+02 8.428022623082777045e+02 3.938284074798755796e+02 5.824207539954248887e+02 6.674908018366202214e+02 4.662563365130807256e+02
2.851999999999998980e-02 8.756223403304938984e+02 9.513894568791108668e+02 4.330465154660270173e+02 1.102278365207271804e+02 2.366721613341768489e+02 4.772674298216817874e+02 7.194864979865346868e+02 4.627785324870765749e+01 3.060393565649216043e+02 2.161249500950422089e+02 2.166773099709333508e+02 4.242408758011800387e+02 8.729566926206424569e+02 7.767329278602018121e+02 4.141792576198955089e+02 3.222081969866953841e+02 7.273546604465598193e+02 3.438240517429307488e+02
1.004599999999999937e-01 8.472811425470696349e+02 8.093076433618989540e+02 3.541596370398040676e+02 7.688381898907309733e+02 8.978005482139892592e+02 4.261403146013258265e+02 9.876293329842876574e+02 1.179798484132866463e+02 2.037066706156298892e+02 4.105467788882796754e+02 1.720588443962406870e+02 4.227776694684380345e+02 4.796947607262927704e+02 6.455234484241841528e+02 3.885671405818441144e+02 4.947209787307721172e+02 5.637873795831615098e+02 4.504117442797365811e+02
1.316800000000000193e-01 5.593064485908532788e+02 1.649190004918234536e+02 1.320151480910970463e+02 4.642685392954036274e+02 6.026215457294474618e+02 4.948102833546038255e+02 2.948430986319376643e+02 5.661814763502871983e+01 3.896473826749513591e+02 1.989087390971048137e+02 3.936346196795449259e+02 4.869672151627332823e+02 7.259604927637050196e+02 6.464510811215941430e+02 3.317991415974821621e+02 3.524872011606597653e+02 3.285532837250613056e+02 1.238119706709977095e+02
1.564999999999999725e-01 7.534355346265859907e+02 9.952998625824675401e+02 2.805024891163387792e+02 9.693312561448390170e+02 3.057951184861716456e+02 2.909833138413333131e+02 7.452622801430745767e+02 8.520558015854714995e+02 4.369645605785226508e+02 3.403008739402413312e+02 1.853444668516875993e+02 4.896340991765206923e+02 5.519768948684094312e+02 2.480617852407226565e+01 3.498706432552781393e+02 6.801394346638074921e+02 2.181293754267122154e+02 3.256755851547014231e+02
9.923999999999999488e-02 5.430635832134200882e+02 3.540704308164180247e+02 3.390159855103590871e+02 7.091883961194895392e+01 4.301955541758609343e+02 4.282277475118788743e+02 7.490149166510361738e+02 5.452887000449263724e+02 4.829562834582668529e+02 6.614844523403629637e+02 6.714368238661197665e+02 3.862414437685123403e+02 6.813312379615706504e+02 4.051242790172157697e+02 3.900475373643433272e+02 1.706156251050803405e+02 2.727188215076762390e+01 2.798882226213553963e+02
1.717600000000000238e-01 1.304128409854167217e+02 2.527857117446911843e+02 2.707884059276640869e+02 4.348392374520626618e+02 4.622209843397960185e+02 1.005463528007212517e+02 4.951887491051571715e+02 6.322159339170507337e+02 2.505154869486260623e+02 7.238494248669660465e+02 2.836524784311768599e+02 3.296467108606441911e+02 3.348410593316751829e+02 3.970200613145186139e+02 3.765164124117208075e+02 1.745107850628948825e+02 5.971864606171120613e+02 2.899214624156261380e+02
1.058599999999999541e-01 3.064387624366042928e+02 2.326602104740144341e+02 4.894662880451152205e+02 4.180363188348320591e+01 2.935237063732080287e+02 3.871715030454662383e+02 6.516416404526783026e+02 6.271645674228062717e+02 2.946655162908672878e+02 2.530221445602613244e+02 6.042012537727134713e+02 3.516789256573980538e+02 6.404089974785551931e+02 1.275084476229746997e+02 3.243174823470799879e+02 3.195186884215715395e+02 4.974208207222166038e+02 4.243144846831895052e+02
9.299999999999974953e-03 7.280255362265102121e+02 8.907846789447987135e+01 3.131399405182954752e+02 7.950443947610581290e+02 8.393839032315989925e+02 4.618017809614791531e+02 1.155085071611896552e+02 2.441112028395988602e+02 3.370421725211566013e+02 9.236155890749060973e+02 5.328906813154653719e+02 2.292798403871166499e+02 8.927279633432019637e+02 4.745977539728798433e+02 2.683188969417020076e+02 3.304215572506095668e+02 6.487945193445102632e+02 3.999919271673323351e+02
1.107000000000000206e-01 2.236304124536725340e+02 8.759951272806802081e+02 2.552939191062747000e+02 7.281311735630329167e+02 9.043701931060844572e+02 1.110419087714274298e+02 3.099012616890054232e+02 6.269627002858330798e+02 3.484480420773224409e+02 6.446419833182776529e+02 5.492539716708565720e+02 4.589306830778400581e+02 4.458628749398298510e+02 5.520347095061406435e+02 2.974938701427875003e+02 1.894752065753269505e+02 1.934937829396615712e+02 2.596157357537426833e+02
5.854000000000003645e-02 6.673783001458372155e+02 7.339711053847247513e+02 2.145590818430420654e+02 8.828120972018898556e+02 3.881898772286266421e+02 3.908547307639095720e+02 6.020824840917529173e+02 3.741793197449777608e+02 1.675438968213673832e+02 3.203550639169794323e+01 5.469699105486236022e+02 1.185046662397570003e+02 4.461183234768211037e+02 7.785882522045496898e+02 3.365528655109699230e+02 2.867431022875920235e+02 5.394595035457216881e+01 4.791077738839867379e+02
2.370000000000005436e-02 7.612962064966108073e+02 6.890773308101661598e+01 2.934837032501540079e+02 1.342351018785491306e+02 2.816676441427814552e+02 3.235598660606475505e+02 4.180985576950083669e+02 9.647043307490242796e+02 2.542925373927021724e+02 7.432804011463522329e+02 6.096541557583287840e+02 4.480363082263087335e+02 1.591112296663007726e+02 4.907379166145294676e+02 3.327313324790999900e+02 6.312095164058223418e+02 9.015239346165803909e+02 4.966586368344148923e+02
5.311999999999994504e-02 8.104955970131270533e+02 7.254797400318476548e+02 3.323426299466767091e+02 3.808186739983501639e+02 8.133127677282661239e+01 2.903063379894741729e+02 9.395658632187351031e+02 3.526632933480207726e+02 3.948848599459861362e+02 1.324902908670831607e+02 1.990877063034481864e+02 2.630320835090522564e+02 4.929616568910557817e+02 2.682461010589972830e+02 2.582509624447631040e+02 2.642367239808904174e+02 6.783239498639070462e+02 2.143064714213142281e+02
1.007400000000000517e-01 3.997591533203972176e+02 3.878212573372887846e+02 4.973814181290152874e+02 1.276065123350089792e+01 7.660948055788554711e+02 3.929597272687827285e+02 8.898249403182880997e+02 6.966131122017119424e+02 2.965061479948814167e+02 4.976112064396165238e+02 6.712608815313355990e+02 3.662841196209384975e+02 4.023453788785988650e+02 5.314183124334381318e+02 2.592072041265745383e+02 8.702518696901925068e+02 5.944243704934648349e+02 2.430048781155122697e+02
1.690000000000000391e-01 5.143044095391553583e+02 1.496079696647037451e+02 3.153694844126491716e+02 5.932412507810702209e+02 1.809369010679087069e+02 2.708920917190029058e+02 8.377535749977665773e+02 8.403731724958869336e+02 3.066823775772346039e+02 3.162540663331167252e+02 9.072989642799617513e+02 4.685799571429415664e+02 3.727335956921879188e+02 9.361403780540747448e+02 4.048253979025714102e+02 5.009473451659029024e+02 6.122290554999372034e+02 3.311892493944292255e+02
1.939999999999997282e-02 8.197246202486390985e+02 8.097962553789925551e+02 2.737653886394128335e+02 7.369187751024414865e+02 5.536704847296871321e+02 3.797148553855869295e+02 3.168850504969802273e+02 8.770198662504501499e+02 4.010854622279988462e+02 5.263315123436904059e+02 1.010569963996313163e+02 4.502691087104647636e+02 6.921521418738393550e+01 2.948978340019659754e+02 2.655763217903802342e+02 8.461504972393108801e+02 8.555764890539019234e+02 3.165195095989342349e+02
6.954000000000004622e-02 5.585405127769884075e+02 7.218203134302959825e+02 4.760948512772205277e+02 7.410906658441110721e+02 5.055113867097475833e+01 1.360475282888955064e+02 8.353348265434599398e+02 2.569388279075351420e+02 2.559923816566492860e+02 7.098264282805470771e+01 8.377020639459733502e+02 3.035377763679367717e+02 2.794936562288739879e+00 8.561141874659934956e+02 1.811895531698986588e+02 1.270141176191688146e+02 3.088917240882145734e+02 2.689935529448019906e+02
9.255999999999997563e-02 5.457718003679336789e+02 5.883708527992157542e+02 1.796359918029316134e+02 7.954427368639842371e+02 5.268370325999609349e+01 3.354277740194906983e+02 3.877156023317564291e+02 7.815189855266096401e+02 4.301724256079605766e+02 3.750139314549608116e+02 3.156755560149894677e+02 4.170680993287228375e+02 7.749928389794640680e+02 2.833068632193843541e+02 3.400154107054065662e+02 2.133396659484477027e+02 4.038062920700591008e+02 4.554785834004768503e+02
1.331999999999999851e-01 3.456927695846134725e+02 3.226128304845518642e+02 1.382425864651306142e+02 3.278943675336330443e+02 1.402892390132970490e+02 4.669689370364163779e+02 8.278483103733498183e+01 6.766542733603165516e+02 4.803615799179624446e+02 7.201425023846854856e+02 7.714934276589038973e+02 3.094811004098949070e+02 1.381218469988555171e+02 1.814161472471370473e+02 2.253320325980259895e+02 3.461598578666055914e+02 6.917350137845653535e+02 3.095998304311847278e+02
6.784000000000001140e-02 3.971900123183826850e+02 1.457822003426543631e+02 3.864315165220516519e+02 7.294198213681138441e+02 6.233272702682866111e+02 3.736572417887289248e+02 4.163943772640095631e+01 3.681261949599108902e+02 4.827058210379576053e+02 2.988794732228744806e+02 2.604506017967173079e+02 3.194823546243272858e+02 6.587254303110311184e+02 2.036826260680890073e+02 4.544015285839158764e+02 5.223854780377824909e+02 6.720971484824545996e+02 3.173765710000167815e+02
1.310200000000000253e-01 4.633280494913063876e+02 4.928712230196484825e+02 4.195142194624092440e+02 1.612111811867194433e+02 6.976323550579634230e+02 3.702938692487447270e+02 8.118220299396418795e+02 6.928561171000305876e+02 2.541510489735665601e+02 1.726002863359639150e+02 4.249269827833638828e+02 3.753314511689720803e+02 9.073471946199263130e+02 6.092337715972219030e+02 3.793329290355567878e+02 2.456148765340949751e+02 8.853539936489440834e+02 4.419342164893175777e+02
6.774000000000002242e-02 3.611132250296069515e+02 6.121848356170861507e+02 3.581862922980358803e+02 6.973006822621273386e+02 9.130367365081460207e+01 1.843798112543865955e+02 8.705238653563055777e+02 9.481320038838647690e+01 3.184234275514887713e+02 1.209168800644513340e+02 3.486241474091032160e+02 3.260954901001309736e+02 8.604367446198459675e+02 7.992078601127471984e+02 3.489855008818868214e+02 3.203396123603111505e+02 4.908502576880155743e+02 1.143391700616332827e+02
6.923999999999996824e-02 9.263257714747595628e+00 4.689227672502149744e+02 1.151092018126092853e+02 4.848822825164055530e+02 3.496809348080564632e+02 4.729061714924917510e+02 3.676121660584838651e+02 9.250505137302210414e+02 4.890969282458529506e+02 2.636725138723384703e+02 4.733561161304012899e+01 3.217665633479164171e+02 1.454708142766881451e+01 6.206587414955205304e+02 1.294893967173881322e+02 9.628260574535157730e+02 5.641235402962225862e+02 2.793208219298720110e+02
0.000000000000000000e+00 2.309222430714568191e+02 6.942766820112099140e+02 4.638436127893647836e+02 9.019883607175795532e+02 6.365732528167810642e+02 4.418801690745167434e+02 8.273954339781969338e+02 9.508940924669911965e+02 2.263154561025642124e+02 2.914778653617032660e+02 1.382201943128295625e+02 4.495240580473637237e+02 7.355157278418859050e+02 7.775193279512200206e+02 4.794189237007510087e+02 9.862384201139057041e+02 2.382148386354758429e+02 4.773198840578000386e+02
1.217399999999999594e-01 3.676143613763725284e+02 4.098521807966598374e+01 4.536054129726200586e+02 5.418948511429265409e+02 4.450710561502197606e+02 1.477873816651854497e+02 5.249949998667129876e+02 2.488296705470341976e+02 4.157135742982300144e+02 1.675186058236334645e+02 9.129170485005250839e+02 3.040088952556125150e+02 5.368556098893583339e+02 8.193909826185298471e+02 3.582765481181860423e+02 3.647483667798908868e+02 5.861655410112816753e+02 4.142136518555734028e+02
8.942000000000005500e-02 8.522347854476198563e+02 9.479151300980382757e+02 2.753914588488413528e+02 4.797609912862660622e+02 4.697195055334826748e+02 4.204368882992675935e+02 2.185151591579315777e+02 5.091098287165617080e+02 3.975606735607636324e+02 6.635105135718029032e+02 4.239363688491640687e+02 4.098338022567983785e+02 4.305773421218657973e+02 8.792344226054059391e+02 4.113399738758731701e+02 9.369047211307470207e+02 4.232260721850259415e+02 3.116653054387132897e+02
1.295800000000000285e-01 6.945484199802976946e+02 5.849637220655152987e+02 2.931643900289437852e+02 3.915272310395580462e+02 1.864246215494903254e+02 2.729956393613398404e+02 3.824385290451560309e+02 7.031256372425268637e+02 1.030258413084129074e+02 5.372884124066870299e+02 6.278225656260030973e+01 3.341243935932122895e+02 8.107743223933807997e+01 6.973416238440195229e+02 2.208910807522177322e+02 5.062041641788187007e+02 8.327725731840293975e+02 2.794378407812391742e+02
9.101999999999998980e-02 8.888726980993976667e+01 4.225854893210675414e+02 1.537636860718812386e+02 5.643177330987015239e+02 3.166820083073179717e+02 4.752940408797946930e+02 3.906332049107263771e+01 6.867359760721525390e+02 3.136155653349686645e+02 8.651577860771130872e+02 7.765536893915383416e+02 2.735915252760922840e+02 2.332576619657078609e+01 1.792701323793607457e+02 1.568066861248549344e+02 1.328708847302894185e+02 1.070089707344583587e+02 3.561651151489717222e+02
7.480000000000042171e-03 6.502391084421034293e+02 9.249090919260975170e+02 2.933367335393383541e+02 2.717992281234425036e+02 6.732091472855810252e+02 4.488457323079441039e+02 1.059180703999172408e+02 4.785382661940146818e+02 4.795638179836672066e+02 8.755490517827265649e+02 8.498271817814176075e+02 1.551609201321684566e+02 2.894241832468828761e+02 4.362051452125583495e+01 1.789749494479208920e+02 8.600098670151984379e+02 3.396151761121957975e+02 4.376799082314460634e+02
4.152000000000000135e-02 4.222090629889297588e+02 3.540704308164180247e+02 3.348297057392166494e+02 6.218702951479547210e+02 4.301955541758609343e+02 2.407847163968707491e+02 7.490149166510361738e+02 2.960505660987054171e+02 4.375806120240985706e+02 5.826975965904052828e+02 7.264019799146491323e+02 3.326062570897175874e+02 6.852789092755702995e+02 9.335660092050019330e+02 4.292408098969992238e+02 9.446846541098324224e+00 6.227789144938782329e+02 4.861881089440211099e+02
5.749999999999999556e-02 6.703174308220092144e+02 2.928357273258195050e+02 2.160495896872143362e+02 7.324560828505520931e+02 8.314097676746771413e+02 4.040366831878243943e+02 1.785554689216590702e+02 1.156355450862374141e+02 2.143009118354501652e+02 1.066159454121228265e+02 7.732360716516809589e+02 3.317576940101581613e+02 5.316990969556757136e+02 3.037375005108069672e+02 3.551234995289602239e+02 3.025048651770036940e+02 7.889703069370249295e+02 1.260156237622985600e+02
6.562000000000001165e-02 1.218398150093533445e+02 5.805848513749186850e+02 2.532657232026164422e+02 2.196850861527320831e+02 2.637165316409736988e+02 3.624288772462141992e+02 4.586174075165871500e+02 7.477093192943930262e+02 3.314044038553229257e+02 6.658292162820855538e+02 3.741353646733726350e+02 3.198751898754596255e+02 5.991784027657583920e+02 3.997966609479726117e+02 2.884639913898095642e+02 6.686166832980298977e+02 6.638376090700388659e+02 3.834753714730497904e+02
4.340000000000010516e-03 4.870044832636565957e+02 6.821495567226384082e+02 4.121861084945238645e+02 3.144590120083881857e+02 3.024406257888651908e+02 4.090270432607156295e+02 2.147718851968579088e+02 8.568550344193480441e+02 4.406091467632105037e+02 5.437594973317166023e+02 9.795171322993658691e+01 1.662362693197563885e+02 7.037832599321517364e+02 9.822201161661030255e+02 4.077200765613129079e+02 9.510812021519053587e+02 2.314814943998748618e+02 4.775604142089621291e+02
1.496800000000000352e-01 5.457718003679336789e+02 5.883708527992157542e+02 1.796359918029316134e+02 7.954427368639842371e+02 5.268370325999609349e+01 3.354277740194906983e+02 3.877156023317564291e+02 7.815189855266096401e+02 1.903333841210712194e+02 4.723285283679598479e+01 5.002831344550152721e+02 4.170680993287228375e+02 7.749928389794640680e+02 2.833068632193843541e+02 3.424052438373512928e+02 2.133396659484477027e+02 4.038062920700591008e+02 4.554785834004768503e+02
1.323800000000000532e-01 5.827342826799707609e+01 6.525061432739898919e+02 2.091077008566941231e+02 8.530633369720845849e+02 5.244733045748404265e+02 1.527756299996187010e+02 9.224657003296263156e+02 2.213208967133060696e+02 2.471685237368231753e+02 3.615440259258596143e+02 8.460768934391226139e+02 3.741599066188738902e+02 3.695637640327926761e+02 1.537649328387020091e+02 1.685401534561707990e+02 9.671681764562102899e+02 8.766663246519034374e+02 3.924711904170658272e+02
7.532000000000005357e-02 2.364348481018419648e+02 2.068050329339247639e+02 3.883135625319072801e+02 5.456371630944103117e+02 6.875556404457209965e+02 3.840153951914801382e+02 9.267635066616971926e+02 4.181523327353162927e+02 4.176519221293207806e+02 4.859710068020459630e+02 5.101730619234637629e+02 3.925049057312803598e+02 3.882202799515241622e+02 6.221203615665423285e+02 4.163096719079982222e+02 5.924458759133422063e+02 5.176356101423162954e+02 2.134801537379261447e+02
8.074000000000003396e-02 4.708933418310759862e+02 6.626660267299866973e+02 2.902717371797258465e+02 4.223900503250719112e+02 3.882432927915389200e+02 2.773048919907315621e+02 7.623853993603188428e+02 5.661894886725518745e+02 4.615136154364660115e+02 6.225512583988326014e+02 1.887773941691706341e+02 3.184665337043024351e+02 3.590479581911895934e+02 7.539183993973792894e+02 3.602452151197096555e+02 3.540950300204851828e+02 5.209422678028761311e+02 4.518334454558013817e+02
7.598000000000004750e-02 4.991523143214512288e+02 3.663622575912029333e+01 1.671480566008148116e+02 3.160067716658454628e+02 9.128988389296716832e+02 4.362116800490575770e+02 2.781132493344558725e+02 2.841172828053658463e+02 4.691094051099943840e+02 7.849500698075622722e+02 7.266640190038876881e+02 4.114544702550271040e+02 6.545187667250623917e+02 5.788331035125786457e+02 3.870176468785069801e+02 2.974303279983256516e+02 1.659199133921065368e+02 2.673804958804008720e+02
6.820000000000003837e-02 4.390468909767349714e+02 7.270621889451564357e+02 3.392873250884992444e+02 6.996357631988676076e+02 7.754233085980745273e+02 1.136490965098757044e+02 6.699980909114622136e+02 2.884865841902569628e+02 4.147117174885021882e+02 1.658737561948894381e+02 3.616546609520528364e+02 4.273336721981685287e+02 4.447556638349578861e+01 7.810610868532228324e+02 3.442109414035918462e+02 1.671941844570239368e+02 7.655954580480399727e+02 2.209857733422182662e+02
9.021999999999996689e-02 3.193353700437238558e+02 3.306706831770276267e+02 1.717677735834837449e+02 3.674503778335740094e+02 3.244394582432432799e+02 4.543428134748804155e+02 5.540059563232385926e+02 6.285618695157843376e+02 4.482888948154176205e+02 7.107977025324097440e+02 5.425659552724438299e+02 2.992641397496125819e+02 9.590831439613116345e+02 2.302799196082527260e+02 2.840985320731484194e+02 4.071365217370744176e+02 6.826624235934194758e+02 2.999052057818748267e+02
6.262000000000000899e-02 3.525436712935192531e+02 6.162763103253274721e+01 3.161831035650965305e+02 6.776348058405066013e+02 2.572675624462501673e+02 4.470218988280348640e+02 8.507575974513385972e+02 3.734566071358477757e+01 1.610462872020848124e+02 3.249654646723296310e+02 7.687662644782112693e+02 3.496571259622261891e+02 6.673249195231751401e+02 6.051024106877728173e+02 4.149164376936089980e+02 4.455649377471422099e+02 2.195378128492575343e+01 2.760734722821709966e+02
6.079999999999996518e-02 6.666880213195884153e+02 8.062341123033528447e+02 4.127618645462925997e+02 3.585598498888838890e+02 5.047855410702830454e+02 4.318057465891561719e+02 4.037621351319988889e+02 1.470432160517630962e+02 4.432232135894315661e+02 5.248408070735150659e+02 4.210058435858550752e+02 1.862286383233231106e+02 9.292851694187466194e+01 6.554248261216989704e+02 2.466492948070874434e+02 7.241847952485542237e+02 5.264869991763624739e+02 3.696588433955516280e+02
1.062600000000000211e-01 2.279097177402884711e+02 6.487054545487069390e+02 3.827157232455331268e+02 5.889482880053449207e+02 3.812679117858746736e+02 4.771666188016318984e+02 8.719777733196340250e+02 2.018104670979384423e+02 1.317171817624939365e+02 4.136073071875604796e+02 7.381919774699708796e+02 1.709217538543815067e+02 1.958033933159124729e+02 9.093444244582076408e+01 1.915175127824684296e+02 5.394370286969424342e+02 5.085411580558912874e+02 4.173657289558431671e+02
1.360599999999999588e-01 5.806176305452715951e+02 8.142882923716025516e+02 3.726915064145122756e+02 6.285454524824776854e+02 2.799887459550365065e+02 2.900842848801683544e+02 2.693338412667966963e+02 3.001094806629561731e+02 2.265947292311000183e+02 2.198387559858072677e+02 4.812856070020907850e+02 2.175126791421199073e+02 3.441785302575092373e+02 2.400970997492487413e+02 2.017441385126157058e+02 1.045356722609629401e+02 1.779680447979264954e+02 2.438270701220320973e+02
3.329999999999999627e-02 9.313656212701729942e+01 2.848549545754034398e+02 4.120483718909496815e+02 4.801519349549827780e+02 6.296161918154579240e+01 4.294669632440813984e+02 6.147223722255290568e+02 9.158828951041191431e+02 4.431863274312802332e+02 2.928599762516319061e+01 7.703807067421147394e+02 3.503233640812847511e+02 3.506623442980468326e+02 4.876511106618784197e+02 4.431622984052670517e+02 8.090605662657635548e+02 9.069299763329001962e+01 4.134694043357449686e+02
1.334999999999999520e-01 6.506213165891495009e+02 2.416731404024032486e+02 1.161416469946531294e+02 3.837431749184421506e+02 2.436197893455869803e+02 4.640334392493844007e+02 4.818468967885598886e+01 1.181199840586597247e+02 3.821528861649734381e+02 9.293592297201262227e+02 5.773236741853247622e+02 2.114571908158632993e+02 1.197629006173760899e+02 8.454325031470027625e+02 3.801400899200119170e+02 7.068241927400969189e+02 1.506111084957080664e+02 3.567056943272538092e+02
7.380000000000053184e-03 4.508421499483809214e+01 2.093272792257540118e+02 3.504696778885937647e+02 1.794599709144807491e+02 3.280355073372462016e+02 3.780207916407422886e+02 3.245998926772021491e+02 7.748267634339156302e+02 4.526193396804349049e+02 7.051384866837413483e+02 6.661099121932511480e+02 4.859293692377822254e+02 8.617386114516273210e+02 3.790782535160863063e+02 3.543894165251391541e+02 8.845520949958868187e+02 2.082591241264335338e+02 4.531790530013517468e+02
2.563999999999999613e-02 9.110834275671970772e+02 1.550555625844241092e+02 2.723189785766106752e+02 1.037354260936334072e+02 9.666060871565053958e+01 4.510571980471155484e+02 6.218898351769767032e+02 6.677927448087436915e+02 4.211543984549175548e+02 4.032740162479950641e+02 6.744354882205665263e+02 4.633365123700577897e+02 4.327021371270935788e+02 3.191432860199830088e+02 4.467779677853407065e+02 6.426474220309678458e+02 1.768760976061900010e+02 2.576255217292870157e+02
4.793999999999998263e-02 1.493037259456856418e+02 3.541237533993968327e+02 2.377809973815809883e+02 3.062180934392428640e+02 7.242160096269553833e+02 3.237238567464034986e+02 8.824862797773160992e+02 5.171902848966661850e+02 2.692749442573389160e+02 1.145757986398365773e+02 5.637714373683775193e+02 1.992729738197685947e+02 6.329361371913171297e+02 9.495450173192783723e+02 4.106184769495212095e+02 7.717317164665345217e+02 2.198181655216961872e+02 3.488303545239563732e+02
1.034199999999999564e-01 3.362453734225164226e+01 5.554300285602917029e+02 4.262721498297769358e+02 7.116079637347426115e+02 3.457571531335846089e+02 4.118860043765888577e+02 4.762123516228985523e+02 7.171319385467443226e+02 1.390404476306911761e+02 3.611394977779699502e+02 8.158769291168476911e+02 2.923184300782903620e+02 2.609541051953771671e+02 4.699599511055881749e+02 2.197789884916475955e+02 5.319294279735485134e+02 8.026120938433094807e+02 4.508918047126198871e+02
1.199799999999999756e-01 2.270978799860870367e+02 1.314697769945125287e+02 2.313873955522031736e+02 9.777375790469263848e+02 8.649216030299760405e+02 4.831245389466587312e+02 3.093022874171861076e+02 7.446618653382212187e+02 1.097017702158837835e+02 9.403215646670034857e+02 1.437758786973108158e+02 3.804654031226904749e+02 4.409128075505574316e+02 4.999764474969541084e+02 2.216988726483800747e+02 3.776677067319789103e+02 2.528992144265273510e+02 4.257460237897041111e+02
5.208000000000001517e-02 1.621813642958544222e+01 4.498971802595422673e+02 3.546888915954663162e+02 9.661754093755754411e+02 6.398760495543414208e+02 4.314876099914984025e+02 1.044590799280599356e+02 3.535022729932526886e+01 2.513119903046785737e+02 5.065374072253496252e+02 3.504943647581616233e+02 3.798867223699849660e+02 7.324183891258753647e+02 8.725896633775348619e+02 1.634111446502112130e+02 2.861194600215405899e+02 8.902334751715461607e+02 2.121780238362455293e+02
6.698000000000003951e-02 8.056298442682340237e+02 5.848602297481488677e+02 4.285742506691309472e+02 6.473363852669377820e+02 2.015623235596167433e+02 3.475604467247163143e+02 8.400401002046505710e+02 5.245451641276338250e+02 1.987389015055801167e+02 5.190544481121287390e+02 6.570590198446144825e+01 3.357627780806833471e+02 4.398166966496998498e+02 2.906499003613683954e+02 3.204829114280726117e+02 2.766356628534573474e+02 8.347535726383728161e+02 4.761606171626222590e+02
1.007599999999999607e-01 7.572412946927925077e+02 9.405397842458296509e+02 4.797405887649535998e+02 2.206743330105825862e+02 4.510199978434904438e+02 1.825256802544537607e+02 7.064881992392096777e+01 8.151368375523306895e+02 1.066974681693541100e+02 7.410909553736961470e+02 6.492513405512020199e+02 4.357032162404408382e+02 4.934881067827477636e+02 2.242411599600949330e+02 4.351021697995709019e+02 3.825008636368635280e+02 3.563570428681075555e+02 3.263049734571765157e+02
1.444999999999999618e-01 1.027426401360610413e+02 4.096205936198535937e+02 4.468735396469926968e+02 9.526038383827669804e+02 7.600595285027744694e+02 3.895757456759473030e+02 1.153876578632240246e+01 1.987696897518986816e+00 1.111853698883936516e+02 3.855434504719941060e+02 7.640040784067153936e+02 1.267161169815364588e+02 6.039068760832415137e+02 2.733313046227279415e+02 2.142065516104830465e+02 4.913044858720352295e+02 3.947593449468557196e+02 2.185189202013000340e+02
1.393799999999999484e-01 4.496706654871874775e+02 6.508345063981265639e+02 2.144900629710828071e+02 4.097069399533748424e+02 3.796052413185886394e+02 2.620366260004024639e+02 6.591419754052041071e+02 6.808965233858231159e+02 3.261781909169454252e+02 7.750585562855573016e+02 9.025890785238250373e+02 3.764727596083763501e+02 9.964843979505401421e+02 2.790856795571526732e+02 3.123530907613187537e+02 1.846600740398731659e+02 8.035095874707577650e+02 2.034253964814411404e+02
1.652000000000000135e-01 4.020807747925585431e+02 4.096205936198535937e+02 4.468735396469926968e+02 9.526038383827669804e+02 7.600595285027744694e+02 3.895757456759473030e+02 1.153876578632240246e+01 1.987696897518986816e+00 1.111853698883936516e+02 3.855434504719941060e+02 9.006119326701190175e+01 1.267161169815364588e+02 5.513817950235227272e+02 2.733313046227279415e+02 2.142065516104830465e+02 1.551493175537530078e+02 5.541742831926844701e+02 3.363209493088169211e+02
6.198000000000003507e-02 2.899637629466086537e+02 4.993690096807780492e+02 2.047940387705479566e+02 4.722463950827166173e+02 6.649248841481529553e+02 2.921054944152979260e+02 2.829605225442841174e+02 7.484746210101568522e+02 3.798307847804455832e+02 3.453797815902250363e+02 2.980719961972552028e+02 1.798170263819702086e+02 7.227575268779885391e+02 7.266012121646394917e+02 4.561311999041350305e+02 7.502291033123860871e+02 6.178348980190173734e+01 4.799209513186894469e+02
5.679999999999996163e-02 9.166562045252376265e+02 2.763003822899231636e+02 2.995824165268103343e+02 3.388506061408329515e+02 2.135669165972570056e+02 3.920350434705359248e+02 4.307240373940770723e+02 6.566262594883115753e+02 4.988031084227176848e+02 7.556201785056548488e+02 3.039360959417659842e+02 4.602113903115767357e+02 6.879057613989409674e+02 8.971792448719165805e+02 1.480968643343988447e+02 4.465006921501038164e+02 3.147281515157218905e+02 2.431848116686300045e+02
7.198000000000004395e-02 1.194490314894763827e+02 2.814807463198938535e+02 3.555361766644870158e+02 4.623774699282524807e+02 6.958738018813625104e+02 2.961163435360643916e+02 9.138058680203848780e+02 7.408245694337285840e+02 3.927175973554381017e+02 3.544275628537979514e+02 8.662090943237265606e+01 4.003068000308520595e+02 6.805073050606927154e+02 1.433171775460011474e+02 2.618593464469731771e+02 7.376047876823505476e+02 2.497588979023683748e+02 1.649239964848642046e+02
1.168200000000000349e-01 2.270978799860870367e+02 1.314697769945125287e+02 2.313873955522031736e+02 9.777375790469263848e+02 8.649216030299760405e+02 4.831245389466587312e+02 3.093022874171861076e+02 7.446618653382212187e+02 1.097017702158837835e+02 9.403215646670034857e+02 1.437758786973108158e+02 3.804654031226904749e+02 2.230824459284918930e+02 4.999764474969541084e+02 2.216988726483800747e+02 5.284374581129490025e+02 2.528992144265273510e+02 2.818557109651113137e+02
6.040000000000000924e-02 3.581626028781226410e+02 3.109444243534592829e+02 4.020414546827309437e+02 6.773518622892919439e+02 5.393290071892079141e+02 3.898224713529537553e+02 7.562410123995872482e+02 6.038082210314632903e+01 2.981744040160449458e+02 2.884896003400784252e+02 7.601987777725632895e+02 1.772932329447946245e+02 7.692214612316265629e+02 3.046079727446707466e+02 2.769919115350912762e+02 6.687500988941768583e+02 9.507103505757229414e+02 1.857182549782801857e+02
1.098599999999999577e-01 1.261629988092453090e+02 6.451178101242337561e+02 4.356951653559484043e+02 9.299394487024308091e+02 4.237489153498987662e+02 3.981033277596205266e+02 8.001058614539456357e+02 3.865189384100556822e+02 1.175810183262707511e+02 2.501413029883388219e+02 8.574877330110730611e+01 3.337571033320975857e+02 2.488080187118937374e+02 7.697163017595627252e+02 2.110865028283643881e+02 9.614332339510890506e+02 9.958845289428194292e+02 2.875756045260175142e+02
9.894000000000002792e-02 3.918143497583955650e+02 4.413843062270627229e+02 4.670451906521215051e+02 1.440376638646428660e+02 6.274163540851707239e+02 3.585439949169988836e+02 7.703057884239088935e+02 7.167871402367079554e+02 1.222701470611456926e+02 1.929133302942375963e+02 4.565255266656890853e+02 3.940639515051536819e+02 8.795721150680177516e+02 2.870284639572810192e+01 4.149180919287005054e+02 3.275551434845130530e+02 8.668707339890273715e+02 4.510053417444187858e+02
1.356000000000001648e-02 7.893265508055076225e+02 7.596826032757051053e+02 3.984544755799944369e+02 6.962034770263805967e+02 2.689771961524297126e+02 4.639497665522939087e+02 2.593813835683967000e+02 7.571419457985366535e+02 2.050561961523887646e+02 6.324085816947144849e+02 4.384540614914055823e+02 1.881467161479851313e+02 7.492034305330845427e+02 5.136534542413147619e+02 3.683444441264489342e+02 2.671905273826426992e+02 2.430741749666017313e+02 4.307240051067938111e+02
9.248000000000000664e-02 2.957792079825809424e+02 3.335588837559388935e+02 3.444217213278068925e+02 1.456901256969340466e+02 8.826131647418637840e+02 4.473296998737067725e+02 8.516028220394639447e+02 2.438371702685205946e+02 3.926488054597879227e+02 3.249995292117257577e+02 7.514816577409105776e+02 2.810274706713263413e+02 4.631281825103718575e+01 5.337352740869723675e+02 2.653656252310860850e+02 4.753122050665928100e+02 8.144958470539379505e+02 2.825885601116588646e+02
4.127999999999998337e-02 1.445902785064231466e+02 2.087506771424972385e+02 4.734944576486617507e+02 7.546362651618713926e+02 6.815962900307611108e+02 4.805431002200085118e+02 3.253105700353045222e+02 8.510710853614092457e+02 2.299156650743182695e+02 6.289476354593103906e+02 3.360974198632407024e+02 3.174993761163458998e+02 2.771355584061061563e+02 6.700538708582943173e+02 1.951328330113382208e+02 5.591383009875536345e+02 6.956641459697561913e+01 2.126535839380856316e+02
1.139999999999999902e-01 2.754288274191291066e+02 1.392144087170882756e+02 1.791341407673996287e+02 2.948168313847900208e+02 3.284267545136715398e+02 2.678703619311799571e+02 1.272878716034900890e+02 9.008464830077929264e+02 2.857655785087052323e+02 8.135683233946921291e+02 3.941803812281516457e+02 1.810384980826202934e+02 2.230858680670745287e+02 1.969591656495886127e+02 3.172364016156859066e+02 7.606481717056772140e+02 5.589123714828258471e+02 4.606626315006163281e+02
5.740000000000000657e-02 3.913101191602949029e+02 8.289996661781331113e+02 1.427329025071731223e+02 1.137045241359485885e+02 1.930938882637565257e+02 1.516099596026411973e+02 6.873357506671402462e+02 7.386357868537406830e+02 4.814758169800173278e+02 9.343477569593241583e+01 9.944858536109677516e+02 2.198672725660757976e+02 7.024948754878146246e+02 4.205152672507983169e+01 3.283955051495366888e+02 3.825290606662131268e+02 7.127512093727245883e+02 3.624211825244390752e+02
9.357999999999999652e-02 5.350524137175405315e+01 5.569351048838719862e+02 4.458981211844559880e+02 9.012148503440952254e+02 7.735613330648734518e+02 3.688311498633460701e+02 5.066180190217589825e+02 3.654824157785582202e+02 4.339225909123744032e+02 3.901457083140113014e+02 5.475632187723181232e+02 4.879158230873979392e+02 9.817347931974529374e+00 8.465884381154187395e+02 3.099042049720043224e+02 4.873702872612314536e+02 8.299553442621893282e+02 3.709320997117204115e+02
6.681999999999999051e-02 8.771818050019189172e+01 8.983140240198124502e+02 3.721118739068510877e+02 4.899632472648728481e+02 2.991435293732268406e+02 3.790912670644310651e+02 4.910684435221015747e+02 6.869548985067862077e+02 2.450921704981094251e+02 4.054213442317781073e+02 2.185162782885382740e+02 2.766076263167179832e+02 8.159339399204840220e+02 1.146543235142528374e+02 1.431172165168813990e+02 7.473499080829004697e+02 6.894602641866404156e+02 4.127199563923757637e+02
5.874000000000001442e-02 2.099616638294543804e+02 6.449599982023428311e+02 2.923977847125968310e+02 6.899035848371511292e+02 3.112614244635743148e+02 3.582743234657754670e+02 5.011485074575773524e+00 3.760861236822327669e+02 3.837496669537532625e+02 5.600831573240729995e+02 4.732129274288358829e+02 4.710329189524542244e+02 6.502118135482246544e+02 1.451635192760605833e+02 4.776128816517411337e+02 9.407860795215456164e+02 8.817159755988197958e+02 1.873472760479765498e+02
9.335999999999999854e-02 5.521828736921105474e+02 8.107020780868823522e+02 4.092941414489640124e+02 8.392413977117421382e+02 2.252827217284318237e+02 3.290451092726435149e+02 1.728933136858353805e+02 1.496844329205633812e+02 1.260904964768391210e+02 3.414984424057042816e+02 9.997775919224549170e+02 1.947023340187909923e+02 2.233367369647610872e+02 3.896481651944151281e+02 2.257089280438622723e+02 8.215742571483125403e+02 4.738395749685010401e+02 3.161023585989480580e+02
