1.976599999999999469e-01 6.611373253433421269e+02 3.855635775630170770e+02 4.662638157054190629e+02 3.430507965843700049e+02 6.956786971818175971e+02 4.771112275094866391e+02
1.895599999999999508e-01 6.318782007097016731e+02 3.095318557471355234e+02 4.657601674393376925e+02 3.714597349436104992e+02 7.293294417756708299e+02 4.955994880576851074e+02
1.975999999999999979e-01 6.399434694181308032e+02 2.972318877139242659e+02 4.619165535598415318e+02 4.127261075880174985e+02 7.625709020888104988e+02 4.840297328401743471e+02
1.955400000000000471e-01 6.985534722360939668e+02 4.174661254354588209e+02 4.844452960706067302e+02 1.994068960093793521e+02 6.433422001629388660e+02 4.831621720974051186e+02
2.146799999999999820e-01 7.366867996960793334e+02 5.930366905481928370e+02 4.329079715640923496e+02 2.441344415214094283e+02 3.601767921015498928e+02 4.488401845286798562e+02
2.011399999999999855e-01 5.929377927943432951e+02 2.125874308894065052e+02 4.635057876959471059e+02 3.989528847396554738e+02 7.342850141197683342e+02 4.694268254583036537e+02
2.222600000000000131e-01 7.070348135775298033e+02 5.502297639257540141e+02 4.660390488566355316e+02 2.725945753543847445e+02 5.860999010209444577e+02 4.721143741091128732e+02
2.173399999999999777e-01 4.944376752027118869e+02 2.610233681127062937e+02 4.916781106779746437e+02 3.730387536190601168e+02 7.637955698773517952e+02 4.488427537901100663e+02
2.046999999999999931e-01 7.861658012254409869e+02 3.878727245870484239e+02 4.257517665701112719e+02 3.139640002276359496e+02 5.995353092003512074e+02 4.862975750766784699e+02
2.153000000000000469e-01 6.374377390196768829e+02 4.287559720887171011e+02 4.737866862546011362e+02 1.371706191978709057e+02 5.721278196226370483e+02 4.948894984434888897e+02
2.073800000000000088e-01 5.499962198651184053e+02 2.999578212701171651e+02 4.914422572691000823e+02 3.391612946827078758e+02 7.645768436958559278e+02 4.665029981368310246e+02
2.093399999999999705e-01 7.597319872518742159e+02 6.300575501488314103e+02 4.744732746881452385e+02 3.992370578587598402e+02 3.760341954567217613e+02 4.653994932744371340e+02
2.115000000000000213e-01 6.681228112799426526e+02 4.764565044926796418e+02 4.907013342106060918e+02 2.842048170381338537e+02 6.352422089876600921e+02 4.695613693882314124e+02
2.084599999999999786e-01 7.890126552408394218e+02 3.625124438378900322e+02 4.638594548308761887e+02 2.455868134676681791e+02 6.375772467662985719e+02 4.818409121254950378e+02
2.070800000000000418e-01 6.828003165145096318e+02 3.337479771992272504e+02 4.824736053500392359e+02 1.664900890248893290e+02 5.693653439585525575e+02 4.951822757299046316e+02
2.033000000000000362e-01 5.299368192825857022e+02 2.513699595698729468e+02 4.972366877214174110e+02 4.924742310395320715e+02 8.338334651657287395e+02 4.839662211267982457e+02
1.975799999999999779e-01 6.024204365095564526e+02 3.198168530623436254e+02 4.564028114092189412e+02 4.037014932648324930e+02 7.222341972749403567e+02 4.791831154790938854e+02
1.963799999999999990e-01 5.971721182473135059e+02 2.847735605634840113e+02 4.647546911446402191e+02 3.925773664059202588e+02 7.220435850577641759e+02 4.762614865534271757e+02
2.246799999999999908e-01 6.107674625285403636e+02 8.171783546748729350e+02 4.097923607589510198e+02 4.473982665026416612e+02 3.369514458042207252e+02 4.881146349619450007e+02
2.035000000000000142e-01 6.991835614813937809e+02 6.211023948970434958e+02 4.554630415590494295e+02 2.637443049243827886e+02 4.074565116155874875e+02 4.565286490939017767e+02
2.064399999999999569e-01 6.867163939680243629e+02 3.557266266948718680e+02 4.961827631583215066e+02 1.715898336843960976e+02 6.472385379860148760e+02 4.630296529919567661e+02
2.065799999999999859e-01 6.084542605447983306e+02 7.528425137238141360e+02 4.202366064554432228e+02 4.066795496655650481e+02 2.858318580185966766e+02 4.905240877561213324e+02
1.976999999999999869e-01 7.052457885413901977e+02 3.623437744971514576e+02 4.904847209913559709e+02 2.316423998204664088e+02 6.293360540898381714e+02 4.541947613213941395e+02
1.873399999999999510e-01 5.742968884264588496e+02 2.971474408916015477e+02 4.822084564583380484e+02 4.074496284791961216e+02 7.823460541452477628e+02 4.935584300448313684e+02
2.019199999999999884e-01 6.000692427716093107e+02 3.350468862912035775e+02 4.918624516060942256e+02 2.357080619325927842e+02 6.540713471507941676e+02 4.839742793735843520e+02
2.006400000000000405e-01 5.591848784011262978e+02 2.378465648033721038e+02 4.838053506914084778e+02 4.166017618023315094e+02 7.768367616824021979e+02 4.763464435670034050e+02
1.889600000000000168e-01 7.435227577875573388e+02 3.481051841928961039e+02 4.658004140856494359e+02 3.228809459982589942e+02 6.362178483834865119e+02 4.868010071592311760e+02
2.222600000000000131e-01 5.839224727519754197e+02 2.252828614061363055e+02 4.363852168210827358e+02 4.575241774270717769e+02 7.693271099912662976e+02 4.646292692064424728e+02
2.197999999999999954e-01 7.545347542568048311e+02 4.132076426324054523e+02 4.737866862546011362e+02 1.371706191978709057e+02 5.721278196226370483e+02 4.648527712303198314e+02
1.972199999999999509e-01 6.373732449917507665e+02 2.257476199905256067e+02 4.735212710003884240e+02 3.674830888801545825e+02 7.057713601047837528e+02 4.867069026114813823e+02
