2.423399999999999999e-01 7.078469129762196417e+02 4.343468903149985181e+02 4.868267717398518357e+02 1.924222357591408183e+02 6.596605737802763088e+02 3.415654200212782143e+02
3.570200000000000040e-01 5.184777701756818260e+02 2.034288559546519366e+02 4.709496129756786900e+02 8.272387975491583347e+02 6.615130495279098568e+02 2.722452649411985703e+02
2.447399999999999576e-01 2.051197096943056408e+02 2.768508568248439019e+02 4.678766648424854111e+02 7.257790016601750267e+02 7.457452542727679656e+02 4.870534435712535810e+02
2.467399999999999594e-01 3.289483075577794580e+02 6.606094119389815660e+02 4.266644477431544260e+02 5.294565799520669316e+02 2.208317215155451549e+02 4.538328900803003307e+02
3.368200000000000083e-01 5.986878380617697530e+02 3.662250951348481749e+02 4.452397272253637084e+02 3.294767221654359446e+01 9.950383813949708838e+02 4.560242407488798335e+02
4.601399999999999935e-01 2.851761879853451660e+02 3.723863156010693274e+02 2.550202338739731829e+02 8.387743308457244211e+02 4.112103074463892085e+02 2.779323282738347416e+02
3.445599999999999774e-01 8.692819772286505895e+02 5.873316620626987969e+02 3.387943640944825461e+02 3.561190492386364213e+02 7.354465741044411971e+02 4.511369886365053503e+02
3.924600000000000311e-01 6.337930913902564498e+02 1.606937609339860273e+02 4.195209793482152349e+02 5.138047048651741306e+02 6.858530784788281380e+02 2.500060457336983575e+02
3.303399999999999670e-01 3.922705549329364771e+02 1.964956349556364898e+02 4.638781447973209424e+02 7.745153244411479818e+02 6.794786273942817161e+02 2.542436372273996028e+02
3.234799999999999898e-01 9.677617292895927221e+02 3.225700128486797666e+02 4.555388898773574056e+02 3.916772069274571777e+02 7.878166139172451494e+02 4.382261851998566726e+02
2.712200000000000166e-01 4.354769513249153761e+02 7.912046295597444896e+02 4.511875955044993134e+02 2.895391397462578880e+02 1.472203612060920648e+02 4.872950922964723759e+02
3.839200000000000390e-01 3.278789417117413336e+02 2.477155684259890052e+02 3.337653267500013499e+02 6.443695084746723296e+02 6.081719134189453371e+02 2.785823932695557232e+02
2.927600000000000202e-01 2.674854812820304915e+02 5.922414422060032848e+02 4.774172044785506159e+02 6.763718503946109877e+02 3.030306863491375111e+02 2.661801950628070017e+02
3.540200000000000014e-01 5.905940416513801665e+02 5.915319921924841537e+02 3.789334553192763906e+02 2.260017731463545942e+02 7.429769032951395502e+02 4.848589487871060442e+02
4.023999999999999799e-01 4.039368527148413932e+02 3.704617840216606055e+02 4.080774652904444793e+02 7.084767637422694975e+01 9.160994867874122747e+02 2.391757296385889617e+02
2.745199999999999863e-01 8.860187319891072093e+02 2.655392415196017737e+02 4.630120150474006095e+02 2.622688382615261276e+02 4.964768376069011993e+02 4.489795749807331617e+02
2.620200000000000307e-01 8.187492983960491983e+02 2.837432308335153266e+02 4.404735446889416153e+02 4.792545972502020390e+02 7.379866027819018655e+02 4.881536296092075986e+02
3.473800000000000221e-01 6.898936635582552981e+02 4.945974004561181800e+02 3.352396570109189611e+02 4.669639806447042929e+02 6.825854015972349771e+02 4.776542567589278292e+02
2.904999999999999805e-01 7.277227130835971138e+02 2.777904030875160970e+02 2.799857778262122565e+02 4.030988021511495276e+02 7.758344428865780174e+02 4.570649554731569424e+02
4.260000000000000453e-01 3.727271199546808589e+02 3.688566337874347028e+02 1.897118489717221337e+02 8.112229401251449872e+02 4.897624741491699751e+02 4.945447749579091123e+02
3.759000000000000119e-01 6.926616108698324297e+02 3.405915034924771589e+01 3.119885661332029940e+02 5.000074588918389509e+02 4.567600592175901966e+02 4.571055217311478032e+02
3.067800000000000527e-01 5.689892227869369208e+02 5.399096455115106892e+02 4.703779189968544188e+02 2.604982508472604650e+02 1.047427366559242046e+02 2.669595927994972726e+02
3.195799999999999752e-01 3.664325797132557341e+02 7.178812459248513278e+02 4.399946982796012662e+02 4.670749348369083691e+02 9.509565975231073764e+01 3.209971120981579134e+02
2.620400000000000507e-01 9.813163339432705925e+02 2.089470156613347456e+02 4.637512588764807333e+02 3.367777795784328987e+02 5.732326602442917647e+02 4.832785580396695764e+02
3.594399999999999817e-01 5.467485289620281037e+02 2.720150628978964278e+02 4.095505124234698542e+02 2.049407929741187218e+02 3.806028001925757280e+02 4.770093805759757402e+02
4.308199999999999807e-01 3.641914477431454316e+02 3.207208061729987207e+02 4.526731099279037949e+02 9.028788143137356883e+02 4.493767494529637929e+01 1.893499013614419937e+02
3.150800000000000267e-01 8.486914378840151585e+02 1.776012924369351254e+02 3.498039622940504501e+02 2.805840524891296468e+02 6.493712646619120505e+02 4.176722316154787222e+02
3.545800000000000063e-01 2.253468598816193378e+02 2.051264885702588288e+02 4.613107890538531706e+02 5.076120041194374721e+02 9.897014225209234155e+02 4.873456004739268792e+02
2.993799999999999795e-01 6.413348183115199390e+02 5.349905043879094819e+02 4.477896099530985339e+02 1.389447792285797050e+02 8.199641966524791314e+02 4.480361257504740138e+02
2.973200000000000287e-01 7.113352284048283991e+02 2.710198424205652259e+02 4.956416873685764699e+02 3.359904461580280213e+02 6.570886086282035876e+02 2.864617058903650104e+02
