2.423600000000000199e-01 7.078469129762196417e+02 4.343468903149985181e+02 4.868267717398518357e+02 1.924222357591408183e+02 6.596605737802763088e+02 3.415654200212782143e+02
2.894400000000000306e-01 7.274523895584962929e+02 6.185880138788239719e+02 4.127472127900366559e+02 8.100503097696642385e+01 4.613988347180916207e+02 4.113483424384507430e+02
2.235399999999999610e-01 8.070772731517273542e+02 3.823856747093112176e+02 4.475723940397448359e+02 3.582498604877700927e+02 7.145815855256216764e+02 4.951832443584057728e+02
2.469400000000000484e-01 3.289483075577794580e+02 6.606094119389815660e+02 4.266644477431544260e+02 5.294565799520669316e+02 2.208317215155451549e+02 4.538328900803003307e+02
2.459400000000000475e-01 6.097798263191317574e+02 3.156323769234679730e+02 4.765921194293902090e+02 2.261625702952001689e+02 5.327972513503900700e+02 4.480726353826657942e+02
2.854400000000000270e-01 4.918045626464377165e+02 8.335296785799075678e+02 4.660844087087320418e+02 4.544405587249929113e+02 8.369462231603830560e+01 4.273565396581153664e+02
3.355200000000000404e-01 5.768066310528429312e+02 1.096998651943196137e+02 2.817920292401215079e+02 2.900916075560316472e+02 5.704054405462715067e+02 4.722428876728288287e+02
3.863199999999999967e-01 6.786750417105956785e+02 1.606937609339860273e+02 3.220988176958593954e+02 5.013687116780232031e+02 6.858530784788281380e+02 2.985158925922509638e+02
2.918199999999999683e-01 7.669640512718566470e+02 2.950892631641949038e+01 4.232506770083417109e+02 3.159324461037705305e+02 6.794786273942817161e+02 4.778584848832089733e+02
2.180999999999999606e-01 6.374377390196768829e+02 4.287559720887171011e+02 4.737866862546011362e+02 1.371706191978709057e+02 5.721278196226370483e+02 4.948894984434888897e+02
2.690599999999999659e-01 4.354769513249153761e+02 7.912046295597444896e+02 4.511875955044993134e+02 2.895391397462578880e+02 1.472203612060920648e+02 4.872950922964723759e+02
3.733400000000000052e-01 2.589914665285506885e+02 3.408932514776645917e+02 2.655510058365680379e+02 7.305057125381379137e+02 7.387550267679080207e+02 3.318841009618262206e+02
2.328400000000000469e-01 6.538977416075535984e+02 4.853048843703599005e+02 4.788492560328987793e+02 1.128185852301432135e+02 4.884954611772243425e+02 4.786017321386232766e+02
2.639599999999999724e-01 7.659744235050018233e+02 5.915319921924841537e+02 3.789334553192763906e+02 2.543131516853906362e+02 6.264345725714683795e+02 4.902368098190159458e+02
3.536399999999999544e-01 4.039368527148413932e+02 5.493907683626453036e+02 4.715985007198593166e+02 2.178024021225184867e+02 9.803372647563378450e+01 2.391757296385889617e+02
2.741000000000000103e-01 8.860187319891072093e+02 2.655392415196017737e+02 4.630120150474006095e+02 2.622688382615261276e+02 4.964768376069011993e+02 4.489795749807331617e+02
2.586600000000000010e-01 8.187492983960491983e+02 2.837432308335153266e+02 4.404735446889416153e+02 4.792545972502020390e+02 7.379866027819018655e+02 4.881536296092075986e+02
3.417799999999999727e-01 6.898936635582552981e+02 4.945974004561181800e+02 3.352396570109189611e+02 4.669639806447042929e+02 6.825854015972349771e+02 4.776542567589278292e+02
2.940000000000000391e-01 7.277227130835971138e+02 2.777904030875160970e+02 2.799857778262122565e+02 4.030988021511495276e+02 7.758344428865780174e+02 4.570649554731569424e+02
2.541799999999999615e-01 3.846553500009122217e+02 6.211023948970434958e+02 4.302992044735790387e+02 5.027378057830128455e+02 2.483962331246807764e+02 4.537963804481085504e+02
3.111800000000000122e-01 6.129193102048795936e+02 1.686380338184779930e+02 3.119885661332029940e+02 3.553739596541986430e+02 5.304824827135246323e+02 4.571055217311478032e+02
2.691799999999999748e-01 6.149125055749630064e+02 2.655392415196017737e+02 4.630120150474006095e+02 2.622688382615260707e+02 4.964768376069011993e+02 4.489795749807331617e+02
2.324199999999999600e-01 6.429371871816243811e+02 3.701588177839875584e+02 4.133765873454912594e+02 4.385233507473759005e+02 6.529028754603077687e+02 4.863087282603304402e+02
2.625800000000000356e-01 9.813163339432705925e+02 2.089470156613347456e+02 4.637512588764807333e+02 3.367777795784328987e+02 5.732326602442917647e+02 4.832785580396695764e+02
2.848600000000000021e-01 9.595733799400499038e+02 3.988223710280658452e+02 3.969099718045384861e+02 2.304552840083493379e+02 4.693802111477684775e+02 4.770093805759757402e+02
2.206799999999999873e-01 8.088252623237663101e+02 3.207208061729987207e+02 4.573996261080427530e+02 3.331004082674950837e+02 6.000262770390254445e+02 4.441736010160235537e+02
3.151399999999999757e-01 8.486914378840151585e+02 1.776012924369351254e+02 3.498039622940504501e+02 2.805840524891296468e+02 6.493712646619120505e+02 4.176722316154787222e+02
2.854799999999999560e-01 8.911006959879780425e+02 3.115812384653364688e+02 3.575855533270167825e+02 4.218410300717316659e+02 5.199159572709584154e+02 4.656850828218964580e+02
2.963000000000000078e-01 6.413348183115199390e+02 5.349905043879094819e+02 4.477896099530985339e+02 1.389447792285797050e+02 8.199641966524791314e+02 4.480361257504740138e+02
2.957600000000000229e-01 7.113352284048283991e+02 2.710198424205652259e+02 4.956416873685764699e+02 3.359904461580280213e+02 6.570886086282035876e+02 2.864617058903650104e+02
