2.387599999999999723e-01 7.078469129762196417e+02 4.343468903149985181e+02 4.868267717398518357e+02 1.924222357591408183e+02 6.596605737802763088e+02 3.415654200212782143e+02
3.416400000000000547e-01 2.921067954883432662e+02 6.000244776495153474e+02 4.969039278363754875e+02 2.935001572274272235e+02 8.738102806008097900e+01 4.113483424384507430e+02
2.443800000000000416e-01 2.051197096943056408e+02 2.768508568248439019e+02 4.678766648424854111e+02 7.257790016601750267e+02 7.457452542727679656e+02 4.870534435712535810e+02
2.422400000000000109e-01 3.289483075577794580e+02 6.606094119389815660e+02 4.266644477431544260e+02 5.294565799520669316e+02 2.208317215155451549e+02 4.538328900803003307e+02
2.413600000000000190e-01 6.097798263191317574e+02 3.156323769234679730e+02 4.765921194293902090e+02 2.261625702952001689e+02 5.327972513503900700e+02 4.480726353826657942e+02
2.872400000000000508e-01 4.918045626464377165e+02 8.335296785799075678e+02 4.660844087087320418e+02 4.544405587249929113e+02 8.369462231603830560e+01 4.273565396581153664e+02
3.354399999999999604e-01 5.768066310528429312e+02 1.096998651943196137e+02 2.817920292401215079e+02 2.900916075560316472e+02 5.704054405462715067e+02 4.722428876728288287e+02
3.876399999999999846e-01 6.786750417105956785e+02 1.606937609339860273e+02 3.220988176958593954e+02 5.013687116780232031e+02 6.858530784788281380e+02 2.985158925922509638e+02
2.917800000000000393e-01 7.669640512718566470e+02 2.950892631641949038e+01 4.232506770083417109e+02 3.159324461037705305e+02 6.794786273942817161e+02 4.778584848832089733e+02
2.641599999999999504e-01 6.489586501477706406e+02 4.272808068011556770e+02 4.132835237811646039e+02 2.047901776173268331e+02 5.343068533133858864e+02 4.304492038235393920e+02
2.736399999999999944e-01 4.354769513249153761e+02 7.912046295597444896e+02 4.511875955044993134e+02 2.895391397462578880e+02 1.472203612060920648e+02 4.872950922964723759e+02
3.819399999999999462e-01 3.278789417117413336e+02 2.477155684259890052e+02 3.337653267500013499e+02 6.443695084746723296e+02 6.081719134189453371e+02 2.785823932695557232e+02
2.308599999999999541e-01 6.538977416075535984e+02 4.853048843703599005e+02 4.788492560328987793e+02 1.128185852301432135e+02 4.884954611772243425e+02 4.786017321386232766e+02
2.594400000000000039e-01 7.659744235050018233e+02 5.915319921924841537e+02 3.789334553192763906e+02 2.543131516853906362e+02 6.264345725714683795e+02 4.902368098190159458e+02
3.543399999999999883e-01 4.039368527148413932e+02 5.493907683626453036e+02 4.715985007198593166e+02 2.178024021225184867e+02 9.803372647563378450e+01 2.391757296385889617e+02
2.720799999999999885e-01 8.860187319891072093e+02 2.655392415196017737e+02 4.630120150474006095e+02 2.622688382615261276e+02 4.964768376069011993e+02 4.489795749807331617e+02
2.641599999999999504e-01 8.187492983960491983e+02 2.837432308335153266e+02 4.404735446889416153e+02 4.792545972502020390e+02 7.379866027819018655e+02 4.881536296092075986e+02
3.426399999999999446e-01 6.898936635582552981e+02 4.945974004561181800e+02 3.352396570109189611e+02 4.669639806447042929e+02 6.825854015972349771e+02 4.776542567589278292e+02
2.895400000000000196e-01 7.277227130835971138e+02 2.777904030875160970e+02 2.799857778262122565e+02 4.030988021511495276e+02 7.758344428865780174e+02 4.570649554731569424e+02
2.729800000000000004e-01 3.605032995501676965e+02 8.799675394034230749e+02 3.978619382668627509e+02 4.422387888854464677e+02 2.433742080361598141e+02 4.537963804481085504e+02
3.779200000000000337e-01 6.926616108698324297e+02 3.405915034924771589e+01 3.119885661332029940e+02 5.000074588918389509e+02 4.567600592175901966e+02 4.571055217311478032e+02
2.840000000000000302e-01 9.996052257075780290e+02 2.717791404187156559e+02 4.693763364079225653e+02 3.097199640587354565e+02 4.803078175271665486e+02 4.651810399231522410e+02
2.975400000000000267e-01 3.664325797132557341e+02 7.342648363073735709e+02 4.197100749569881941e+02 4.670749348369083691e+02 3.124544484098113344e+02 3.562537612637848952e+02
2.637199999999999545e-01 9.813163339432705925e+02 2.089470156613347456e+02 4.637512588764807333e+02 3.367777795784328987e+02 5.732326602442917647e+02 4.832785580396695764e+02
2.886400000000000077e-01 9.595733799400499038e+02 3.988223710280658452e+02 3.969099718045384861e+02 2.304552840083493379e+02 4.693802111477684775e+02 4.770093805759757402e+02
2.259799999999999587e-01 8.088252623237663101e+02 3.207208061729987207e+02 4.573996261080427530e+02 3.331004082674950837e+02 6.000262770390254445e+02 4.441736010160235537e+02
3.162199999999999456e-01 8.486914378840151585e+02 1.776012924369351254e+02 3.498039622940504501e+02 2.805840524891296468e+02 6.493712646619120505e+02 4.176722316154787222e+02
3.577200000000000379e-01 2.253468598816193378e+02 2.051264885702588288e+02 4.613107890538531706e+02 5.076120041194374721e+02 9.897014225209234155e+02 4.873456004739268792e+02
2.943599999999999550e-01 6.413348183115199390e+02 5.349905043879094819e+02 4.477896099530985339e+02 1.389447792285797050e+02 8.199641966524791314e+02 4.480361257504740138e+02
2.978600000000000136e-01 7.113352284048283991e+02 2.710198424205652259e+02 4.956416873685764699e+02 3.359904461580280213e+02 6.570886086282035876e+02 2.864617058903650104e+02
