2.390400000000000302e-01 7.078469129762196417e+02 4.343468903149985181e+02 4.868267717398518357e+02 1.924222357591408183e+02 6.596605737802763088e+02 3.415654200212782143e+02
3.619200000000000195e-01 5.184777701756818260e+02 2.034288559546519366e+02 4.709496129756786900e+02 8.272387975491583347e+02 6.615130495279098568e+02 2.722452649411985703e+02
2.420999999999999819e-01 2.051197096943056408e+02 2.768508568248439019e+02 4.678766648424854111e+02 7.257790016601750267e+02 7.457452542727679656e+02 4.870534435712535810e+02
2.419400000000000439e-01 3.289483075577794580e+02 6.606094119389815660e+02 4.266644477431544260e+02 5.294565799520669316e+02 2.208317215155451549e+02 4.538328900803003307e+02
2.431400000000000228e-01 8.945931040825133778e+02 2.697878029005584040e+02 4.580649455542148871e+02 4.001584554527111663e+02 6.691065174126769080e+02 4.750426857690663383e+02
2.847199999999999731e-01 4.918045626464377165e+02 8.335296785799075678e+02 4.660844087087320418e+02 4.544405587249929113e+02 8.369462231603830560e+01 4.273565396581153664e+02
3.357200000000000184e-01 5.768066310528429312e+02 1.096998651943196137e+02 2.817920292401215079e+02 2.900916075560316472e+02 5.704054405462715067e+02 4.722428876728288287e+02
3.888800000000000034e-01 6.786750417105956785e+02 1.606937609339860273e+02 3.220988176958593954e+02 5.013687116780232031e+02 6.858530784788281380e+02 2.985158925922509638e+02
2.921599999999999753e-01 7.669640512718566470e+02 2.950892631641949038e+01 4.232506770083417109e+02 3.159324461037705305e+02 6.794786273942817161e+02 4.778584848832089733e+02
2.601400000000000379e-01 6.489586501477706406e+02 4.272808068011556770e+02 4.132835237811646039e+02 2.047901776173268331e+02 5.343068533133858864e+02 4.304492038235393920e+02
2.704999999999999627e-01 4.354769513249153761e+02 7.912046295597444896e+02 4.511875955044993134e+02 2.895391397462578880e+02 1.472203612060920648e+02 4.872950922964723759e+02
3.844400000000000039e-01 3.278789417117413336e+02 2.477155684259890052e+02 3.337653267500013499e+02 6.443695084746723296e+02 6.081719134189453371e+02 2.785823932695557232e+02
2.825999999999999623e-01 6.538977416075535984e+02 4.844423465807604998e+02 4.453357166586228573e+02 1.566435459160987591e+02 2.159011893839332572e+02 4.510183616637474984e+02
3.551800000000000512e-01 5.905940416513801665e+02 5.915319921924841537e+02 3.789334553192763906e+02 2.260017731463545942e+02 7.429769032951395502e+02 4.848589487871060442e+02
3.521999999999999575e-01 4.039368527148413932e+02 5.493907683626453036e+02 4.715985007198593166e+02 2.178024021225184867e+02 9.803372647563378450e+01 2.391757296385889617e+02
2.737600000000000033e-01 8.860187319891072093e+02 2.655392415196017737e+02 4.630120150474006095e+02 2.622688382615261276e+02 4.964768376069011993e+02 4.489795749807331617e+02
2.648000000000000353e-01 8.187492983960491983e+02 2.837432308335153266e+02 4.404735446889416153e+02 4.792545972502020390e+02 7.379866027819018655e+02 4.881536296092075986e+02
3.436000000000000165e-01 6.898936635582552981e+02 4.945974004561181800e+02 3.352396570109189611e+02 4.669639806447042929e+02 6.825854015972349771e+02 4.776542567589278292e+02
2.893000000000000016e-01 7.277227130835971138e+02 2.777904030875160970e+02 2.799857778262122565e+02 4.030988021511495276e+02 7.758344428865780174e+02 4.570649554731569424e+02
2.710200000000000387e-01 3.605032995501676965e+02 8.799675394034230749e+02 3.978619382668627509e+02 4.422387888854464677e+02 2.433742080361598141e+02 4.537963804481085504e+02
3.801400000000000334e-01 6.926616108698324297e+02 3.405915034924771589e+01 3.119885661332029940e+02 5.000074588918389509e+02 4.567600592175901966e+02 4.571055217311478032e+02
2.879000000000000448e-01 9.996052257075780290e+02 2.717791404187156559e+02 4.693763364079225653e+02 3.097199640587354565e+02 4.803078175271665486e+02 4.651810399231522410e+02
2.905400000000000205e-01 3.664325797132557341e+02 7.342648363073735709e+02 4.197100749569881941e+02 4.670749348369083691e+02 3.124544484098113344e+02 3.562537612637848952e+02
2.658000000000000362e-01 9.813163339432705925e+02 2.089470156613347456e+02 4.637512588764807333e+02 3.367777795784328987e+02 5.732326602442917647e+02 4.832785580396695764e+02
3.627000000000000224e-01 5.467485289620281037e+02 2.720150628978964278e+02 4.095505124234698542e+02 2.049407929741187218e+02 3.806028001925757280e+02 4.770093805759757402e+02
2.262999999999999456e-01 8.088252623237663101e+02 3.207208061729987207e+02 4.573996261080427530e+02 3.331004082674950837e+02 6.000262770390254445e+02 4.441736010160235537e+02
3.139399999999999968e-01 8.486914378840151585e+02 1.776012924369351254e+02 3.498039622940504501e+02 2.805840524891296468e+02 6.493712646619120505e+02 4.176722316154787222e+02
3.550999999999999712e-01 2.253468598816193378e+02 2.051264885702588288e+02 4.613107890538531706e+02 5.076120041194374721e+02 9.897014225209234155e+02 4.873456004739268792e+02
2.949000000000000510e-01 6.413348183115199390e+02 5.349905043879094819e+02 4.477896099530985339e+02 1.389447792285797050e+02 8.199641966524791314e+02 4.480361257504740138e+02
2.990399999999999725e-01 7.113352284048283991e+02 2.710198424205652259e+02 4.956416873685764699e+02 3.359904461580280213e+02 6.570886086282035876e+02 2.864617058903650104e+02
