1.999800000000000466e-01 6.611373253433421269e+02 3.855635775630170770e+02 4.662638157054190629e+02 3.430507965843700049e+02 6.956786971818175971e+02 4.771112275094866391e+02
2.347000000000000197e-01 7.874604348271266190e+02 3.195101563109234917e+02 3.570964012909565781e+02 3.361150507714910987e+02 6.134665861389867132e+02 4.679105730110376840e+02
2.123800000000000132e-01 7.221865653551711830e+02 3.510464369201426393e+02 4.143821034006169270e+02 3.582498604877700927e+02 6.601568762243388164e+02 4.840297328401743471e+02
1.990600000000000147e-01 6.985534722360939668e+02 4.174661254354588209e+02 4.844452960706067302e+02 1.994068960093793521e+02 6.433422001629388660e+02 4.831621720974051186e+02
2.438000000000000167e-01 6.097798263191317574e+02 3.156323769234679730e+02 4.765921194293902090e+02 2.261625702952001689e+02 5.327972513503900700e+02 4.480726353826657942e+02
2.825400000000000134e-01 4.918045626464377165e+02 8.335296785799075678e+02 4.660844087087320418e+02 4.544405587249929113e+02 8.369462231603830560e+01 4.273565396581153664e+02
2.310600000000000431e-01 6.503011511307352066e+02 2.725222566429893050e+02 4.698627808813919273e+02 3.338626661644238993e+02 5.345547751361607425e+02 4.687117975101469369e+02
2.332600000000000229e-01 6.615655439986988995e+02 2.301092785285999582e+02 4.800647052168922642e+02 2.473986483404177648e+02 7.399037799833811277e+02 4.517698164506580270e+02
2.108400000000000274e-01 8.140891200115243009e+02 3.404102362137398359e+02 4.910329230744545725e+02 3.344602178660874188e+02 6.794786273942817161e+02 4.720139743743249028e+02
2.159200000000000008e-01 6.374377390196768829e+02 4.287559720887171011e+02 4.737866862546011362e+02 1.371706191978709057e+02 5.721278196226370483e+02 4.948894984434888897e+02
2.199600000000000444e-01 6.843782535976737336e+02 2.669759413022770786e+02 4.831442087031977053e+02 4.374806295104544915e+02 8.057036357588712008e+02 4.633738063429225917e+02
2.198999999999999844e-01 7.597319872518742159e+02 3.308437367884255309e+02 4.582596788101750462e+02 3.992370578587598402e+02 7.222472820217847129e+02 4.653994932744371340e+02
2.312999999999999501e-01 6.508775243606818321e+02 5.238066512644222712e+02 4.814594426001840475e+02 6.199060019504287311e+01 4.255066071054542931e+02 4.829530305457180930e+02
2.393999999999999462e-01 6.181848157456028048e+02 4.984999700596380308e+02 4.825433520744380189e+02 1.916698787785560398e+02 5.830876931334082656e+02 4.300108346596194338e+02
2.125799999999999912e-01 6.828003165145096318e+02 3.337479771992272504e+02 4.824736053500392359e+02 1.664900890248893290e+02 5.693653439585525575e+02 4.951822757299046316e+02
2.208400000000000363e-01 7.630128851005206343e+02 2.655392415196017737e+02 4.222003305865111997e+02 2.924397045910901056e+02 6.576706481266627407e+02 4.842932323979484863e+02
2.542600000000000415e-01 5.146525821178506703e+02 8.449056245702849992e+02 3.987868830922506618e+02 5.833614325974564281e+02 3.319878617728337531e+02 4.616742832572757038e+02
2.027999999999999803e-01 6.661849553289470123e+02 3.225466301985624682e+02 4.649465435353953922e+02 2.798942895101110935e+02 6.457146120919194345e+02 4.525860620889186521e+02
2.195000000000000284e-01 6.107674625285403636e+02 8.171783546748729350e+02 4.097923607589510198e+02 4.473982665026416612e+02 3.369514458042207252e+02 4.881146349619450007e+02
2.097799999999999665e-01 6.991835614813937809e+02 6.211023948970434958e+02 4.554630415590494295e+02 2.637443049243827886e+02 4.074565116155874875e+02 4.565286490939017767e+02
2.443600000000000216e-01 8.462353796214949853e+02 3.058891938825546504e+02 4.681646087102053571e+02 2.768702083734265216e+02 7.267145076500329424e+02 4.891958098086395239e+02
2.245599999999999818e-01 6.688979793452510876e+02 4.183405454456485586e+02 4.597941620055048020e+02 1.965492836730970794e+02 4.234852711870921098e+02 4.791157339366541805e+02
2.311800000000000521e-01 6.429371871816243811e+02 3.701588177839875584e+02 4.133765873454912594e+02 4.385233507473759005e+02 6.529028754603077687e+02 4.863087282603304402e+02
2.388400000000000523e-01 6.268919891216842188e+02 1.967626569137742649e+02 4.554342671463834336e+02 4.328683393254867724e+02 7.336605550079922295e+02 4.197050489693727400e+02
2.026400000000000423e-01 6.817424836854331716e+02 6.241021171267798309e+02 4.796015126384142491e+02 2.304552840083493379e+02 3.921464309632808067e+02 4.426135297310609076e+02
1.975799999999999779e-01 7.173754761372194935e+02 3.257746488520122057e+02 4.437029856175278724e+02 3.096059994942839353e+02 6.360318037295336353e+02 4.868872427286623292e+02
2.046400000000000441e-01 5.889023255649063913e+02 3.406736913835545693e+02 4.716279070645626348e+02 3.228809459982589942e+02 7.110096588698725100e+02 4.674023856662720391e+02
2.255599999999999827e-01 6.120464627562316764e+02 3.399064014640383675e+02 4.954860769347341147e+02 4.575241774270717769e+02 7.693271099912662976e+02 4.154735019418937441e+02
2.206399999999999473e-01 6.546936411045376190e+02 2.239898316017285254e+02 3.815357265160648694e+02 4.157675953137604665e+02 6.288787439301295308e+02 4.834567526559657722e+02
2.233600000000000030e-01 7.978388377832553715e+02 4.415398110294156595e+02 4.246868155342211821e+02 3.434295606605483044e+02 5.232251379682113566e+02 4.944976550687746908e+02
