1.986999999999999877e-01 6.611373253433421269e+02 3.855635775630170770e+02 4.662638157054190629e+02 3.430507965843700049e+02 6.956786971818175971e+02 4.771112275094866391e+02
2.251800000000000468e-01 6.172230266357943265e+02 2.114739821536791737e+02 4.692920241624187838e+02 2.746158764428276982e+02 7.135221095145186609e+02 4.517958905192170391e+02
2.105799999999999894e-01 7.221865653551711830e+02 3.510464369201426393e+02 4.143821034006169270e+02 3.582498604877700927e+02 6.601568762243388164e+02 4.840297328401743471e+02
1.979199999999999848e-01 6.985534722360939668e+02 4.174661254354588209e+02 4.844452960706067302e+02 1.994068960093793521e+02 6.433422001629388660e+02 4.831621720974051186e+02
2.186399999999999455e-01 7.366867996960793334e+02 5.930366905481928370e+02 4.329079715640923496e+02 2.441344415214094283e+02 3.601767921015498928e+02 4.488401845286798562e+02
2.032000000000000473e-01 5.929377927943432951e+02 2.125874308894065052e+02 4.635057876959471059e+02 3.989528847396554738e+02 7.342850141197683342e+02 4.694268254583036537e+02
2.234399999999999720e-01 8.102065111660507455e+02 4.508441336869829001e+02 4.682067169764537198e+02 1.759115024640207139e+02 5.706850418593056702e+02 4.748165745171296521e+02
2.281600000000000295e-01 7.771361342968557437e+02 6.845901732086264246e+02 4.616596598768104514e+02 2.583745606534997137e+02 2.957948098203351606e+02 4.697466796971293661e+02
2.120199999999999863e-01 8.140891200115243009e+02 3.404102362137398359e+02 4.910329230744545725e+02 3.344602178660874188e+02 6.794786273942817161e+02 4.720139743743249028e+02
2.147000000000000020e-01 6.374377390196768829e+02 4.287559720887171011e+02 4.737866862546011362e+02 1.371706191978709057e+02 5.721278196226370483e+02 4.948894984434888897e+02
2.213199999999999612e-01 6.843782535976737336e+02 2.669759413022770786e+02 4.831442087031977053e+02 4.374806295104544915e+02 8.057036357588712008e+02 4.633738063429225917e+02
2.183199999999999585e-01 7.597319872518742159e+02 3.308437367884255309e+02 4.582596788101750462e+02 3.992370578587598402e+02 7.222472820217847129e+02 4.653994932744371340e+02
2.089199999999999946e-01 6.681228112799426526e+02 4.764565044926796418e+02 4.907013342106060918e+02 2.842048170381338537e+02 6.352422089876600921e+02 4.695613693882314124e+02
2.240600000000000369e-01 7.617262655907322824e+02 2.600482379975514959e+02 4.638594548308761887e+02 3.405832925321566336e+02 7.036314502565736575e+02 4.582133818222833952e+02
2.087400000000000366e-01 6.828003165145096318e+02 3.337479771992272504e+02 4.824736053500392359e+02 1.664900890248893290e+02 5.693653439585525575e+02 4.951822757299046316e+02
2.078999999999999737e-01 7.973958279472007007e+02 3.712053636278927797e+02 4.225640193170785892e+02 2.959357348435472659e+02 5.954482968428491176e+02 4.818336697797769830e+02
2.122399999999999842e-01 5.897512607864787242e+02 2.535487682707444321e+02 4.848923424769693611e+02 2.750520664730532872e+02 6.862662726798998847e+02 4.532412483689006990e+02
2.065799999999999859e-01 6.661849553289470123e+02 3.225466301985624682e+02 4.649465435353953922e+02 2.798942895101110935e+02 6.457146120919194345e+02 4.525860620889186521e+02
2.218400000000000372e-01 6.107674625285403636e+02 8.171783546748729350e+02 4.097923607589510198e+02 4.473982665026416612e+02 3.369514458042207252e+02 4.881146349619450007e+02
2.048799999999999510e-01 6.991835614813937809e+02 6.211023948970434958e+02 4.554630415590494295e+02 2.637443049243827886e+02 4.074565116155874875e+02 4.565286490939017767e+02
2.099199999999999955e-01 6.867163939680243629e+02 3.557266266948718680e+02 4.961827631583215066e+02 1.715898336843960976e+02 6.472385379860148760e+02 4.630296529919567661e+02
2.237999999999999989e-01 6.688979793452510876e+02 1.513263014358402074e+02 4.271688920356164658e+02 3.278394192821792217e+02 6.507680876548275819e+02 4.947683481866081934e+02
1.973799999999999999e-01 7.052457885413901977e+02 3.623437744971514576e+02 4.904847209913559709e+02 2.316423998204664088e+02 6.293360540898381714e+02 4.541947613213941395e+02
2.282800000000000384e-01 8.191393772926320480e+02 6.304378658799727191e+02 4.039418182614982697e+02 2.955763279649427773e+02 3.616890072346071747e+02 4.714932615504138766e+02
2.018799999999999484e-01 6.817424836854331716e+02 6.241021171267798309e+02 4.796015126384142491e+02 2.304552840083493379e+02 3.921464309632808067e+02 4.426135297310609076e+02
1.941599999999999993e-01 7.173754761372194935e+02 3.257746488520122057e+02 4.437029856175278724e+02 3.096059994942839353e+02 6.360318037295336353e+02 4.868872427286623292e+02
2.042399999999999771e-01 5.889023255649063913e+02 3.406736913835545693e+02 4.716279070645626348e+02 3.228809459982589942e+02 7.110096588698725100e+02 4.674023856662720391e+02
2.212800000000000322e-01 5.839224727519754197e+02 2.252828614061363055e+02 4.363852168210827358e+02 4.575241774270717769e+02 7.693271099912662976e+02 4.646292692064424728e+02
2.231800000000000450e-01 7.545347542568048311e+02 4.132076426324054523e+02 4.737866862546011362e+02 1.371706191978709057e+02 5.721278196226370483e+02 4.648527712303198314e+02
2.233199999999999630e-01 7.978388377832553715e+02 4.415398110294156595e+02 4.246868155342211821e+02 3.434295606605483044e+02 5.232251379682113566e+02 4.944976550687746908e+02
