1.948800000000000532e-01 6.078254886885761152e+02 3.403391094300122859e+02 4.662638157054190629e+02 3.430507965843700049e+02 7.185368810169957214e+02 4.943807537483306760e+02
1.922199999999999465e-01 6.318782007097016731e+02 3.095318557471355234e+02 4.657601674393376925e+02 3.714597349436104992e+02 7.293294417756708299e+02 4.955994880576851074e+02
2.016999999999999904e-01 6.399434694181308032e+02 2.972318877139242659e+02 4.619165535598415318e+02 4.127261075880174985e+02 7.625709020888104988e+02 4.840297328401743471e+02
1.948600000000000332e-01 6.985534722360939668e+02 4.174661254354588209e+02 4.844452960706067302e+02 1.994068960093793521e+02 6.433422001629388660e+02 4.831621720974051186e+02
2.031800000000000272e-01 6.579969299424102473e+02 3.409609632441440681e+02 4.567015661527559587e+02 2.747444648668757168e+02 7.002399427659249795e+02 4.683128321492038708e+02
1.993399999999999617e-01 5.929377927943432951e+02 2.125874308894065052e+02 4.635057876959471059e+02 3.989528847396554738e+02 7.342850141197683342e+02 4.694268254583036537e+02
1.987999999999999767e-01 7.365827037499941525e+02 3.785693535739127924e+02 4.581514225531501552e+02 2.532761285565181026e+02 6.097399074846796339e+02 4.772131768358825070e+02
2.104599999999999804e-01 5.464717501569551814e+02 2.801770367240370092e+02 4.791040152416460387e+02 3.345715244891517841e+02 6.531263604213465896e+02 4.954403586009840978e+02
2.073000000000000398e-01 7.861658012254409869e+02 3.878727245870484239e+02 4.257517665701112719e+02 3.139640002276359496e+02 5.995353092003512074e+02 4.862975750766784699e+02
1.969199999999999839e-01 7.643277114338949332e+02 3.624197766372419096e+02 4.722220083827090775e+02 2.363912310184056480e+02 6.115384172390446338e+02 4.948894984434888897e+02
2.079999999999999627e-01 5.499962198651184053e+02 2.999578212701171651e+02 4.914422572691000823e+02 3.391612946827078758e+02 7.645768436958559278e+02 4.665029981368310246e+02
2.019400000000000084e-01 6.517748104420468280e+02 3.613921469153063413e+02 4.837831475563043568e+02 2.238185821315395287e+02 6.483523838642499868e+02 4.653994932744371340e+02
2.079600000000000337e-01 5.930046525862931048e+02 3.087753959626802498e+02 4.928235086829271268e+02 2.562201797024236498e+02 6.327784395286182644e+02 4.679148342882340899e+02
2.027200000000000113e-01 7.890126552408394218e+02 3.625124438378900322e+02 4.638594548308761887e+02 2.455868134676681791e+02 6.375772467662985719e+02 4.818409121254950378e+02
2.086000000000000076e-01 6.828003165145096318e+02 3.337479771992272504e+02 4.824736053500392359e+02 1.664900890248893290e+02 5.693653439585525575e+02 4.951822757299046316e+02
2.095000000000000195e-01 5.299368192825857022e+02 2.513699595698729468e+02 4.972366877214174110e+02 4.924742310395320715e+02 8.338334651657287395e+02 4.839662211267982457e+02
1.985200000000000298e-01 6.024204365095564526e+02 3.198168530623436254e+02 4.564028114092189412e+02 4.037014932648324930e+02 7.222341972749403567e+02 4.791831154790938854e+02
1.960199999999999720e-01 5.971721182473135059e+02 2.847735605634840113e+02 4.647546911446402191e+02 3.925773664059202588e+02 7.220435850577641759e+02 4.762614865534271757e+02
2.205000000000000293e-01 6.629930169359544152e+02 5.844200595188763145e+02 4.560218524108785232e+02 2.150658452865970673e+02 3.918994538297164922e+02 4.226533435999111816e+02
2.059199999999999919e-01 6.991835614813937809e+02 6.211023948970434958e+02 4.554630415590494295e+02 2.637443049243827886e+02 4.074565116155874875e+02 4.565286490939017767e+02
2.062599999999999989e-01 6.867163939680243629e+02 3.557266266948718680e+02 4.961827631583215066e+02 1.715898336843960976e+02 6.472385379860148760e+02 4.630296529919567661e+02
2.068600000000000438e-01 6.084542605447983306e+02 7.528425137238141360e+02 4.202366064554432228e+02 4.066795496655650481e+02 2.858318580185966766e+02 4.905240877561213324e+02
1.979600000000000248e-01 7.052457885413901977e+02 3.623437744971514576e+02 4.904847209913559709e+02 2.316423998204664088e+02 6.293360540898381714e+02 4.541947613213941395e+02
1.902399999999999647e-01 5.742968884264588496e+02 2.971474408916015477e+02 4.822084564583380484e+02 4.074496284791961216e+02 7.823460541452477628e+02 4.935584300448313684e+02
1.937600000000000433e-01 6.062313294172296310e+02 3.101984622215325658e+02 4.575268245130427545e+02 3.979635267644707710e+02 7.112169111191366255e+02 4.853343104647050268e+02
1.909399999999999986e-01 6.274539249078435432e+02 2.959606646888504429e+02 4.706076324677912339e+02 3.383348712624369909e+02 6.389720543929017822e+02 4.972604555422874455e+02
1.920199999999999685e-01 7.435227577875573388e+02 3.481051841928961039e+02 4.658004140856494359e+02 3.228809459982589942e+02 6.362178483834865119e+02 4.868010071592311760e+02
1.939400000000000013e-01 6.584263105247991916e+02 2.989948305696387933e+02 4.725015992307772308e+02 3.112350772618615906e+02 6.877405287517667603e+02 4.920156591176927350e+02
1.960399999999999920e-01 6.298382050513074546e+02 3.536102543924095585e+02 4.748083420489685409e+02 3.540890715448146011e+02 6.481617716470738060e+02 4.625495383234464271e+02
1.987200000000000077e-01 5.981074710919847348e+02 3.298583245607129584e+02 4.607977995037773553e+02 3.633375820527439828e+02 6.930264074431877361e+02 4.912375324327126691e+02
