2.408000000000000140e-01 7.078469129762196417e+02 4.343468903149985181e+02 4.868267717398518357e+02 1.924222357591408183e+02 6.596605737802763088e+02 3.415654200212782143e+02
3.557000000000000162e-01 5.184777701756818260e+02 2.034288559546519366e+02 4.709496129756786900e+02 8.272387975491583347e+02 6.615130495279098568e+02 2.722452649411985703e+02
3.719599999999999573e-01 2.113357231674238790e+02 6.014390447649407179e+02 4.018046789033323876e+02 3.940250344171550410e+02 4.620138462860908248e+02 4.870534435712535810e+02
2.460799999999999654e-01 3.289483075577794580e+02 6.606094119389815660e+02 4.266644477431544260e+02 5.294565799520669316e+02 2.208317215155451549e+02 4.538328900803003307e+02
3.338400000000000256e-01 5.986878380617697530e+02 3.662250951348481749e+02 4.452397272253637084e+02 3.294767221654359446e+01 9.950383813949708838e+02 4.560242407488798335e+02
4.612600000000000033e-01 2.851761879853451660e+02 3.723863156010693274e+02 2.550202338739731829e+02 8.387743308457244211e+02 4.112103074463892085e+02 2.779323282738347416e+02
3.436799999999999855e-01 8.692819772286505895e+02 5.873316620626987969e+02 3.387943640944825461e+02 3.561190492386364213e+02 7.354465741044411971e+02 4.511369886365053503e+02
4.383000000000000229e-01 8.140189540790892124e+02 3.219561370370290661e+02 4.195209793482152349e+02 4.694360482752420012e+02 6.858530784788281380e+02 2.194001123618965607e+02
3.244799999999999907e-01 3.922705549329364771e+02 1.964956349556364898e+02 4.638781447973209424e+02 7.745153244411479818e+02 6.794786273942817161e+02 2.542436372273996028e+02
3.193799999999999972e-01 9.677617292895927221e+02 3.225700128486797666e+02 4.555388898773574056e+02 3.916772069274571777e+02 7.878166139172451494e+02 4.382261851998566726e+02
2.755800000000000471e-01 4.354769513249153761e+02 7.912046295597444896e+02 4.511875955044993134e+02 2.895391397462578880e+02 1.472203612060920648e+02 4.872950922964723759e+02
3.873199999999999976e-01 3.278789417117413336e+02 2.477155684259890052e+02 3.337653267500013499e+02 6.443695084746723296e+02 6.081719134189453371e+02 2.785823932695557232e+02
4.227600000000000247e-01 4.165107185665892757e+02 9.430084133371874344e+00 4.388353999545886950e+02 6.763718503946109877e+02 6.553049492504688942e+02 2.669626701765719190e+02
3.584000000000000519e-01 5.905940416513801665e+02 5.915319921924841537e+02 3.789334553192763906e+02 2.260017731463545942e+02 7.429769032951395502e+02 4.848589487871060442e+02
4.042599999999999527e-01 4.039368527148413932e+02 3.704617840216606055e+02 4.080774652904444793e+02 7.084767637422694975e+01 9.160994867874122747e+02 2.391757296385889617e+02
2.723200000000000065e-01 8.860187319891072093e+02 2.655392415196017737e+02 4.630120150474006095e+02 2.622688382615261276e+02 4.964768376069011993e+02 4.489795749807331617e+02
2.625999999999999446e-01 8.187492983960491983e+02 2.837432308335153266e+02 4.404735446889416153e+02 4.792545972502020390e+02 7.379866027819018655e+02 4.881536296092075986e+02
3.467999999999999972e-01 6.898936635582552981e+02 4.945974004561181800e+02 3.352396570109189611e+02 4.669639806447042929e+02 6.825854015972349771e+02 4.776542567589278292e+02
2.911200000000000454e-01 7.277227130835971138e+02 2.777904030875160970e+02 2.799857778262122565e+02 4.030988021511495276e+02 7.758344428865780174e+02 4.570649554731569424e+02
4.242599999999999705e-01 3.727271199546808589e+02 3.688566337874347028e+02 1.897118489717221337e+02 8.112229401251449872e+02 4.897624741491699751e+02 4.945447749579091123e+02
3.757200000000000539e-01 6.926616108698324297e+02 3.405915034924771589e+01 3.119885661332029940e+02 5.000074588918389509e+02 4.567600592175901966e+02 4.571055217311478032e+02
3.096999999999999753e-01 2.862297504278787983e+02 1.840801973305781019e+02 3.189539372650604037e+02 7.136824474915151768e+02 7.478786487114280135e+02 4.261777021386028537e+02
3.547799999999999843e-01 6.983748160765003377e+02 1.939648433491941262e+02 4.925213053505082144e+02 1.492734726312149576e+02 5.074780268680203790e+02 3.205861162127610555e+02
2.601400000000000379e-01 9.813163339432705925e+02 2.089470156613347456e+02 4.637512588764807333e+02 3.367777795784328987e+02 5.732326602442917647e+02 4.832785580396695764e+02
3.644199999999999662e-01 5.467485289620281037e+02 2.720150628978964278e+02 4.095505124234698542e+02 2.049407929741187218e+02 3.806028001925757280e+02 4.770093805759757402e+02
4.334999999999999964e-01 3.641914477431454316e+02 3.207208061729987207e+02 4.526731099279037949e+02 9.028788143137356883e+02 4.493767494529637929e+01 1.893499013614419937e+02
3.146799999999999597e-01 8.486914378840151585e+02 1.776012924369351254e+02 3.498039622940504501e+02 2.805840524891296468e+02 6.493712646619120505e+02 4.176722316154787222e+02
3.573199999999999710e-01 2.253468598816193378e+02 2.051264885702588288e+02 4.613107890538531706e+02 5.076120041194374721e+02 9.897014225209234155e+02 4.873456004739268792e+02
2.992799999999999905e-01 6.413348183115199390e+02 5.349905043879094819e+02 4.477896099530985339e+02 1.389447792285797050e+02 8.199641966524791314e+02 4.480361257504740138e+02
2.954200000000000159e-01 7.113352284048283991e+02 2.710198424205652259e+02 4.956416873685764699e+02 3.359904461580280213e+02 6.570886086282035876e+02 2.864617058903650104e+02
