2.415399999999999769e-01 7.078469129762196417e+02 4.343468903149985181e+02 4.868267717398518357e+02 1.924222357591408183e+02 6.596605737802763088e+02 3.415654200212782143e+02
3.586200000000000498e-01 5.184777701756818260e+02 2.034288559546519366e+02 4.709496129756786900e+02 8.272387975491583347e+02 6.615130495279098568e+02 2.722452649411985703e+02
2.410799999999999610e-01 2.051197096943056408e+02 2.768508568248439019e+02 4.678766648424854111e+02 7.257790016601750267e+02 7.457452542727679656e+02 4.870534435712535810e+02
2.465600000000000014e-01 3.289483075577794580e+02 6.606094119389815660e+02 4.266644477431544260e+02 5.294565799520669316e+02 2.208317215155451549e+02 4.538328900803003307e+02
2.457000000000000295e-01 8.945931040825133778e+02 2.697878029005584040e+02 4.580649455542148871e+02 4.001584554527111663e+02 6.691065174126769080e+02 4.750426857690663383e+02
3.738399999999999501e-01 3.623461987697958762e+02 4.802591922683406551e+02 2.847105775394340412e+02 6.240685961541923916e+02 4.317235441307626616e+02 4.485367868545815213e+02
3.403399999999999759e-01 8.692819772286505895e+02 5.873316620626987969e+02 3.387943640944825461e+02 3.561190492386364213e+02 7.354465741044411971e+02 4.511369886365053503e+02
3.899200000000000443e-01 6.786750417105956785e+02 1.606937609339860273e+02 3.220988176958593954e+02 5.013687116780232031e+02 6.858530784788281380e+02 2.985158925922509638e+02
2.925600000000000422e-01 7.669640512718566470e+02 2.950892631641949038e+01 4.232506770083417109e+02 3.159324461037705305e+02 6.794786273942817161e+02 4.778584848832089733e+02
2.617199999999999527e-01 6.489586501477706406e+02 4.272808068011556770e+02 4.132835237811646039e+02 2.047901776173268331e+02 5.343068533133858864e+02 4.304492038235393920e+02
2.735999999999999543e-01 4.354769513249153761e+02 7.912046295597444896e+02 4.511875955044993134e+02 2.895391397462578880e+02 1.472203612060920648e+02 4.872950922964723759e+02
3.828000000000000291e-01 3.278789417117413336e+02 2.477155684259890052e+02 3.337653267500013499e+02 6.443695084746723296e+02 6.081719134189453371e+02 2.785823932695557232e+02
2.903599999999999515e-01 2.674854812820304915e+02 5.922414422060032848e+02 4.774172044785506159e+02 6.763718503946109877e+02 3.030306863491375111e+02 2.661801950628070017e+02
3.576799999999999979e-01 5.905940416513801665e+02 5.915319921924841537e+02 3.789334553192763906e+02 2.260017731463545942e+02 7.429769032951395502e+02 4.848589487871060442e+02
3.527000000000000135e-01 4.039368527148413932e+02 5.493907683626453036e+02 4.715985007198593166e+02 2.178024021225184867e+02 9.803372647563378450e+01 2.391757296385889617e+02
2.759200000000000541e-01 8.860187319891072093e+02 2.655392415196017737e+02 4.630120150474006095e+02 2.622688382615261276e+02 4.964768376069011993e+02 4.489795749807331617e+02
2.602200000000000069e-01 8.187492983960491983e+02 2.837432308335153266e+02 4.404735446889416153e+02 4.792545972502020390e+02 7.379866027819018655e+02 4.881536296092075986e+02
3.482399999999999940e-01 6.898936635582552981e+02 4.945974004561181800e+02 3.352396570109189611e+02 4.669639806447042929e+02 6.825854015972349771e+02 4.776542567589278292e+02
2.870200000000000529e-01 7.277227130835971138e+02 2.777904030875160970e+02 2.799857778262122565e+02 4.030988021511495276e+02 7.758344428865780174e+02 4.570649554731569424e+02
3.335000000000000187e-01 2.201222477207564623e+02 7.851978395798138308e+02 4.190447555108160600e+02 5.953040707415005954e+02 2.433742080361598141e+02 3.253846765107421106e+02
3.789200000000000346e-01 6.926616108698324297e+02 3.405915034924771589e+01 3.119885661332029940e+02 5.000074588918389509e+02 4.567600592175901966e+02 4.571055217311478032e+02
2.843999999999999861e-01 9.996052257075780290e+02 2.717791404187156559e+02 4.693763364079225653e+02 3.097199640587354565e+02 4.803078175271665486e+02 4.651810399231522410e+02
3.201800000000000201e-01 3.664325797132557341e+02 7.178812459248513278e+02 4.399946982796012662e+02 4.670749348369083691e+02 9.509565975231073764e+01 3.209971120981579134e+02
2.636600000000000055e-01 9.813163339432705925e+02 2.089470156613347456e+02 4.637512588764807333e+02 3.367777795784328987e+02 5.732326602442917647e+02 4.832785580396695764e+02
3.597799999999999887e-01 5.467485289620281037e+02 2.720150628978964278e+02 4.095505124234698542e+02 2.049407929741187218e+02 3.806028001925757280e+02 4.770093805759757402e+02
2.298599999999999532e-01 8.088252623237663101e+02 3.207208061729987207e+02 4.573996261080427530e+02 3.331004082674950837e+02 6.000262770390254445e+02 4.441736010160235537e+02
3.139999999999999458e-01 8.486914378840151585e+02 1.776012924369351254e+02 3.498039622940504501e+02 2.805840524891296468e+02 6.493712646619120505e+02 4.176722316154787222e+02
3.588799999999999768e-01 2.253468598816193378e+02 2.051264885702588288e+02 4.613107890538531706e+02 5.076120041194374721e+02 9.897014225209234155e+02 4.873456004739268792e+02
2.964200000000000168e-01 6.413348183115199390e+02 5.349905043879094819e+02 4.477896099530985339e+02 1.389447792285797050e+02 8.199641966524791314e+02 4.480361257504740138e+02
2.985999999999999766e-01 7.113352284048283991e+02 2.710198424205652259e+02 4.956416873685764699e+02 3.359904461580280213e+02 6.570886086282035876e+02 2.864617058903650104e+02
