4.004400000000000182e-01 1.333421535859035032e+02 5.795629824490979445e+02 4.788980936851694992e+02 3.555622513299694560e+02 1.851942147890595152e+02 4.282767921491931702e+02
4.407600000000000406e-01 6.671763675223531891e+02 1.261976361242356148e+01 4.084778125917222837e+02 3.574310803741315112e+02 8.961807273053744893e+02 4.096261788497693601e+02
6.229799999999999782e-01 2.737750337992346203e+02 3.711751128921279133e+02 1.471338167693536150e+02 9.475712065158970177e+01 6.809338789537351886e+02 4.199207896776554776e+02
5.824199999999999378e-01 7.184513013563573622e+02 4.142814703186257930e+01 2.836860621268051545e+02 4.937393657304060071e+02 7.108578154960271149e+02 2.078786659572649285e+02
5.414399999999999213e-01 7.148715343464501757e+02 6.582623935308276941e+02 2.154937059986010581e+02 8.043509004795854480e+02 1.322669608318275323e+02 3.432273778904805113e+02
4.609400000000000164e-01 2.851761879853451660e+02 3.723863156010693274e+02 2.550202338739731829e+02 8.387743308457244211e+02 4.112103074463892085e+02 2.779323282738347416e+02
5.862199999999999633e-01 6.292570815920893210e+02 1.551856198761542487e+02 1.603622888611911321e+02 3.090342803404663528e+02 2.955706772366262385e+02 2.831383708744307341e+02
5.387199999999999767e-01 2.967178202506665912e+02 4.347293929542903470e+02 1.621201877845446688e+02 4.926275526266776978e+02 5.177626392281341623e+02 3.633858515206364928e+02
3.318799999999999528e-01 3.922705549329364771e+02 1.964956349556364898e+02 4.638781447973209424e+02 7.745153244411479818e+02 6.794786273942817161e+02 2.542436372273996028e+02
4.906199999999999450e-01 1.948713515613339382e+02 1.841422387204965219e+02 1.746152950323741493e+02 2.862038765207856272e+02 4.769589554169849634e+02 4.382261851998566726e+02
2.706800000000000317e-01 4.354769513249153761e+02 7.912046295597444896e+02 4.511875955044993134e+02 2.895391397462578880e+02 1.472203612060920648e+02 4.872950922964723759e+02
4.830400000000000249e-01 6.241487720013208218e+02 4.066402991453192044e+02 2.883103127979157989e+02 4.790900428357588225e+01 6.460388675795318250e+02 2.605383359610402181e+02
4.202799999999999869e-01 4.165107185665892757e+02 9.430084133371874344e+00 4.388353999545886950e+02 6.763718503946109877e+02 6.553049492504688942e+02 2.669626701765719190e+02
6.030999999999999694e-01 6.977238227375725046e+02 7.981591535602681233e+02 2.138096718610581206e+02 8.686094476578023205e+02 4.603120103916348853e+02 2.909932831931051851e+02
4.048399999999999777e-01 4.039368527148413932e+02 3.704617840216606055e+02 4.080774652904444793e+02 7.084767637422694975e+01 9.160994867874122747e+02 2.391757296385889617e+02
4.799600000000000533e-01 9.594928210566475855e+02 9.718779435655800398e+02 2.679851969994545016e+02 5.222046298788518470e+02 7.023886001739577978e+02 4.489795749807331617e+02
3.301399999999999890e-01 7.440768542358694049e+02 2.062995674857984625e+02 4.436277843490989312e+02 5.401921045307268514e+02 8.783012497773248697e+02 4.006424227470762389e+02
3.799000000000000155e-01 5.821484707638421696e+02 1.529578584689114393e+02 3.391304602172616569e+02 2.194133312928396435e+02 7.237568690831493541e+02 3.192570172735370306e+02
5.416199999999999903e-01 9.672504468009840366e+02 1.145932714972510666e+02 2.799857778262122565e+02 7.324047696459872441e+02 6.143260325848389130e+02 3.184754816008704665e+02
4.267999999999999572e-01 3.727271199546808589e+02 3.688566337874347028e+02 1.897118489717221337e+02 8.112229401251449872e+02 4.897624741491699751e+02 4.945447749579091123e+02
5.783400000000000762e-01 7.182382918909922864e+02 5.037877846831084980e+02 2.588574600798577876e+02 8.275168740542494561e+02 5.917415448515531580e+02 4.606652059915598443e+02
5.554399999999999338e-01 9.272066206268850692e+02 1.083674659425452091e+02 1.281069622045482106e+02 7.814647870982124687e+02 4.137106879545158336e+02 4.524782462847051647e+02
4.438199999999999923e-01 5.517049340667958859e+02 1.635027269351161294e+02 4.876589367542997024e+02 5.458313700975476195e+02 6.429446562149028068e+02 1.856519271040489230e+02
3.384200000000000541e-01 4.752399373331363108e+02 2.825441497864330245e+02 4.603734340638127946e+02 7.068069830183426348e+02 5.235734640660339210e+02 3.514783115186566533e+02
4.942400000000000126e-01 8.552938563877438582e+02 7.263368306283633729e+02 2.407362223776687529e+02 6.962160067998827344e+02 5.639559879625273879e+02 4.448530350017701380e+02
4.519400000000000084e-01 7.102507023502624861e+02 2.180160880038036737e+02 4.654964996773865096e+02 9.028788143137356883e+02 7.885099021459398045e+02 2.521923225587561319e+02
4.530999999999999472e-01 2.565004531141513553e+02 6.568851199428111158e+02 3.747663700056046991e+02 1.543649168461412842e+02 3.957975979576144887e+00 3.987498649669569204e+02
3.585800000000000098e-01 2.253468598816193378e+02 2.051264885702588288e+02 4.613107890538531706e+02 5.076120041194374721e+02 9.897014225209234155e+02 4.873456004739268792e+02
3.259600000000000275e-01 6.413348183115199390e+02 1.150157395899294954e+02 4.678050157428606326e+02 5.678160015136656966e+02 8.052059824635474570e+02 3.531516948609394149e+02
5.519800000000000262e-01 6.888820467866381705e+02 7.033113081923149821e+02 2.357730073675354276e+02 6.257002800119474273e+01 9.644835659316547662e+02 4.882694703146171378e+02
