2.380400000000000293e-01 7.078469129762196417e+02 4.343468903149985181e+02 4.868267717398518357e+02 1.924222357591408183e+02 6.596605737802763088e+02 3.415654200212782143e+02
2.481600000000000472e-01 5.693957122506274118e+02 8.668417628629302953e+02 3.540379608437168599e+02 4.133616507498938404e+02 3.192869825974493665e+02 4.980608339610801067e+02
2.163399999999999768e-01 8.070772731517273542e+02 3.823856747093112176e+02 4.475723940397448359e+02 3.582498604877700927e+02 7.145815855256216764e+02 4.951832443584057728e+02
2.416599999999999859e-01 3.289483075577794580e+02 6.606094119389815660e+02 4.266644477431544260e+02 5.294565799520669316e+02 2.208317215155451549e+02 4.538328900803003307e+02
2.438599999999999657e-01 6.097798263191317574e+02 3.156323769234679730e+02 4.765921194293902090e+02 2.261625702952001689e+02 5.327972513503900700e+02 4.480726353826657942e+02
2.832200000000000273e-01 4.918045626464377165e+02 8.335296785799075678e+02 4.660844087087320418e+02 4.544405587249929113e+02 8.369462231603830560e+01 4.273565396581153664e+02
2.784400000000000208e-01 2.369292726278195289e+02 6.100982236642521457e+02 3.995229784487507914e+02 5.749839470166580213e+02 1.928853940658982538e+02 4.458093159598407738e+02
3.892799999999999594e-01 6.786750417105956785e+02 1.606937609339860273e+02 3.220988176958593954e+02 5.013687116780232031e+02 6.858530784788281380e+02 2.985158925922509638e+02
2.933200000000000252e-01 7.669640512718566470e+02 2.950892631641949038e+01 4.232506770083417109e+02 3.159324461037705305e+02 6.794786273942817161e+02 4.778584848832089733e+02
2.179600000000000426e-01 6.374377390196768829e+02 4.287559720887171011e+02 4.737866862546011362e+02 1.371706191978709057e+02 5.721278196226370483e+02 4.948894984434888897e+02
2.722400000000000375e-01 4.354769513249153761e+02 7.912046295597444896e+02 4.511875955044993134e+02 2.895391397462578880e+02 1.472203612060920648e+02 4.872950922964723759e+02
3.705399999999999805e-01 2.589914665285506885e+02 3.601012287010229329e+02 2.629748775731901560e+02 4.441776550738987908e+02 7.387550267679080207e+02 4.350275688225339081e+02
2.305399999999999672e-01 6.538977416075535984e+02 4.853048843703599005e+02 4.788492560328987793e+02 1.128185852301432135e+02 4.884954611772243425e+02 4.786017321386232766e+02
2.593400000000000150e-01 7.659744235050018233e+02 5.915319921924841537e+02 3.789334553192763906e+02 2.543131516853906362e+02 6.264345725714683795e+02 4.902368098190159458e+02
3.269199999999999884e-01 8.017933718300211012e+02 3.583463325104550563e+02 3.929144932571130653e+02 2.725961678159653161e+02 4.704870467001475731e+02 3.274290409184816326e+02
2.257400000000000517e-01 7.630128851005206343e+02 2.655392415196017737e+02 4.222003305865111997e+02 2.924397045910901056e+02 6.576706481266627407e+02 4.842932323979484863e+02
2.625800000000000356e-01 8.187492983960491983e+02 2.837432308335153266e+02 4.404735446889416153e+02 4.792545972502020390e+02 7.379866027819018655e+02 4.881536296092075986e+02
2.691599999999999548e-01 6.460766710673722173e+02 2.231644746789975784e+02 4.213100114113434529e+02 5.677347401063743746e+02 6.505881068234423310e+02 4.367153855425085567e+02
2.788599999999999968e-01 5.086066452895366297e+02 9.470951455699259895e+02 3.462206447454548197e+02 4.947821192068773826e+02 3.783539680892479282e+02 4.946047934086263922e+02
2.546000000000000485e-01 3.846553500009122217e+02 6.211023948970434958e+02 4.302992044735790387e+02 5.027378057830128455e+02 2.483962331246807764e+02 4.537963804481085504e+02
3.120199999999999640e-01 6.129193102048795936e+02 1.686380338184779930e+02 3.119885661332029940e+02 3.553739596541986430e+02 5.304824827135246323e+02 4.571055217311478032e+02
2.688399999999999679e-01 6.149125055749630064e+02 2.655392415196017737e+02 4.630120150474006095e+02 2.622688382615260707e+02 4.964768376069011993e+02 4.489795749807331617e+02
2.340600000000000458e-01 6.429371871816243811e+02 3.701588177839875584e+02 4.133765873454912594e+02 4.385233507473759005e+02 6.529028754603077687e+02 4.863087282603304402e+02
2.634400000000000075e-01 9.813163339432705925e+02 2.089470156613347456e+02 4.637512588764807333e+02 3.367777795784328987e+02 5.732326602442917647e+02 4.832785580396695764e+02
2.896400000000000086e-01 9.595733799400499038e+02 3.988223710280658452e+02 3.969099718045384861e+02 2.304552840083493379e+02 4.693802111477684775e+02 4.770093805759757402e+02
2.232800000000000340e-01 8.088252623237663101e+02 3.207208061729987207e+02 4.573996261080427530e+02 3.331004082674950837e+02 6.000262770390254445e+02 4.441736010160235537e+02
3.201399999999999801e-01 8.486914378840151585e+02 1.776012924369351254e+02 3.498039622940504501e+02 2.805840524891296468e+02 6.493712646619120505e+02 4.176722316154787222e+02
2.853799999999999670e-01 8.911006959879780425e+02 3.115812384653364688e+02 3.575855533270167825e+02 4.218410300717316659e+02 5.199159572709584154e+02 4.656850828218964580e+02
2.993599999999999595e-01 6.413348183115199390e+02 5.349905043879094819e+02 4.477896099530985339e+02 1.389447792285797050e+02 8.199641966524791314e+02 4.480361257504740138e+02
2.980000000000000426e-01 7.113352284048283991e+02 2.710198424205652259e+02 4.956416873685764699e+02 3.359904461580280213e+02 6.570886086282035876e+02 2.864617058903650104e+02
