3.888599999999999834e-01 1.836291315331521332e+02 7.378001160372815548e+02 2.544744878146164240e+02 8.031876129338054398e+02 6.135111070738023500e+02 3.886613748753529194e+02
3.605599999999999916e-01 5.184777701756818260e+02 2.034288559546519366e+02 4.709496129756786900e+02 8.272387975491583347e+02 6.615130495279098568e+02 2.722452649411985703e+02
4.911400000000000210e-01 1.278881167130635390e+02 3.711751128921279133e+02 1.896773602425617469e+02 8.909740563040722918e+02 4.560857172043190531e+02 4.265212506812364950e+02
5.082599999999999341e-01 8.331235082015757598e+02 6.179485770976928052e+02 2.836860621268051545e+02 1.543763083754825232e+02 6.305173551209803406e+01 4.173476128347306258e+02
4.511399999999999855e-01 7.148715343464501757e+02 1.827909494866415798e+02 4.780223480709927912e+02 3.076456091941352611e+02 2.484334355285946003e+02 2.893259091427404428e+02
4.626599999999999602e-01 2.851761879853451660e+02 3.723863156010693274e+02 2.550202338739731829e+02 8.387743308457244211e+02 4.112103074463892085e+02 2.779323282738347416e+02
5.106200000000000738e-01 5.862417126640293645e+02 5.873316620626987969e+02 1.644949106697737022e+02 3.673266194130461599e+02 7.303151433689035912e+02 4.511369886365053503e+02
5.248999999999999222e-01 3.977259255582376909e+02 3.160047214852099273e+02 3.779068683963544686e+02 4.926275526266776978e+02 1.438956511717121884e+02 3.562847880419108719e+02
3.310400000000000009e-01 3.922705549329364771e+02 1.964956349556364898e+02 4.638781447973209424e+02 7.745153244411479818e+02 6.794786273942817161e+02 2.542436372273996028e+02
4.900200000000000111e-01 1.948713515613339382e+02 1.841422387204965219e+02 1.746152950323741493e+02 2.862038765207856272e+02 4.769589554169849634e+02 4.382261851998566726e+02
2.709000000000000297e-01 4.354769513249153761e+02 7.912046295597444896e+02 4.511875955044993134e+02 2.895391397462578880e+02 1.472203612060920648e+02 4.872950922964723759e+02
4.796200000000000463e-01 6.241487720013208218e+02 4.066402991453192044e+02 2.883103127979157989e+02 4.790900428357588225e+01 6.460388675795318250e+02 2.605383359610402181e+02
4.233000000000000096e-01 4.165107185665892757e+02 9.430084133371874344e+00 4.388353999545886950e+02 6.763718503946109877e+02 6.553049492504688942e+02 2.669626701765719190e+02
3.617799999999999905e-01 5.905940416513801665e+02 5.915319921924841537e+02 3.789334553192763906e+02 2.260017731463545942e+02 7.429769032951395502e+02 4.848589487871060442e+02
4.047600000000000087e-01 4.039368527148413932e+02 3.704617840216606055e+02 4.080774652904444793e+02 7.084767637422694975e+01 9.160994867874122747e+02 2.391757296385889617e+02
3.437799999999999745e-01 7.969331511257616967e+02 4.521022265735535370e+02 4.630120150474006095e+02 5.675837238920853451e+02 7.597429131113333369e+02 4.489795749807331617e+02
2.627399999999999736e-01 8.187492983960491983e+02 2.837432308335153266e+02 4.404735446889416153e+02 4.792545972502020390e+02 7.379866027819018655e+02 4.881536296092075986e+02
3.671799999999999509e-01 5.712096942475391188e+02 1.529578584689114393e+02 2.226514614250249053e+02 5.667548895884026479e+02 7.237568690831493541e+02 4.200835589327163007e+02
2.903799999999999715e-01 7.277227130835971138e+02 2.777904030875160970e+02 2.799857778262122565e+02 4.030988021511495276e+02 7.758344428865780174e+02 4.570649554731569424e+02
4.272599999999999731e-01 3.727271199546808589e+02 3.688566337874347028e+02 1.897118489717221337e+02 8.112229401251449872e+02 4.897624741491699751e+02 4.945447749579091123e+02
5.746999999999999886e-01 6.926616108698324297e+02 3.731409869524220539e+02 2.187468334343475647e+02 9.359156684293329818e+02 6.177653642253392263e+02 4.684633465162146990e+02
3.329800000000000537e-01 4.346615808658904143e+02 2.216107464242161598e+02 2.617086573851162257e+02 7.136824474915151768e+02 6.646795740041513909e+02 4.524782462847051647e+02
3.633399999999999963e-01 3.499855330435765950e+02 4.005814859632066032e+02 2.779272877575837697e+02 8.061899558254211797e+02 6.429446562149028068e+02 3.938910613492986386e+02
3.449400000000000244e-01 4.752399373331363108e+02 2.825441497864330245e+02 4.603734340638127946e+02 7.068069830183426348e+02 5.235734640660339210e+02 3.514783115186566533e+02
3.660999999999999810e-01 9.744443363485928558e+02 4.149232130020195086e+02 4.432504083990113486e+02 2.228496601053413428e+02 6.639107578319620870e+02 3.396849040065951044e+02
4.554000000000000270e-01 7.102507023502624861e+02 2.180160880038036737e+02 4.654964996773865096e+02 9.028788143137356883e+02 7.885099021459398045e+02 2.521923225587561319e+02
4.508199999999999985e-01 2.565004531141513553e+02 6.568851199428111158e+02 3.747663700056046991e+02 1.543649168461412842e+02 3.957975979576144887e+00 3.987498649669569204e+02
3.581600000000000339e-01 2.253468598816193378e+02 2.051264885702588288e+02 4.613107890538531706e+02 5.076120041194374721e+02 9.897014225209234155e+02 4.873456004739268792e+02
2.983000000000000096e-01 6.413348183115199390e+02 5.349905043879094819e+02 4.477896099530985339e+02 1.389447792285797050e+02 8.199641966524791314e+02 4.480361257504740138e+02
4.334000000000000075e-01 6.888820467866381705e+02 2.634037304556260324e+02 2.009604449210897883e+02 1.669245160224422762e+02 6.275753487223166758e+02 3.705022250984607126e+02
