3.142298776988607045e+00 9.885443144578380270e+02 4.553975356766350160e+02 3.124803893490582141e+02 7.683591091437471050e+02 1.610762297381330370e+02 1.658878796257654074e+02 5.417093404066773701e+02 9.252441669431005948e+02 1.496973219831494362e+02 3.298824994321797703e+02 7.081092352191706141e+02 2.564261024247338128e+02 5.052760861989008845e+02 3.543159465348211938e+02 4.894477542770966920e+02 4.136655225754475396e+02 9.972301556322748866e+02 4.154281653035818067e+02
2.070167197324248143e+00 9.063283653254966339e+02 6.962262343331824468e+02 4.189689761372510475e+02 5.414210771811117411e+02 9.575020369422186377e+02 3.338662767949233512e+02 7.320407167612415833e+02 5.818179142363605933e+02 3.356529619650162886e+02 1.292230165557572974e+01 8.659037840871498020e+02 4.105401619927739034e+02 8.371604199127721131e+02 9.270019081613556011e+01 1.460580812509042516e+02 2.972442105349977055e+02 3.068367369149296451e+02 4.843202891148884532e+02
3.466649073020801719e+00 3.019827864142300768e+02 2.283377912303334654e+02 1.560255998763082630e+02 6.105721203987829995e+02 3.492817533686719003e+02 3.864880175033750902e+02 2.270090144449399077e+02 1.828965721742170274e+02 1.036811986311128919e+02 2.320217765943709765e+01 3.635696764271912116e+02 3.017346546979846380e+02 6.137446760935392831e+02 8.641676594991185993e+02 3.763632657528322056e+02 8.449394689671833021e+02 9.814851765525939982e+02 3.234722985456624542e+02
3.402149110682907818e+00 2.452099410566464996e+02 6.030598438520075888e+02 4.040004868966045706e+02 2.764361194734121909e+02 6.741245358829762608e+02 4.586632030861827047e+02 4.127476827364297947e+02 9.144544417724131335e+01 1.347203779720452133e+02 5.502949734290534707e+02 6.032652535599996781e+02 4.133402901719927627e+02 1.089813965403730833e+02 1.126504284372247184e+02 4.217732978820073981e+02 1.653231493368232350e+02 6.617266340575168897e+02 2.794864853514472998e+02
3.395956559984473433e+00 7.702436011797166202e+02 4.168941623286210643e+02 1.243097338423765592e+02 3.444194793303690005e+01 1.914143568343391735e+02 2.442617963811176480e+02 8.528939011595153943e+02 5.775830196090155368e+02 4.950603577083538198e+02 3.184987021709791861e+02 6.144028527917694191e+02 2.864237653952671394e+02 5.111662506350241983e+02 8.508469497133463619e+02 4.940513123735650538e+02 2.806648142084519009e+02 8.350766816137874002e+02 2.964645833539413502e+02
2.915633866049309297e+00 6.665401347822383968e+02 1.654143630451979448e+02 3.520369018632219991e+02 2.339966406139966466e+02 3.712381470966033135e+02 3.136567483286236779e+02 1.688289652910303857e+02 2.654004720148708429e+02 3.769462025530289679e+02 6.828034302603991819e+02 7.624790511425810564e+02 3.811215449526462749e+02 4.097132876529438477e+02 9.417892672200554216e+02 1.852429643328364364e+02 8.313372405318599476e+02 9.012310969767879669e+02 2.975812837119582355e+02
2.256906267535889299e+00 3.146552297889924148e+02 7.061304051594527209e+02 3.644330226165284330e+02 9.227540051327555375e+02 6.455977785679378940e+02 4.259655123823089866e+02 3.376313835517871098e+01 2.070618519810290081e+02 2.287020506426298425e+02 7.060835750169173934e+02 9.821962843769327378e+01 3.135125674659983019e+02 3.944222891696675788e+02 6.440323935780655802e+02 4.550809119274231307e+02 2.032083749831485875e+02 3.714431153183269885e+02 2.790216011199827335e+02
2.375674238872641730e+00 6.721985013265256157e+02 3.080448574762039016e+02 3.428103538653224405e+02 3.199852090187325189e+02 1.890483457179160780e+02 4.906911752773931426e+02 4.283439132610652678e+02 6.884295245027476540e+02 4.163057270735615703e+02 8.745747223938013803e+02 6.604704323086631348e+02 3.957489395547722211e+02 3.920530430272165745e+02 5.894946672493196047e+02 1.829300821160721853e+02 8.741774440081172770e+02 5.080406516516422499e+00 3.459366483108323109e+02
4.408288084057804923e+00 5.067424739165115852e+02 3.502745452612372219e+02 2.793776444855529917e+02 8.326318842081872162e+02 3.318171025991827037e+02 1.953143372251877281e+02 9.870806653031715996e+02 1.348908089616781467e+02 3.399216065768075055e+02 5.418152891173003809e+02 7.236152444387319065e+02 2.011648050198267299e+02 7.552967541449111195e+02 5.403866283993474440e+01 4.250419725784284424e+02 5.709793918174425471e+02 8.190438116303524794e+02 4.423269068577791927e+02
3.821832818116983610e+00 8.849284383046104949e+02 2.578976300992799224e+02 4.740174245753481728e+02 9.023380058990491079e+02 6.105895627883572843e+02 3.271136774737555015e+02 2.969606812841672081e+02 2.664591815967962702e+02 4.467686341498729234e+02 2.391569533668869241e+01 5.024950992969156118e+02 2.319822353456046926e+02 5.333448903997364141e+02 3.339676257073457464e+02 4.136387166255785814e+02 3.564200482585697500e+02 1.270167820713223819e+02 1.477048152787552908e+02
2.236958182069435530e+00 6.174767653350922956e+02 8.078566069092230464e+02 3.759857459755864966e+02 9.123159414186061440e+02 5.230461698891448350e+02 4.657611402861996339e+02 2.606111722635623664e+02 3.317287007620814734e+02 2.031952147887137130e+02 1.651015433131279337e+02 1.728387246390036296e+02 2.060950480316466269e+02 2.115767154160684811e+02 6.520129593142172553e+02 3.763757253520602717e+02 4.799817306347262615e+02 2.379136722918855185e+02 3.325377836598481736e+02
2.563771555325519813e+00 8.498928953445474690e+02 9.805919955283162608e+02 3.852593031777635133e+02 4.252102987929836786e+02 5.054767728311324504e+02 2.521750664117364238e+02 1.612505665114782971e+02 4.496063084209212093e+02 4.663914779384843428e+02 6.658494875283555530e+02 4.385184138751637875e+02 4.942840621810533435e+02 6.450052183396796863e+02 9.746781440960369309e+02 4.746183813485098995e+02 8.013633471036743003e+02 5.492905446424595084e+02 4.711379240462421194e+02
4.564864825407009441e+00 6.107821135193433975e+02 5.892835871251382969e+02 3.381510026310265857e+02 2.024414352764666205e+02 4.535048223181991034e+02 3.476627758190580835e+02 3.048680743347737234e+02 4.273101915807476985e+02 1.399358482570378612e+02 2.688399127597742790e+02 4.947019598595543357e+02 3.020578236108206625e+02 6.940866211672528152e+02 5.303728531939148070e+02 2.074768505185563185e+02 4.812037450077878589e+02 8.824798770983128406e+02 3.628536970371922621e+02
2.363941469667608875e+00 8.213785962094482329e+02 6.901864427785114913e+02 3.662462101202548865e+02 4.002271658240464376e+02 3.519054913465121217e+02 3.530081307014270351e+02 1.232847351422023507e+01 8.507814122991910608e+02 4.911886116884166427e+02 1.589538979003166332e+02 1.462739257575587999e+02 3.605902328824769825e+02 5.752521230890284869e+02 9.278135360474501567e+02 1.576329467464177583e+02 7.487480563306248769e+02 2.442185053551540079e+02 2.749347334861694208e+02
5.601328684695853433e+00 4.944315910436370700e+02 8.307905434436663654e+02 2.840791681948637688e+02 6.518975008997939540e+02 1.187439274535564380e+02 1.336376279512259657e+02 4.255439929566424553e+02 9.312034753637491349e+02 1.751549162461437845e+02 6.811087385191507337e+02 9.851243535179676201e+02 1.750241172469013691e+02 8.284325173285518531e+02 4.842188263418867109e+02 4.125228129042594105e+02 9.997750286779786393e+02 6.110238167381261292e+02 3.883298293104514300e+02
3.455226677222877019e+00 3.943550502893744536e+00 9.518606381856453424e+01 4.138895270506111501e+02 6.365212009121220262e+02 4.750633793693402822e+02 3.114496307007916585e+02 1.681309527369892294e+02 4.718053294428052027e+02 1.611889757648827413e+02 4.788615771115781854e+02 1.806709668289045112e+01 3.029547275950807261e+02 2.071503096560727215e+02 9.140141958257136139e+02 3.540373212028937360e+02 6.229217994873455382e+02 4.386789033250751686e+02 4.066109494808612794e+02
2.507255889049150532e+00 9.289889293525538960e+02 7.546746895550081717e+02 4.168589614764568978e+02 5.617316650812792886e+02 5.851257944399994813e+02 1.804724236343338077e+02 7.498151184203403545e+02 5.850494616766153513e+02 3.681524065911370371e+02 9.744879680480194111e+02 3.452134499063076305e+02 3.374514856894303989e+02 4.526149078059265207e+02 3.056948644237789026e+01 4.358508113221797089e+02 3.028315261607761499e+02 7.376600499271720537e+02 4.152795454137231559e+02
3.960839376025873104e+00 7.081220257135893235e+02 5.740107670732263756e+01 1.313110337985564797e+02 8.457259752802864341e+02 6.453160890469199558e+02 1.979267814937441585e+02 5.080551587111597769e+02 1.441264769578451990e+02 3.191291123203102416e+02 6.434966675121887647e+02 2.734948704778482806e+02 1.583285826859066674e+02 8.878924939974747303e+02 2.939095605585580984e+02 4.107887886730225659e+02 3.318035227893307706e+02 8.840397826525774008e+02 3.577641542616811989e+02
4.976057645196807044e+00 3.395517079993182108e+01 4.023573333401243417e+02 2.245250762139196468e+02 9.097893705532909507e+02 5.390167711885591189e+02 4.934091400733989872e+02 1.240358300874296873e+02 6.391797131698120893e+02 1.549984037886271153e+02 9.667766382129713065e+02 5.405971983330036892e+02 1.499818835359810691e+02 6.235019758431031960e+02 1.242476990402663262e+01 2.424465589022840390e+02 9.392613227887942458e+02 5.714544330531816740e+02 3.552706999861867416e+02
4.490679092845438092e+00 3.605324346936379243e+02 4.824107661531797930e+02 1.550000650882166155e+02 9.284305869520262604e+02 7.357123380856522488e+01 3.318405351741862432e+02 4.516648215495764589e+02 2.200606274532321720e+02 2.749687956915747691e+02 6.208913622011953066e+02 6.798646461837259949e+02 2.401575226459914063e+02 9.866329345210260726e+02 1.870897947047973560e+02 4.727704388984403181e+02 8.613360669398070968e+02 5.862825938330554436e+02 1.010798696841397373e+02
3.754699009374400820e+00 5.017839034118240988e+02 7.077348118832881028e+02 1.069647627541922361e+02 9.424014020626327692e+02 7.408750103153083728e+02 3.770403813169282330e+02 6.333668964667286900e+02 8.038305170364061496e+02 2.332078055317233520e+02 3.133559630211041735e+02 4.550061085937697953e+02 3.401871098179446449e+02 6.909490693501521719e+01 5.955900094995547533e+02 2.375660289663646836e+02 4.444496399579246031e+02 2.963718269760723842e+02 3.553633114930213424e+02
3.350349896294478658e+00 6.046240153597809694e+02 9.172416304282994588e+02 3.883818555980093947e+02 6.435681597382472319e+02 4.751984547505338128e+02 2.998277789146745249e+02 7.414730796159029751e+02 6.238376794823639102e+02 2.991780798036353417e+02 9.297900292060094216e+02 8.695797459498581929e+02 2.115082174801997041e+02 4.066602116081905365e+02 3.040141535844645091e+02 4.485480479556707678e+02 3.263488753811341212e+02 9.205749718904120300e+02 2.509110677529629925e+02
4.590154245018129409e+00 5.009357529772651674e+02 4.814531812425499311e+02 1.532092506300579373e+02 1.034728782464777908e+02 9.631345073610739291e+02 1.792277490808878895e+02 8.856782506432336959e+02 6.265553610250277217e+01 4.968930289190388407e+02 4.469591256807030959e+02 5.557257373455921652e+02 3.948710840601971199e+02 6.428786074809352158e+01 4.169550805018005804e+02 1.646714041236670596e+02 4.733117612812298489e+02 5.514198422688527899e+02 1.798061784638514382e+02
1.874957929717818272e+00 2.621805639004277850e+02 6.347766985088900356e+02 2.178252060390882150e+02 2.216931900739327261e+02 9.552332951137705095e+02 3.936027573770731465e+02 2.097231990039384186e+02 6.500679269483446205e+02 3.540619918227791914e+02 5.170864904157944011e+02 8.496885446042657577e+02 4.898114745517804067e+02 2.914479573548772464e+02 2.318843015245312245e+02 2.835991942306080773e+02 6.353938189401281988e+02 4.316208484154146845e+02 4.898253589495483311e+02
3.689153054329225245e+00 3.150176200873709149e+02 5.773398461744387760e+02 1.817717656582242398e+02 9.640413889535815315e+02 8.390564173687666880e+02 3.147183737969556887e+02 7.093526102540432703e+02 5.114837108712302438e+02 2.232747178312837946e+02 7.580257350463733701e+02 3.242932481518762984e+02 4.748842851983045534e+02 6.905868198423071362e+02 9.903957981333500129e+02 4.694089863852035478e+02 8.916080042104463246e+02 3.561693148495610899e+02 2.589228851952167929e+02
2.580705306113531439e+00 1.560217629260870922e+02 1.933409122481126587e+02 4.548501691455649052e+02 3.919846882272383368e+02 7.032010806827839815e+02 3.955593438055165620e+02 6.993977505290977206e+02 3.260214639291101548e+02 4.610497862493019738e+02 3.257065998101673472e+02 2.962443403969251676e+02 3.235665674763463926e+02 5.960128839781109491e+02 2.624012006290183194e+02 2.125196828625904004e+02 3.213560797520198662e+02 2.462577357121406862e+02 2.333622754956128347e+02
3.865399146813412123e+00 7.307447003557286962e+02 6.575077239875361101e+02 2.147322275962093840e+02 6.652204063692332738e+02 2.041432326389982563e+02 2.287305409746819578e+02 9.827429391179149434e+02 1.008810786834800695e+02 1.292501088549725523e+02 3.901761194704653803e+02 5.448454704147186476e+02 3.648499339672666792e+02 9.964297323972551794e+02 2.448745763178331458e+02 1.848468394356387421e+02 8.971617519481175123e+02 8.335658602502202257e+02 1.775992126990046529e+02
3.439245175064765014e+00 5.379238460431939757e+02 4.546389846164162236e+02 4.970391717979393889e+02 2.750944583865061190e+02 5.223932974764852588e+01 1.823834165600565029e+02 9.717416009155199390e+02 5.422320443541103714e+02 4.824111808240471078e+02 4.650410482336232576e+02 6.526042743114355744e+02 3.177780341994945843e+02 6.294401165204059225e+02 3.779941422875437524e+02 2.557297766514171258e+02 3.164563506722976172e+02 9.969414370788468887e+02 2.938983923669227920e+02
3.895910638802748238e+00 1.471598764301095343e+02 9.695193289181548835e+02 1.214343746979228200e+02 3.082318166398604262e+02 5.383712253962663681e+02 3.341228908840581653e+02 1.252377290304975759e+02 1.482120077141595402e+02 4.715153368599521286e+02 5.964854368643453881e+02 6.175153363060176162e+02 3.352902153999081634e+02 8.649197361133873301e+02 5.827826865261848752e+02 1.944667911771257991e+02 5.317325369538660880e+02 8.755564697647993171e+02 2.339847123044545469e+02
3.009416730533969631e+00 6.438338811178485912e+02 7.825128941106830780e+02 1.111069991527062797e+02 2.521079125465155357e+02 6.401805084293765731e+02 4.232024512190677115e+02 8.348428431971467489e+02 4.140047670576302039e+02 2.599215903355674300e+02 7.459724927398746104e+02 4.535729387737858929e+02 3.714763924629336884e+02 6.348252869531523856e+02 9.406652601789666051e+02 3.679803762445444022e+02 3.642266485782308649e+01 1.387530761327370215e+02 4.173202146731968583e+02
2.816306490586116595e+00 2.833937231564078729e+02 9.064835341574905669e+02 4.466324060738379558e+02 7.992730492107416467e+02 5.279642310898198048e+02 1.566696215097903178e+02 8.943783523078458302e+02 2.658093871496277529e+02 3.827529814487082263e+02 2.191970606675141084e+02 3.708535424822068194e+02 4.851716127878502789e+02 4.148120002397938038e+02 3.800030346909038030e+02 4.081782970525088103e+02 1.418407331864648313e+02 2.425624442873103419e+02 4.726763250254930426e+02
4.134735250073508617e+00 2.084204960559958977e+02 2.805474711888211914e+01 2.371045262173933281e+02 2.782731966646172737e+02 5.075726194285246038e+02 3.223370856762662129e+02 3.976752321186550603e+02 5.192265018668573475e+02 4.670182448722890740e+02 4.671550751481869952e+02 2.395550700109079116e+02 3.391070888769449994e+02 3.340631594903939003e+02 9.856272970273263354e+02 4.862837332337884959e+02 4.621140133685736942e+02 8.854898292720969266e+02 2.875425668704930331e+02
4.622333711321952698e+00 9.306471340919998170e+00 2.870857146155843225e+02 4.959773684497361046e+02 5.722940536475989575e+02 6.119414428330155715e+02 2.826555962024596056e+02 1.674042613285705556e+02 5.867502362544450989e+02 4.623901960674750171e+02 4.329476043070828837e+02 9.238257826057491684e+02 1.955010013888842764e+02 1.997446911260944944e+02 6.383751712712335120e+02 3.225306896142301980e+02 9.646366498417602315e+02 9.809295551056343356e+02 1.933559921518785529e+02
2.589231369109359804e+00 8.366189903683475677e+02 1.992270010088275285e+02 1.129310275724427868e+02 9.953442702344630106e+02 7.208657448919766466e+02 3.101326512791698633e+02 6.187855598921714773e+02 2.380005127628908781e+02 4.328482749589304035e+02 4.601204580873994132e+02 1.384880374276150690e+02 4.491604450947730243e+02 5.016724117440347186e+02 7.293905091350552539e+02 4.029502111580717951e+02 2.435993543454505357e+02 8.476024820575072454e+02 3.313839241218501002e+02
3.847723330373718387e+00 6.575090343524695982e+02 1.003529022202854719e+02 3.180726319007327447e+02 3.650199662639272447e+02 3.564267983929019579e+02 3.816578679477275386e+02 2.576664030427195939e+02 9.449746650452888161e+02 1.143170948577193968e+02 4.268737183395336388e+02 5.686320638933959799e+02 2.688559721198236616e+02 4.706747097143945666e+02 8.545930392302078644e+02 1.869388601469320008e+02 5.811907836884349763e+02 6.925894268415922852e+02 2.976882000240815955e+02
3.124302198020533439e+00 1.153009652293435217e+01 1.351074604429662998e+02 3.036670795254039490e+02 2.347044697881158868e+02 9.432321304193375227e+02 1.867234015350223899e+02 5.869404671374661575e+02 1.245186993044789006e+02 4.814768823019152819e+02 7.661190889851330894e+02 6.684869093423196773e+02 3.640266417019959704e+02 3.431519943578598131e-01 1.112455708079854730e+02 2.632419162958036623e+02 5.752629698858482925e+02 6.823161645806794695e+02 1.649374019101935573e+02
2.434428979606369392e+00 1.703719770081449383e+02 7.462958920905862215e+02 1.133684169949292055e+02 6.060433176749102131e+02 6.945991338800100721e+02 1.276832346564272314e+02 3.833107404892156183e+02 3.537883050196422801e+02 4.406648158571080671e+02 8.001005990250138211e+02 1.413830765347108525e+02 2.331095543746939995e+02 6.307966347807000602e+02 5.498261127616035537e+02 2.565914644348547426e+02 7.623858394629139639e+02 8.094101351889916032e+02 4.260032495943207209e+02
3.586317527618097856e+00 5.353221198150134796e+02 5.203043240199399406e+02 3.076498349200880966e+02 5.509757339407383370e+02 7.584544219218139460e+02 2.900971615256847258e+02 6.363959350812160665e+02 2.365971363932718532e+02 3.634964226789631994e+02 8.944718263573487320e+02 7.489178284701591792e+02 3.203487800601775461e+02 7.042067393209339343e+01 8.266220750045857812e+02 3.003369106704496971e+02 5.421181007026427778e+02 2.625952075978245830e+02 3.726910955588643901e+02
3.627618437834347009e+00 8.438635596913444488e+02 2.542091045272919700e+02 3.949486237510139972e+02 3.281872523598450471e+02 8.151499032942358554e+02 2.543517528289937104e+02 6.741030646814901957e+02 5.672429362443136824e+02 2.389067038546874358e+02 6.555465428326355095e+02 2.495322187569902894e+02 3.283207903748208878e+02 2.636897383231974459e+02 6.226608670824086857e+02 3.008603070198056457e+02 1.119509578409032429e+02 5.272436967817112645e+02 4.881881262725524948e+02
3.834049369388077277e+00 9.369925655156049515e+02 2.380805506386055583e+02 3.970994929189092773e+02 8.719214125730434262e+02 2.310710559995244751e+02 3.227041336283600685e+02 6.339281386271047722e+02 9.252939137308634372e+02 4.294843824915104165e+02 6.275183553959517724e+01 9.912728155214290382e+02 3.013863767581906359e+02 5.123498618347911133e+02 7.660952820058275847e+01 4.829921403377169895e+02 7.344521873673240862e+02 3.520234495486207607e+02 1.150268463069320717e+02
2.819122593489600703e+00 4.647621181725206725e+02 8.730514291065928774e+02 2.254929254170230024e+02 6.553870230459515369e+02 1.094076692543103064e+02 4.559815104329171049e+02 9.125744687457297459e+02 6.655384720981137434e+02 2.789797217064040638e+02 3.950736168794323930e+02 8.513919568352847591e+02 1.340412358337258922e+02 1.230715634111012378e+02 6.402277438543890185e+02 4.055444968517700204e+02 1.959796963543570882e+02 9.514072701165573562e+02 4.207352271814262394e+02
3.078615157306232586e+00 8.693486205195923731e+02 5.317040506063452767e+02 2.670668620877451076e+02 4.733547697052550234e+02 4.889918752362265764e+01 2.835357967688993313e+02 2.266823926812189143e+02 6.347188065666356351e+02 4.732366023486440554e+02 9.582438032078628112e+02 1.274058961953833347e+02 2.742844589503160933e+02 2.884954934786144918e+02 3.532446398198141537e+02 1.966534916038306164e+02 8.571586624869972866e+02 2.615729637440675788e+02 3.479859066218887165e+02
2.928656459630627484e+00 4.465268439008396228e+01 9.939791796544581075e+02 2.219523842066892598e+02 8.502639787480552513e+02 3.419686169473592372e+02 2.924680317082650731e+02 1.940068101002778747e+02 3.712425494309122769e+02 3.231776867033717053e+02 7.467615251425335146e+02 1.540985044146164853e+02 1.797292761120252749e+02 5.977783743123603699e+02 8.826061764814795652e+02 2.193583523333832090e+02 4.266682985470028484e+02 3.307395070213855206e+02 2.385122816964068306e+02
2.195572154847598156e+00 5.185577331664291023e+02 5.172574254642614733e+02 3.388131387751541297e+02 8.170111906827169150e+02 7.515941576814635710e+02 3.403557747056926814e+02 2.260328214285704291e+02 6.529037794508246861e+02 4.607313634906141715e+02 2.813629261677946261e+02 9.688171284889140225e+02 2.812787278689478967e+02 8.432905532849913470e+02 5.013284775326951603e+01 4.378605565321792596e+02 3.811005458157528096e+02 1.122263828312939609e+02 3.771288384584351547e+02
4.907365905202107470e+00 6.187386170847770472e+02 3.336031953296254073e+02 3.208165046718509075e+02 8.239231187503914953e+02 8.004737562973217564e+02 2.284855385047998766e+02 9.196319976564501530e+02 2.403032249504788069e+02 3.757935058426597266e+02 6.595426922122924225e+02 2.219065415866354840e+02 4.954737111843369348e+02 9.672637745770068705e+02 7.569690290000014556e+02 1.843369568755687453e+02 2.620142500686780522e+02 1.070303777288753508e+02 2.923460104268542636e+02
3.779915766996252646e+00 3.655005681140378329e+02 4.281475813744648349e+02 1.963989079368409421e+02 8.274521154398751577e+00 8.587534852738987468e+01 4.850257290896492464e+02 7.550981687585511963e+02 5.122022835278730781e+02 1.445994868089297825e+02 5.950845629516483086e+02 6.751047414814288459e+02 2.946379181427013236e+02 2.974726291692567770e+02 8.840737566328496086e+02 4.222052905053465111e+02 8.656463754674396114e+02 6.880008419256877232e+02 4.663070508298976051e+02
3.628553395353285360e+00 9.347470959912203625e+02 1.891502872702124023e+02 3.575813479540084359e+02 4.349173972225089528e+02 1.656338461902675476e+02 4.134281157148624288e+02 4.151739478199889390e+02 3.788793167558396817e+02 4.491936625970794807e+02 3.820509258066346661e+02 5.557967239368560968e+02 3.159236257348009076e+02 2.081716401732734312e+00 4.416459134217384985e+02 3.287477838587630004e+02 6.385770989325503706e+02 9.495032298601084904e+02 1.950675782344853815e+02
3.152363367478321798e+00 2.137930779105972192e+02 5.726603620891517039e+02 1.696005685848560631e+02 6.928617457383745659e+02 2.257147003480873764e+02 1.758700948125796231e+02 9.560598386502153971e+02 9.128241954521211028e+02 2.774645924103868992e+02 4.571078189563767751e+02 7.698631404240745724e+02 2.304647391838595354e+02 4.657613979480579474e+02 4.073072387641494174e+02 4.465908086634074152e+02 1.367470225150696592e+02 9.990531257298661103e+02 2.293115772875871130e+02
4.181574230816607951e+00 2.622409463059753421e+02 1.741059435995293541e+02 3.028046908456104802e+02 5.070396960399938280e+02 3.586525802918930594e+02 4.724806023634848771e+02 9.968538293099709335e+02 8.869950607529049194e+02 4.312462660875722236e+02 2.452103359599366001e+02 2.358048239195839244e+02 1.690491436488779868e+02 4.814819629080034247e+01 4.131693285021083284e+02 3.823643267883711019e+02 9.092046121515488721e+01 5.405737287951602639e+02 1.301364634067156203e+02
2.158781802030567132e+00 8.655564992752179023e+02 6.911392129496292682e+02 3.010860398615385520e+02 6.931112030574327321e+01 6.446362256218916400e+02 3.226526389183601964e+02 3.653736909430741662e+02 7.646652056661322376e+02 3.673506601606694630e+02 9.093452385029600009e+02 7.866117308258315006e+02 4.039098700631465135e+02 8.601628466523733323e+02 1.627645302847410278e+02 2.215939821142042661e+02 2.867384703791725542e+02 2.398290824485997916e+02 4.283633893126577163e+02
2.413397396421640639e+00 7.035212289011635676e+02 4.303794115024620055e+02 2.700117575052896086e+02 6.200526247471399302e+02 1.741420950472006837e+02 2.672010842965664210e+02 8.011280164480647272e+02 9.316201520543048673e+02 4.388956353604363585e+02 1.960712979807756824e+02 2.178498417393581121e+02 2.308593061620526896e+02 8.345083626278758402e+02 2.172315282923050290e+02 4.221249728724369561e+02 1.373121280453534894e+02 6.515393742218357147e+02 2.588577638461858896e+02
2.417761533418898878e+00 5.766652812708484817e+02 1.570738978579208833e+02 4.474580943507993993e+02 8.005898972779480118e+02 3.178765769166080872e+02 2.698682964645441302e+02 2.789782347400573599e+02 8.091812039473549021e+02 1.660638887281921257e+02 6.286654550453840073e+01 5.771322029577189596e+02 4.991649854324031139e+02 4.698684913798803109e+02 6.403614844866133353e+02 2.992273682415984695e+02 6.641300764729085131e+02 8.303320355536549187e+02 2.729424763972364190e+02
3.852792663927192329e+00 9.873071157951408168e+02 8.816384622194340182e+02 3.607253426467232771e+02 2.197154997495339614e+02 1.324424840449009366e+02 4.292791923539981553e+02 1.389510896189559617e+02 6.501064172051179639e+02 1.887334822630839426e+02 8.049375244013598376e+02 3.063850435612938554e+02 1.974292760469036239e+02 9.186946370311012515e+02 7.117788557223610724e+02 3.778614255432491973e+02 8.055229488402338802e+02 5.286073959525638202e+02 2.882942924185097695e+02
4.628587902977895574e+00 4.391106148924107515e+02 7.365754128372456080e+02 3.246306188514193991e+02 5.023438128839256933e+02 3.073302637163067743e+02 3.850092790991739662e+02 6.911514570090731695e+02 8.417743423897537696e+02 1.832196120002588486e+02 6.049802304178699615e+02 8.874745514102045263e+02 1.550242816346408574e+02 3.791994021269886730e+02 7.941750071570243108e+02 1.435679942348181726e+02 4.262783132757402882e+02 1.092386637284801196e+02 3.932421397969383747e+02
2.938917590333975038e+00 5.671512289461891214e+02 9.609069842458834501e+02 3.584616942440679850e+02 8.814785428661550668e+02 2.725581452253964017e+02 3.253545596271450790e+02 3.540422405470577019e+02 3.195837037328095107e+02 2.542469500724322984e+02 9.470345682267591201e+02 6.455877507490640710e+02 2.056158245279883090e+02 3.067314387343904514e+02 8.042559473447454366e+02 2.872170422436799413e+02 7.746544599293921465e+02 5.532909442517554908e+02 2.369949204241238476e+02
3.113695718702091497e+00 6.451851071551242285e+02 1.965761068739785173e+02 1.021049680629545691e+02 9.472445830295388305e+02 9.202002072741385064e+02 3.247010115698139998e+02 8.154681207518660813e+02 2.595946256346711607e+02 2.410699212382387486e+02 3.928497119085307077e+02 3.518870899200032909e+01 2.914606073949111078e+02 4.481509783811397938e+02 5.155942141116162247e+02 4.917828162760199007e+02 2.997344990967694116e+02 2.548346411274204968e+02 2.975162287726929549e+02
2.531917198244724165e+00 1.703719770081449383e+02 7.462958920905862215e+02 1.133684169949292055e+02 6.060433176749102131e+02 6.945991338800100721e+02 1.276832346564272314e+02 3.833107404892156183e+02 3.537883050196422801e+02 4.406648158571080671e+02 8.001005990250138211e+02 4.452965676277997886e+02 2.331095543746939995e+02 6.307966347807000602e+02 5.498261127616035537e+02 2.565914644348547426e+02 7.623858394629139639e+02 8.094101351889916032e+02 4.260032495943207209e+02
3.144358920464975782e+00 2.164120695513389023e+02 6.598215488973598895e+02 2.035808666609735553e+02 7.238923448036944137e+02 9.621321374368505985e+02 4.830440364903487307e+02 9.847700527876440901e+02 1.678159444269323899e+02 3.438143491423128353e+02 5.436155675567008529e+02 9.841848980701184928e+02 4.330436630549822894e+02 6.235733950112357888e+02 1.134005662750019496e+02 4.476361281021243030e+02 6.408588761877869047e+02 4.422209289224751956e+02 1.626057752163130203e+02
3.440943564333829308e+00 4.663179789609899331e+02 9.406510881425612070e+02 2.313173383062994048e+02 9.441770701187513168e+02 2.531497565912701475e+02 4.981062728725403304e+02 8.386734882188835627e+01 1.118332858743007137e+02 1.891761468314581691e+02 5.168084638822398347e+02 3.617228566982659004e+02 1.510562343869460165e+02 9.533807518852295289e+02 9.032013748107442552e+02 2.317589552535412452e+02 3.231386268733822362e+02 3.852047141206027732e+02 2.517652246014313846e+02
2.367787339091420584e+00 8.455039212614384496e+02 5.127651278854021939e+02 2.215123228034839826e+02 3.408525593205423547e+02 8.122032833732351946e+02 2.363518414751760588e+02 8.209264503611068449e+02 2.297220984914773965e+02 2.718744829647650931e+02 7.640332799351696167e+02 7.317789396207344907e+02 2.292502099532479463e+02 3.023486631343513977e+02 7.759240933428711742e+02 1.160524387227380458e+02 1.730619463063555088e+02 3.492946030016454984e+02 3.630227877890964692e+02
2.900066311962437027e+00 5.046469425463063772e+02 1.133302503722707399e+02 3.779033506385458736e+02 9.685990535828392467e+02 7.519675095408907737e+02 1.202365579503698712e+02 8.723100410998011967e+02 2.292757462396497488e+02 1.051225519715897576e+02 1.568649082350228525e+02 9.734765626491331432e+02 4.283836205297505444e+02 9.804773540137578891e+01 4.982632601369658687e+02 2.401299672513483756e+02 5.115413194012825784e+02 5.678975798890894566e+02 4.077174352949538161e+02
2.922315490654760595e+00 6.301034166879609302e+02 1.807842384885305265e+01 4.821725635847275271e+02 5.332998032818264846e+02 6.946071816269517285e+02 3.454543420257402886e+02 2.044675403338685555e+02 6.705337948123041087e+02 3.628906885952973767e+02 8.876130027075363387e+02 5.419866916477494669e+02 1.055227688141593205e+02 1.383130061773638602e+02 5.080323648665991527e+02 3.350706737346118302e+02 8.414980636706438872e+02 3.499319919052653063e+02 1.245623259090162662e+02
3.555886705973049899e+00 3.876830678423312406e+02 8.865265887880218543e+02 4.239315784061286649e+02 1.886795799377809999e+02 3.491013316123245431e+02 3.960926188995408097e+02 7.127080573612812486e+02 1.797019481611984020e+02 2.713571542413757243e+02 2.369710985003055157e+02 5.479882282147059414e+02 3.960334513563296355e+02 3.008667689641248444e+02 9.618516931142864905e+02 1.507390657933937916e+02 3.345864209589259417e+02 4.191055871828905879e+02 4.139426966442877074e+02
4.740771315864376945e+00 4.964070126726908256e+02 8.175933866718867193e+02 2.520861424899466670e+02 4.906150722315373969e+02 9.848773231135197648e+02 2.526624352862349099e+02 3.714949613996369635e+02 2.525861392101004412e+02 2.601864736161814449e+02 2.019495017642787502e+02 1.972625488763079602e+02 3.171426457505480130e+02 6.237781393045878531e+02 5.458418420273310403e+02 1.945672604843280453e+02 6.263694285568415125e+02 1.258381245593504900e+02 2.194402733396713643e+02
2.363638787763580940e+00 2.981108863505454920e+01 2.722161502868687535e+02 1.876391572304304418e+02 2.524859857668078007e+02 3.511294326893187190e+02 3.654657500719903283e+02 5.215046235605051379e+02 4.111451893695214039e+02 3.352416179675816466e+02 7.926463864605716481e+02 3.278155064404900827e+02 3.551022805632082395e+02 2.381714015465717864e+02 8.225289069504000281e+02 2.871229750942674173e+02 6.343812342676770868e+02 7.101855461792948745e+02 4.674064150207600505e+02
3.937452121562526663e+00 1.653743507460841897e+02 6.227777408033393840e+02 1.079608089990801858e+02 6.237605063993698877e+02 5.717860511313357392e+02 2.366383671611899331e+02 3.166962716146768457e+02 6.844875949265012878e+02 2.113041538542505009e+02 1.477819778959645589e+02 4.762970170391975557e+02 4.922778471811154191e+02 3.088207764952443313e+02 7.405785039857326524e+01 3.954916534107433108e+02 4.546686257725244218e+02 3.730799097163940132e+02 3.158512867479164470e+02
2.751385205924151478e+00 1.255307298137402938e+02 2.292026538943057687e+02 2.474844199738277553e+02 3.508168892751450585e+02 3.438424714569659386e+02 4.178790322372823312e+02 3.141308322101333488e+02 6.843540196496206818e+02 1.174121729099281879e+02 4.944655596722088831e+01 6.177248745197847484e+02 4.428120836043333384e+02 3.436344965049407847e+02 9.609617124457311093e+02 4.429909926542669609e+02 8.978951483259627366e+02 6.310573176341199542e+02 4.044500637381191837e+02
3.687097421479339943e+00 3.819162928667540200e+02 8.184943362887471494e+02 2.003062801350284303e+02 5.501449457669468757e+02 6.809950280607954483e+02 3.487750057114635638e+02 8.583832294757366981e+02 2.901137356985105384e+02 2.941490580936132915e+02 9.543087842296853296e+02 7.016691508306488458e+02 3.450258812104873414e+02 5.712826717661765770e+02 1.794229075794649475e+02 3.194043315806176224e+02 1.952778267367843341e+02 2.057777948346579819e+02 1.052802740101705581e+02
2.369923750987663613e+00 6.602745172203823358e+02 9.706312301268260399e+02 1.741265142034873747e+02 4.767690709824745632e+00 6.715471539362971498e+02 3.236434546963989760e+02 3.525611926503912059e+02 1.736038459002554646e+02 4.847997297578207849e+02 6.345589016764458847e+02 2.498830835381626798e+02 4.164490884214819175e+02 9.617428521174664411e+02 5.446327614661465759e+02 3.759885610192113177e+02 4.103576644493192020e+02 4.670682102277314698e+02 2.429503327301566173e+02
3.482692903253417960e+00 8.684168712448681617e+02 7.163391472092681624e+02 4.851628514278246485e+02 4.285243728330250406e+02 9.830585947380558309e+01 4.889572313370394454e+02 6.434300416879901263e+01 2.961594840078811330e+02 1.647176518374672298e+02 4.866859952763330170e+02 8.044193283748364820e+02 1.369508304104624585e+02 8.537944734363002226e+02 7.030556670218612680e+01 1.628969719799408722e+02 4.471260926018276223e+02 1.105627259247422671e+02 3.751656471817594252e+02
2.031335200941686736e+00 7.651397955091134691e+02 4.127077709840396551e+02 3.959392842680637727e+02 1.536876532174005661e+02 7.540527100269357561e+02 3.678211549379172993e+02 8.626431490010218113e+02 8.496396584932926999e+02 3.884686337339887814e+02 6.431896104195936914e+02 1.105235549175114187e+02 3.861493354264509890e+02 4.720019057214450413e+02 9.340272417161905878e+02 3.848389084553455177e+02 1.170779300939033192e+02 1.758025217775732472e+02 4.432601526326611747e+02
3.177852037860739109e+00 9.308893330400049990e+02 3.237618570242215128e+02 4.968496167829288197e+02 5.732341361640839068e+02 9.128755814316509714e+02 2.885436419055257602e+02 6.321211587090645025e+02 3.875925702289652008e+02 4.817698259194593220e+02 7.183078606708700136e+02 2.966178957384304340e+02 4.133076180169546774e+02 6.232892827820811590e+02 1.605942987394087140e+02 2.676856801296485173e+02 2.012586019795757863e+02 6.152785167641885664e+02 3.228668278761813326e+02
3.272927873886794625e+00 3.807736165046747487e+02 6.307528113955788740e+02 3.509389918066607947e+02 3.724687844304532405e+02 3.703485159254816494e+02 3.641810019026676741e+02 7.820457421708669017e+02 3.391958814060348004e+02 2.443001387922612082e+02 4.909830613565695216e+02 8.224427993376407358e+02 1.735858381855438211e+02 5.843542843309440968e+02 4.643616781161026097e+02 1.870333530403417512e+02 3.205958956082872646e+02 6.948634778798435718e+02 4.522445182538866106e+02
3.907370231117447634e+00 2.120480449901287443e+02 3.080092488906010999e+02 4.479724884037983088e+02 4.498382013415562142e+01 3.721792863438440122e+02 3.187799160098608127e+02 1.522171244678547737e+02 3.371854939340039437e+00 3.327106366724905229e+02 2.716966432633653312e+02 5.710135870205022002e+02 4.834703682353576824e+02 3.653503648102667398e+02 5.922934452649088826e+02 2.283538404048914572e+02 9.691703558299981296e+02 6.374191261253338325e+02 3.825959334677345396e+02
3.246605272917137075e+00 1.069076101495815010e+02 5.810360626907587545e+01 1.714601943918319762e+02 2.992334482894005987e+02 4.433343891779080650e+02 4.579245385563224886e+02 2.801060393894749723e+01 6.845547738570688807e+02 2.355814160335150120e+02 8.755061705025096899e+02 5.197951078644240397e+02 4.031901597263486110e+02 9.726131854074803869e+02 6.302514087705010297e+02 1.315312876718327288e+02 6.791355875669923989e+02 5.961057554913173817e+02 4.667306583196133829e+02
3.922078554391334571e+00 5.653601149740650271e+02 4.738094827415299051e+02 4.082573448984488778e+02 4.936962870277573074e+02 4.161677034545716083e+02 1.820370284322774808e+02 6.430050748603280226e+02 7.745989726592620173e+02 2.583254984783944224e+02 8.446724485439173122e+02 7.023682942784821535e+02 2.735119155728186229e+02 2.735262966156784046e+02 9.665998347942543205e+02 1.411952403082114245e+02 4.109494075016172019e+02 6.459763934961785026e+02 4.360759095754681312e+02
2.518694892657184159e+00 9.718751802907770525e+02 3.140377598275021569e+02 2.550552499107415088e+02 5.156536491406566256e+02 1.179220386087186654e+02 1.536236514052726818e+02 7.639804082730023538e+02 4.946463823445182584e+02 4.347294279242697712e+02 4.398632555234154324e+02 8.563112001489490694e+02 3.988482853897446603e+02 1.650280428887639914e+02 5.044294604654199361e+02 4.621937899585609557e+02 5.929135728888506947e+02 8.134827420435849490e+02 3.848578705744599233e+02
2.850626214874852682e+00 6.623557756855566367e+02 5.336247701326092283e+02 4.042214188717225625e+02 9.423342963265529306e+02 8.717559310284173080e+02 1.058649826872594417e+02 2.598514111443205366e+02 7.763291684785571078e+02 3.379442800366908273e+02 3.682235158431001878e+02 2.814580421711475537e+02 3.164064300424481075e+02 5.039058715122420722e+02 1.160005484566906091e+02 4.589460359320913199e+02 1.066734905154924604e+02 6.743894673809855931e+02 3.465495597561915702e+02
3.764760463167260873e+00 8.043968721878604811e+01 8.642589351139288283e+02 2.639499894777850955e+02 3.691085633729894084e+02 3.567853889543206378e+02 4.221950065223353477e+02 4.748826271731341535e+02 3.068802483770555227e+02 3.887729521803660759e+02 1.514346591515193268e+02 8.550642749713728108e+02 3.954666107983314305e+02 3.890841684785796133e+02 9.145678656463429661e+02 3.268425507101779885e+02 9.127544716513128833e+02 2.404163447336129025e+02 2.067636736486901441e+02
2.241999160756364962e+00 6.862617131915737900e+01 7.229360526996837280e+02 3.616856117608666068e+02 9.987529885271981129e+02 8.504442668619803953e+02 3.959679230024738104e+02 2.913819054342416734e+02 9.679084225246564301e+02 3.400047705675335123e+02 1.679095193483416324e+02 1.894301961117278097e+02 4.061651053440292571e+02 6.008855171545940266e+02 3.731902676026194285e+02 4.466990056538832050e+02 3.317589148134078414e+02 1.592926337452786356e+01 2.728362381818739095e+02
2.361201501936764480e+00 1.865398662611203235e+02 4.291898326051823460e+02 4.999035863303676592e+02 9.633864353866274541e+02 5.167221947970023166e+02 3.295631716593289866e+02 6.857423541537166329e+02 2.121134229782318528e+02 4.456822797682530108e+02 4.578526315024284372e+02 7.176458939070007546e+02 2.417377515849356087e+02 7.891626048020535791e+02 8.041517094684247695e+02 2.902210588518345276e+02 8.763139691300465302e+02 1.292437819631473701e+02 2.415421092979314892e+02
4.995979858915157834e+00 2.850128360283057418e+02 9.986389041489177316e+02 3.312861891862058314e+02 2.910837881505550513e+02 5.775373126377485278e+02 3.316973296051999682e+02 2.246422309011990706e+02 7.391880446216018754e+02 2.612244696661266516e+02 1.250202899842640818e+02 9.245213766955369010e+02 4.765156304479224332e+02 1.468603701783580391e+02 4.659259528150914775e+02 1.373806739055455637e+02 3.629600852474503654e+02 4.636269492086206583e+02 4.953891191368911677e+02
4.035016303650357905e+00 2.165244345677452884e+02 1.647812304778612997e+02 3.185684473565495978e+02 9.375477080495396649e+02 8.469171617147270581e+01 4.708902031324736299e+02 4.206239340774533275e+01 4.108553308731289349e+02 3.419263277091024520e+02 4.855615634271347858e+02 5.990950051299619190e+02 2.144071130946495600e+02 5.511911726054752307e+02 6.648070122960758965e+01 2.925234335437436357e+02 6.991480689879296051e+02 5.823675978143864995e+02 1.908757334024676879e+02
3.369248251828647511e+00 4.472497737018430257e+02 4.493538388822441902e+02 2.227446887620556595e+02 4.389960605071663053e+02 2.962259940038409809e+02 2.542940805891477396e+02 9.457200310120506401e+02 1.807282924269200350e+02 4.802227616044957017e+02 7.416062729536961342e+02 4.567086693189556854e+02 4.915048016718487247e+02 2.677765792124550899e+02 8.107015579135297685e+02 3.142597442205283187e+02 6.113355869129412667e+02 4.676811036012979912e+02 4.808817745049614700e+02
3.425071649479018987e+00 7.823251325519681814e+02 3.627662273962616268e+02 3.204425713346735165e+02 3.999462498305359759e+02 7.181760799683353298e+02 2.812986118001548448e+02 6.991528794377152281e+02 3.697049562426993816e+02 4.950353772727361843e+02 4.698528521252981704e+02 3.933376342202871001e+02 4.323478077973397262e+02 4.140576081903315639e+02 1.783565568911497223e+02 2.602169364303719021e+02 7.992043494920809508e+02 2.875762042313347706e+02 4.346893105975451022e+02
2.508188264190762240e+00 7.373462484844220626e+02 7.647778741538880354e+01 3.931643727130726802e+02 3.768944088163506194e+02 1.674588103531930869e+02 4.756071349724161337e+02 2.601441530695553865e+02 4.654297605213325824e+02 4.179952298032778799e+02 5.113101534128785488e+02 2.294160488981008541e+02 2.821345303045279138e+02 6.131555593308975176e+02 5.415725698956094902e+02 4.849403858710089139e+02 5.963749222649453259e+02 1.413027969494949900e+02 1.950514672835045644e+02
4.581452891999997057e+00 9.910445713626938868e+02 5.353044320400816787e+02 3.959692487497097204e+02 9.495231215272219742e+02 9.602765361627922402e+02 4.448899813108329226e+02 1.083484778244520044e+02 9.393663366589333918e+02 1.619989407445459904e+02 6.170841305600969235e+02 1.514942803658926209e+02 2.960469010279231270e+02 7.627942732396236352e+02 6.478744995431908364e+02 1.242893926642838096e+02 4.707573196010554852e+02 5.666419158806585301e+02 1.560968648769431297e+02
3.436029001372542968e+00 7.587417702396372761e+02 6.464488769901730620e+02 4.613845574072021236e+02 4.833728311278473200e+01 6.789385850680872636e+02 4.924351350056639376e+02 7.023174969563526702e+02 7.760669639128166182e+02 3.316910259587767200e+02 9.125111715696405099e+02 2.264091373425782763e+02 1.111920622629795758e+02 2.341648318280750232e+02 7.000464182540264346e+02 3.653650648105297591e+02 6.931457202610664581e+02 6.329378713425670355e+01 2.264543929798184365e+02
4.332968113628630213e+00 3.453914765907227888e+02 5.357867291220078414e+02 2.743569806700656386e+02 9.516202713392033274e+02 2.881186691983414789e+02 3.048931654235443602e+02 2.708704392267429171e+02 5.642529925199488616e+02 3.785571933869665031e+02 9.235064276085153097e+02 9.056472838380549319e+02 2.435430233072476085e+02 8.326670845121676621e+02 2.367731748523437147e+02 2.746140981195190420e+02 1.556995984272681142e+02 5.992881666080673995e+02 1.367815017606177719e+02
2.246130925706366632e+00 6.432135275263111680e+02 2.150170723381366145e+02 4.013673447867790287e+02 5.301204565404826781e+02 7.236555691862704407e+02 3.117614103799099325e+02 8.935224038870464938e+02 8.113787117229235264e+02 4.695813449564376469e+02 8.389847739059887317e+02 5.441156513738677631e+02 2.530101423495198105e+02 2.968637676800722147e+02 3.531740479362008500e+02 2.979758598140352888e+02 1.355220667494959912e+02 9.267964114114034828e+02 2.870687527025382337e+02
2.657252430122812648e+00 4.928842810323578760e+01 5.234929503832165665e+02 1.649063225074054344e+02 1.778227788067812867e+02 7.399237124286818243e+02 2.218109670432528446e+02 4.603771941082908938e+02 3.151069101976649449e+02 1.752012130630294564e+02 3.618104313582115310e+02 1.608749860997398287e+02 1.847169850892720717e+02 7.398564784998629875e+02 9.777468072003686075e+02 4.380078829930803295e+02 6.684104319221742116e+02 4.849381928457050890e+02 4.650822329324591351e+02
3.946227391751920166e+00 8.491642862438446855e+02 5.978135329694396205e+02 2.083532735199856063e+02 8.180451224562449397e+02 7.708438074473812094e+02 4.550167666949405429e+02 1.171832340103681247e+02 9.827869189426639878e+02 1.397343937450546321e+02 1.147843694047412413e+02 2.320891726952450824e+02 3.020581222539713622e+02 5.690631531431565691e+02 7.197790022286853855e+02 1.008877281355221811e+02 4.979616860024181051e+02 2.335355365829681205e+02 2.493893517095027050e+02
4.131842523098374187e+00 2.625718617490319957e+02 2.318566297592745400e+02 2.122999500582006078e+02 6.661791134409079405e+02 8.963125628308976047e+02 2.046326076297897885e+02 4.802207460637690133e+02 7.491438860555169867e+02 2.641683820754960834e+02 5.295925166941597126e+02 1.577416959376290606e+01 3.826650878511238147e+02 4.239571160539601919e+02 9.391213248660276349e+02 3.544621711328884430e+02 1.010099663620792683e+02 6.367110487961507488e+02 3.680489659634753252e+02
3.424044459568278853e+00 7.030140278040661315e+02 8.854212766301880038e+02 4.141956468078648754e+02 9.207750527343386011e+02 4.406378567494494405e+02 4.145617386675842795e+02 9.707738648130705315e+02 8.451684148783201636e+02 3.787236891507847076e+02 1.413976930272619086e+02 4.506116244625633271e+02 2.932038658324014477e+02 6.051549652133040809e+02 2.806672514528505644e+02 1.825098526524604097e+02 8.034292962652344272e+00 4.240091970106307429e+01 1.835888748132208832e+02
3.257437683716785770e+00 8.910824008222674593e+02 9.927296553596640933e+02 3.123613218310472348e+02 1.898754448639360248e+02 8.774886934698365621e+02 3.974246581218068286e+02 4.262555620074167564e+02 9.129792568212391188e+02 4.497647919692115579e+02 9.009358966683082599e+02 5.555204136770940977e+02 4.438404883088652468e+02 2.668367203841981450e+01 6.210936218635676198e+01 2.863347979606411400e+02 5.273926645628494043e+02 4.003886045202897890e+02 2.220050449255271019e+02
2.623460354482924917e+00 6.950701162090321077e+02 8.831056050166178295e+01 4.508342420133154747e+02 8.186079720206232651e+02 2.774629390635715822e+02 4.694622062596637875e+02 2.412639055361868827e+02 3.385895435121167338e+02 4.204840006886532251e+02 8.812496243871305523e+02 4.703856653880210956e+02 2.175044412483223653e+02 9.076435095515323610e+02 8.085064681199526149e+02 3.344682357989609045e+02 5.721978142312357249e+02 9.532287321735238947e+02 3.691463420332838723e+02
4.397175201909923281e+00 6.987078898273960021e+02 8.479959055184349381e+02 2.351540927694504717e+02 5.735173702846348078e+02 7.621200359659202661e+01 1.411832527830156891e+02 3.859433826351959738e+02 8.278386387169405225e+02 3.908686939038514652e+02 8.771609795379473553e+02 1.303803632062096653e+02 3.029589336259551260e+02 8.802206050762457608e+02 4.277364598000584124e+02 3.976098202965816313e+02 3.609104193084402823e+02 9.497060612391506993e+02 4.821321944118126908e+02
2.836373635849477104e+00 7.587856169046280286e+01 7.452188547678678106e+02 1.057502886468331980e+02 4.074629529762322591e+02 4.242558784105589211e+02 4.238072778283741968e+02 4.612810792359412062e+02 2.531515216622123319e+02 2.327510894072837857e+02 7.828179811024983792e+02 3.513129126391897330e+02 2.030781959527552090e+02 5.674864321013418476e+02 7.004871965516226737e+02 3.890090760485780379e+02 1.275259971035800390e+02 1.699239472697393580e+02 1.550698483852447112e+02
2.663443774772376926e+00 9.255651941568389702e+02 4.170386396795820474e+02 3.821123477413642604e+02 4.501047158563383164e+02 8.883018708537910015e+02 4.904858214312997120e+02 6.835873077113357112e+02 6.102886825049961317e+02 1.989443081585928326e+02 8.293860750627027301e+01 8.781622959517294476e+02 1.852276681503828684e+02 9.855342921659233753e+02 5.638909829781387089e+02 4.936024291891739040e+02 1.530314187170802143e+02 3.863659710724716660e+02 4.365543610734693516e+02
4.182007438011967615e+00 4.613729723583097666e+02 3.351087160879506541e+02 1.985325581803977855e+02 1.879157269629790790e+02 3.286640321673480685e+02 3.707589632032573377e+02 4.759555145570521972e+02 4.377520906798324631e+02 3.073152514543982079e+02 1.946771336822675664e+02 2.896758654043929226e+01 2.607904618581286513e+02 5.522027998972987461e+02 5.535543232291984168e+02 1.049801084320784952e+02 8.092503418600422265e+02 6.647836184174065011e+02 4.952063966186528887e+02
