6.496047622452792325e+00 7.259302194956801486e+02 5.110815429820767122e+02 3.187667390906535729e+02 2.785397719792939597e+02 3.588728900364174592e+02 2.378517364536592140e+02 6.284316371080847148e+02 7.556761379653945596e+02 2.273902759213931404e+02 6.256501203618994396e+02 6.966982325743365436e+02 4.076378262717635153e+02 6.287176127115138797e+02 3.460408907918787236e+02 3.393513558344243393e+02 5.442784274391633517e+02 3.662123711474595211e+02 2.481162259447000906e+02
6.696110352201889881e+00 8.506478240914308344e+02 1.431338404992193887e+02 3.543624559106279435e+02 2.088002616127745057e+02 2.427986609036827588e+02 2.178968799709854522e+02 8.831468933987594028e+02 1.680844872306929005e+02 3.374533107521472175e+02 6.638410761559588309e+02 1.032944771988194077e+02 4.554302860845267560e+02 5.060033718806517413e+02 5.664381063875719065e+02 3.164326869718740909e+02 8.601710791088673886e+02 2.192296841214900383e+02 3.654234119821439890e+02
6.688600569452651357e+00 6.434792248230230598e+02 6.879601171650690503e+02 3.193059351479622592e+02 6.120298646402102349e+01 2.052429537965380177e+02 3.715778076879721539e+02 2.691814222514820472e+02 1.321670869632268079e+02 1.848473641514008250e+02 6.836766322990745266e+02 2.109397041341530041e+02 3.397644954034245757e+02 5.799970237623402909e+02 2.666124456289926457e+02 3.505358573876592345e+02 6.042543819870326161e+01 7.679143774735911165e+02 3.866870997021704852e+02
6.803553966207799952e+00 6.010377151246862013e+02 3.580441051591589599e+02 3.621423215213328035e+02 8.241223454899668468e+02 7.494960393118929005e+02 1.113662703383289454e+02 5.005283646303959131e+02 4.539956926341861845e+02 4.317023562720258383e+02 7.888335325089061598e+02 7.113642794038976263e+02 1.114334779939772773e+02 4.268533641363500237e+02 3.372562790824464400e+02 3.603783957052103233e+02 4.398801931736784354e+02 2.170906184371918357e+02 2.654582676854421379e+02
6.637192083060391212e+00 3.082464681562212832e+02 5.467377128053672095e+02 3.071159109777737513e+02 5.445958058643681170e+02 3.849177757667726496e+02 1.987974255708952853e+02 8.141991143087152523e+02 6.008284460966073084e+02 4.677372556778955186e+02 6.866788534923866791e+02 2.564880799958223179e+02 3.298508502184210442e+02 7.342391618481226487e+02 6.337241164397923967e+02 3.761369718446085244e+02 6.937706979109944996e+02 4.358077126526463871e+02 1.467571736512399809e+02
6.705973177214715975e+00 4.620055111386382123e+02 6.233430018481844854e+02 4.262701829330994769e+02 6.421646945675422558e+02 4.505656509938262957e+02 3.955895834674078628e+02 4.865501353745827942e+02 4.421277783084636326e+02 2.023172456966126731e+02 6.206870426085852159e+02 6.669624512673468644e+02 3.129992896950166710e+02 7.792914205354369415e+02 3.327945228757815812e+02 1.434617724451336187e+02 6.246785367404946783e+02 5.100455360363718569e+02 1.767626756226288762e+02
6.619366644064584193e+00 2.972090458650465621e+02 6.425370939551650054e+02 3.669032681681430859e+02 3.887968561005284869e+02 2.491705231508477141e+02 2.118332171859758546e+02 5.296199523450775359e+02 5.038508073890950527e+02 1.584539730913457731e+02 4.874731037466826251e+02 2.267197128325359472e+02 3.632891489206650135e+02 6.746465867826934755e+02 5.088849508679213614e+02 3.660439951884424090e+02 5.854265591522078012e+02 1.506686080666468115e+02 1.843891743439899642e+02
6.624604944675833273e+00 8.020955586104917074e+02 1.345041574363223162e+02 3.687628721032705812e+02 3.806204470003158349e+02 2.029508972423212185e+02 2.753580035474508350e+02 1.740630302457323353e+02 3.849979148583698816e+02 3.859682780290227697e+02 6.019169617529345260e+02 1.607521904061911471e+02 2.713479487600523044e+02 7.623861455459270928e+02 2.361536459694904693e+02 2.216531374517802817e+02 6.624870726605809068e+02 7.405350754228099959e+02 3.929232035968047398e+02
6.077671725940652081e+00 5.242300381641824742e+02 4.269345616567144930e+02 2.604385848920085209e+02 2.806731994732950852e+02 5.694530000308302533e+02 3.232280397959514744e+02 4.666845050969978956e+02 2.620891155548650318e+02 4.148884852222797122e+02 4.414345394035691470e+02 4.036764304307416751e+02 2.712228404008036478e+02 5.780418209834823529e+02 2.280881913162527894e+02 3.029926058751914297e+02 7.208901527332586738e+02 6.470601992687418260e+02 3.764108750226714619e+02
6.598011652929709037e+00 3.514203693356550957e+02 1.151647555798539884e+02 2.212906438318745757e+02 7.173344040849869998e+02 4.464731995729781033e+02 3.600653978820558905e+02 6.381062268101641166e+02 3.816168605988025320e+02 3.651859536626492968e+02 3.834873201810675027e+02 3.709625329193103198e+02 4.163324068545806540e+02 2.648819645799135287e+02 4.831078560601258687e+02 4.112142566991589661e+02 4.088841994188488798e+02 1.085920047334187757e+02 2.888950314579583960e+02
6.793451316083941371e+00 4.557172814882439980e+02 2.766463069474885401e+02 3.675717183889237276e+02 2.521865451878699673e+02 6.193064204879021872e+02 3.058435519563897174e+02 3.511849652724689577e+02 6.953562847741432051e+01 3.124331395269261407e+02 7.570342439568410100e+02 2.168226582772317954e+02 3.858350526272665206e+02 9.146723552227140317e+02 1.441151506462480256e+02 3.575434754484393238e+02 5.236593539010841596e+02 8.739924858689580560e+02 4.477812704782468245e+02
6.504544652482532108e+00 7.417442944268169640e+02 1.859319383519105600e+02 4.115364956092140574e+02 5.712174631794289326e+02 6.367338972014705405e+02 2.890625620691902213e+02 2.827823176382831889e+02 7.695512208728741825e+02 2.304704063498724622e+02 8.258802305134128119e+02 3.851214946059625390e+02 3.419639760169937972e+02 3.996166308629728974e+02 8.430862563500812712e+02 3.563258770371006108e+02 5.003632528846189871e+02 3.527438800842478486e+02 3.239376160085741958e+02
6.412983669692225774e+00 4.314794817695652682e+02 5.954925647424256567e+02 4.081012873300149977e+02 3.116959469407657366e+02 2.172283909177765509e+02 1.724965001513129437e+02 4.998169726223540010e+02 1.939075616120040308e+02 2.286482306256929178e+02 9.856531219696324797e+01 3.379407851746017855e+02 2.457407849681258085e+02 5.487746018628955653e+02 3.559853228630917101e+02 4.313040973437039156e+02 5.159198536627445719e+02 2.055231922480179492e+02 3.820310814783108526e+02
6.292536406395766058e+00 6.817598813978054295e+02 1.570645726456734792e+02 4.860389114978371481e+02 5.778275029314579569e+02 4.567009643703349298e+02 2.828819382519386636e+02 7.495531095246103632e+02 1.256680962308783762e+02 1.134795349597971779e+02 5.506896178649180911e+02 4.183847770739969292e+02 3.967045262170437354e+02 5.889736020207142246e+02 4.244103516183910187e+02 3.640130339859749142e+02 8.229184423294753969e+02 2.318134731958949715e+02 2.456518550202127074e+02
6.582288306803628863e+00 9.297084222062932213e+01 3.831195473831508025e+02 4.908611544938803490e+02 4.266258621781094575e+02 8.331168358588552110e+02 3.715565652597161375e+02 8.326590875959022924e+02 7.202670066036220078e+02 2.685271390083420897e+02 7.874104541264464387e+02 5.426357564841064232e+02 3.975085854551628586e+02 7.390373729536489691e+02 5.488041044178364700e+02 2.985243172656917068e+02 7.493812390587559094e+02 5.396439921772018806e+02 2.905002685432557428e+02
6.703138494807700631e+00 7.981972679503741119e+02 6.701341315604046258e+02 3.861403390599736554e+02 2.413269127334692143e+02 6.223204068706377257e+02 3.698461744371764439e+02 4.240384718644786517e+02 7.126153619812190527e+02 1.564787676039906330e+02 3.574269628037337725e+02 3.668944878472775031e+02 3.836338320786991289e+02 4.553396178197456265e+02 8.514237970652948206e+02 2.180458966075923399e+02 7.270295966739959113e+02 2.206524600688507007e+02 3.122293359001251929e+02
6.201230656157381560e+00 7.319310323308834541e+02 3.288570659802001046e+02 4.492780896809645128e+02 9.162821068055731075e+02 1.749958099022103113e+02 2.779763108703871808e+02 7.187419627166091232e+02 5.825375064969204004e+02 2.874247139375331699e+02 6.115965480000442085e+02 4.646258188574847168e+02 3.413664615476975541e+02 7.183437482133390404e+02 5.160161875790219028e+02 2.986597000762268976e+02 8.780755915001510630e+02 3.005419631153930595e+02 2.217779753419692668e+02
6.761516949476614968e+00 3.164537685085924750e+02 6.048113152674764024e+02 3.525425213381281537e+02 7.873945252563125905e+02 2.022888596735490410e+02 4.889329847238501543e+02 6.700542181833573068e+02 6.869542133746051604e+02 1.776118275154161665e+02 7.003921400566491684e+02 5.835556727150999450e+02 3.115731623532432195e+02 7.024069674594061325e+02 6.222424179803456354e+02 1.275826081974765316e+02 5.406853851715854944e+02 5.284484761191730513e+02 2.298719591334922541e+02
5.971986337410953638e+00 4.996165467461725029e+02 7.135574409916105196e+02 3.229113933230793805e+02 5.442554442121409011e+02 6.923876463157110948e+02 2.555967550842600247e+02 7.655427893571107916e+02 7.430003006490816233e+02 3.962015682405819916e+02 5.980020205045049124e+02 6.310648771584144470e+02 3.974465443351702447e+02 7.299204824506417708e+02 3.859001625870086514e+02 3.387777371566408533e+02 7.866453608300877249e+02 6.842177773030851995e+02 2.076699348864439685e+02
6.625655549207650985e+00 7.591632335188648995e+02 4.896555132093682232e+02 3.451317325840579429e+02 1.320214219640652402e+02 4.994646893442200621e+02 3.345629606388258139e+02 4.758794102326626785e+02 4.627334834247276376e+02 2.655358738961950280e+02 6.561200510008716265e+02 3.802283187925002039e+02 3.470063804664254121e+02 5.013218049598301604e+02 1.982521456689866000e+02 2.605119545615004313e+02 3.465550494045403980e+02 4.247675415489050579e+02 4.190297642964650890e+02
6.761997401063121416e+00 9.585111082287983209e+02 2.240998928103280718e+02 2.843964241790922642e+02 6.041863205762847429e+02 5.543996614966506513e+02 3.587124113207431151e+02 6.693242768956890814e+02 7.318536309339890522e+00 4.831866618654631793e+02 5.661755399200544616e+02 5.987246204877117179e+02 3.640106772776915705e+02 7.427653289122220031e+02 7.515379051642929653e+02 4.206759412705623618e+02 5.576899393310551432e+02 8.142558490327787695e+02 1.113657985375531041e+02
6.760057828796222523e+00 4.076814096909760110e+02 4.960216221259770464e+02 3.772252170590772948e+02 3.191338718490475230e+02 6.142775336629230196e+02 3.269855292107395144e+02 3.254066302520790259e+02 3.147070189226051866e+02 4.180160997730873760e+02 6.054303556532645416e+02 6.157386454707141183e+02 4.591781336741527184e+02 3.625532535257395352e+02 1.401443024905364894e+02 3.539668189114919983e+02 2.937674098036775376e+02 8.128816191320743201e+02 3.177015169282319675e+02
6.709119529460483733e+00 5.138304308892579684e+02 7.382215207065062259e+02 2.527923845620842940e+02 1.716989202814787063e+02 8.782865688198662610e+02 3.924118773814769838e+02 6.845060338943146689e+02 6.388136350141702451e+02 3.915232217402325432e+02 5.151516709362912252e+02 9.122249932271832904e+02 3.229811639517535014e+02 2.920136910007599340e+02 7.351413649551443541e+01 4.729412014041361658e+02 6.200878187807051063e+02 4.720290794416267204e+02 3.528638555587178871e+02
6.521898209521165946e+00 5.739745138328582925e+02 4.447154743127721872e+02 3.391118788518259066e+02 4.367139085942578163e+02 6.536325746973129753e+02 4.274752604675342127e+02 6.077624090991187131e+02 3.735970821653295957e+02 3.061372379624156110e+02 3.656495913335141950e+02 6.166714528366856030e+02 1.871430376793820756e+02 5.213554708061938072e+02 3.464738721692370973e+02 2.628745440327206779e+02 8.003500961746611893e+02 3.127955101089269192e+02 4.917698294454090728e+02
6.842628508290597544e+00 5.159388255140161164e+02 1.993023796576654831e+02 3.667582141476558490e+02 2.929723483022501682e+02 7.155056796644363430e+02 3.904137783742945658e+02 7.215973515267531866e+02 3.718119614524139820e+02 3.011751874101760222e+02 9.481610220790794301e+02 7.138065204400417088e+02 1.751099621016101082e+02 1.998676760311424232e+02 9.100799651021791306e+02 1.420106631859064805e+02 1.688998483719617525e+02 5.592479692779547804e+02 4.378915333785032544e+02
6.565102745866502332e+00 7.567650394379226100e+02 2.923719956319451967e+02 2.446296435408626166e+02 7.419577687613776789e+02 7.485706555700235185e+02 3.404581590015328061e+02 7.004774425719955389e+02 6.389235650904885233e+02 3.087860536926600616e+02 7.035604429813150773e+02 8.334975397927994436e+02 3.100753130122420202e+02 8.156547069991703438e+02 6.121541678320427309e+02 1.479781357681938232e+02 3.676224813612644766e+02 7.068029649505509724e+02 4.674578940716016859e+02
6.525661960598620581e+00 3.735208078243261980e+02 6.804363828977500361e+02 4.330874127551803099e+02 4.391389059043561929e+02 5.409397163086207456e+02 1.913420279636990244e+02 5.136337254709932267e+02 6.248604878716207622e+02 3.114662208216368526e+02 4.831666267441793821e+02 5.363161191464457715e+02 1.519298777417125734e+02 5.379581264420179423e+02 4.840213183926418310e+02 3.558479360307954948e+02 7.668115136534022440e+02 3.332082413598208745e+02 2.632928122040698327e+02
6.693660719714848106e+00 9.207349515848156898e+02 2.786687881302751180e+02 3.344026727938199315e+02 7.496661663209461040e+02 4.720714661912214751e+02 4.331003102125703208e+02 6.908760759106701244e+02 1.616649737776126585e+02 3.927507707081396688e+02 4.500665661753646987e+02 2.710096729987545814e+02 4.700559538372543784e+02 2.815478138984083216e+02 6.632325981017826280e+02 3.038263146350070656e+02 3.527869021759599377e+02 5.249040413902716864e+02 2.824844423723469049e+02
5.939340238607147882e+00 2.181792104612621301e+02 5.602170721969198439e+02 3.391365610842548790e+02 5.518148548279675651e+02 5.348526790922371674e+02 3.332315184521228844e+02 5.116638946735832292e+02 3.045762937944132318e+02 4.548678717902179756e+02 2.822598778113455751e+02 6.901779879494195029e+02 3.293078101366926944e+02 2.458791230476529677e+02 4.070730179667964990e+02 3.922666335439784007e+02 4.035732928530389358e+02 6.053980493184038778e+02 3.461438276859199732e+02
6.491923721807815184e+00 6.214804637441311570e+02 2.443316706415000112e+02 4.211270031517304915e+02 4.036573142472605582e+02 3.195631826219489540e+02 1.940774319231818197e+02 6.228970596227175065e+02 2.079774267545506063e+02 3.909774567710442739e+02 6.098013084367549936e+02 2.870462441148697508e+02 4.404052725766751450e+02 6.665523364380138673e+02 3.904557439409979906e+02 2.392431564622952465e+02 8.224490636171010465e+02 3.976943502523385519e+02 4.173980656892319985e+02
6.513107899637386566e+00 5.199353858745266734e+02 3.806249733051896555e+02 2.624860082755270696e+02 3.861024146448636429e+02 3.743848102493946044e+02 4.742034755235704893e+02 6.342073785985503491e+02 2.246692454932159535e+02 1.525328810255443841e+02 3.568986199570546205e+02 3.160034169328024518e+02 4.024148821847422255e+02 6.561991916317778077e+02 3.560544550641383239e+02 2.627402263016925872e+02 6.226916508424955055e+02 1.279877955656535278e+02 4.382525268343669040e+02
6.469739938566685389e+00 3.796586192085964058e+02 3.126952082116869178e+02 3.367439027514716372e+02 8.222625931047632548e+02 2.641922985079472710e+02 3.406327744232526129e+02 8.520167985535031221e+02 4.515390386301311310e+02 1.824655858021079098e+02 5.257844362956648183e+02 2.796593296578520835e+02 3.177858887821612939e+02 6.385280091402580638e+02 6.787719046354097827e+02 3.613680388083091088e+02 8.028199677372457472e+02 3.011778303126695278e+01 2.256227909849443733e+02
6.719949840083561554e+00 7.446746640109158761e+02 6.209465416296229705e+02 2.945682567701140897e+02 6.250397071188201608e+02 5.155227357508626937e+02 2.675246602595804006e+02 9.239648484631968586e+02 9.615137071181236195e+01 3.150585538591997192e+02 6.205693973812319655e+02 1.706577204338406659e+02 3.937199300659331129e+02 6.543861907508085096e+02 3.047593691313691124e+02 4.475999179700821173e+02 6.839537902814726067e+02 6.722253404869375117e+02 3.211000965726435084e+02
6.449349319097213318e+00 6.273661899559020867e+02 5.408157469705668063e+02 3.336590185990716009e+02 5.802204904865391200e+02 6.411693965622866926e+02 3.560237151560553457e+02 3.406093890568917004e+02 5.998608583511264669e+02 4.556743135703217149e+02 5.952926218306951114e+02 7.715735405004943459e+02 2.387390914272019415e+02 3.170347763117579802e+02 7.869900191590120357e+02 1.462925280555255085e+02 1.592406557347296996e+02 5.329104230103814643e+02 3.428165407884087585e+02
6.648913265286716445e+00 4.393389605249114993e+02 5.138823133723949468e+02 3.348219837310736580e+02 9.462473072157929437e+02 7.519768370276231053e+02 4.000586046034043761e+02 7.772512102755172236e+02 5.090449554007424240e+02 3.234178899547951573e+02 7.499205241444626608e+02 7.925067479011563591e+02 3.363607814684568211e+02 3.884637418634795836e+02 6.216041722299820549e+02 4.556752851733544958e+02 3.764220690280709505e+02 8.052950861737517698e+02 4.708951451187199382e+02
6.541424713924813616e+00 4.514594360125493608e+02 4.558639040384226178e+02 3.249733661174759618e+02 2.748604709125620502e+02 6.133595416853630695e+02 3.815445313734356318e+02 2.369108189853955082e+02 3.002593643059850592e+02 1.204649393632012675e+02 5.716051952260089593e+02 6.314576905465557957e+02 4.678758004253333525e+02 5.819098363339942352e+02 4.137446119480525226e+02 3.884310161489760844e+02 5.916602578023337173e+02 1.803120400284620644e+02 4.976212543219718896e+02
6.414478135641079604e+00 1.856801379033704222e+02 4.460756475606160620e+02 4.375549454414205570e+02 4.923344795144299155e+02 4.700853660941534145e+02 2.611635632490894068e+02 5.189730947515078014e+02 4.356886975949819885e+02 3.466057083389816853e+02 2.536449615300583673e+02 5.130782273256666031e+02 1.079151529962860536e+02 2.747217272991308050e+02 5.545034707663294284e+02 4.715145468694946658e+02 5.130493002950493064e+02 2.733214063261499973e+02 1.899476895521402469e+02
6.450377773233343603e+00 6.214804637441311570e+02 2.443316706415000112e+02 4.211270031517304915e+02 4.036573142472606150e+02 3.195631826219489540e+02 1.940774319231818197e+02 6.228970596227175065e+02 2.079774267545505495e+02 4.266838254352263107e+02 6.098013084367549936e+02 4.827044221041725223e+02 4.404052725766751450e+02 6.665523364380138673e+02 3.904557439409979906e+02 2.392431564622951896e+02 8.224490636171010465e+02 3.976943502523385519e+02 4.173980656892319985e+02
6.643578412461018878e+00 4.187093733121229775e+02 9.122209403410581672e+02 2.937419743315048208e+02 4.367667339694790485e+02 7.034093250520462561e+02 1.818839990856748727e+02 5.347796408478875492e+02 5.830356869046055408e+02 3.492672328196644003e+02 5.259316634332556077e+02 7.268397954357736808e+02 1.367011940547637323e+02 6.938161489878636985e+02 4.422676147505128483e+02 2.725623773262137775e+02 4.689024053467723547e+02 8.601004415568348804e+02 3.627706063745256415e+02
6.440711677080751763e+00 4.375192178319444452e+02 7.287085280878490039e+02 3.737844372679671778e+02 3.700005938852609688e+02 4.510303569729642277e+02 3.155980342964063539e+02 4.910864933895550735e+02 3.495101638139477132e+02 2.682031401072196672e+02 7.995775882984041800e+02 5.358921065286002658e+02 3.710829412084874548e+02 7.733313273663189875e+02 2.902138297558333875e+02 2.975206940762213890e+02 6.529698313465914907e+02 8.368018223688652597e+02 2.751807496125172179e+02
6.592904836480226294e+00 7.572223335813946505e+02 6.650921225924259943e+02 3.333635748935420224e+02 7.538341836618795924e+02 1.975482814317572036e+02 2.714014094968605377e+02 2.192937042732184523e+02 1.979649071266559872e+02 3.350398224076923839e+02 1.455563656963375649e+02 2.019712763284192647e+02 3.492794201437953348e+02 5.414826557824994779e+02 2.582280320499046411e+02 4.031300883811369999e+02 5.817325341019152347e+02 4.332543000036851026e+02 3.210097737051276567e+02
6.268358153367405983e+00 7.853884556755814401e+02 4.531781255980586707e+02 2.756066405188954604e+02 5.022996257569095633e+02 3.243646589929673496e+02 2.025971709962070122e+02 5.566443393766732015e+02 5.683375207943097394e+02 2.795915206716298371e+02 6.506135584135196268e+02 1.662653871855555963e+02 4.136282453757034432e+02 8.411181793218918301e+02 5.094221952007234222e+02 1.354305960011964771e+02 4.831652872339502665e+02 5.665648545359559876e+02 2.973085191570060601e+02
6.426958503577441917e+00 5.941404544930542215e+02 6.136794897198675471e+02 3.544908545200677850e+02 7.456837143348052450e+02 1.336283905905239635e+02 2.992485842378370080e+02 6.190773638323504429e+02 9.149864622889112979e+02 3.247567064061476003e+02 9.295166968157527663e+02 3.682742551886101410e+02 4.236256897447749452e+02 6.233682220653830655e+02 5.092690290056104914e+02 3.171369571472487792e+02 6.970732644899494517e+02 3.563994966806158118e+02 3.420743061290619949e+02
6.512812696847039895e+00 1.645207411913892201e+02 4.028106723912952702e+02 3.227232613337012026e+02 6.675491920954559646e+02 1.661348806541377030e+02 3.656854737403750732e+02 4.438321488675493924e+02 4.910246109912384327e+02 1.198916469821835449e+02 6.570724833118988499e+02 5.110722322783991558e+02 4.939429333303953058e+02 3.285478686080342641e+02 3.220049310833348386e+02 3.799985998577124064e+02 6.286527896254719963e+02 2.809113705145063022e+02 3.842734907788308192e+02
6.850586068252207284e+00 9.834070772965387732e+02 7.925009985826875436e+02 4.370289572952116828e+02 8.356931886936276896e+02 5.497195598268857566e+02 3.918972486350936606e+02 1.534791332533652053e+02 4.626217609142802871e+02 3.300053360971214147e+02 4.606394335622352401e+02 6.735234959407564475e+02 3.528112898261230157e+02 3.803471069240933957e+02 6.495126510849602255e+02 4.773859808255434132e+02 6.662542750218582341e+02 5.246909202384657647e+02 2.408641891703506985e+02
6.504279345092824016e+00 4.916339558566158416e+02 5.807064444633026596e+02 4.157080259412078362e+02 7.575978698865686738e+02 2.642148764337400735e+02 2.929349681650717230e+02 5.771069442605727318e+02 2.917569447404073344e+02 1.837346282770153323e+02 4.570970302388558366e+02 4.709075027108005429e+02 2.138636678228035066e+02 4.540843848346289633e+02 7.246290290318765983e+02 3.417944608467083754e+02 4.637250220762603021e+02 2.029568774735190573e+02 3.364102640809391005e+02
6.762029346176161582e+00 7.291440160575141363e+02 1.728067997086657499e+02 2.229739405333052105e+02 1.142121351659140203e+02 1.688901414697785981e+02 3.014331429662179289e+02 2.951912713146289207e+02 2.485959400922612303e+02 4.621513207481002041e+02 8.174667274443553424e+02 4.080287264856511342e+02 3.030335157688621166e+02 5.162553360693290188e+02 6.138533788695897329e+02 3.561125698836212337e+02 3.077016087870277374e+02 6.598787551415485950e+02 2.001535203507564802e+02
6.257593525310930715e+00 5.022339658694402260e+02 3.482560698094568465e+02 2.496391698888202200e+02 3.503561792057885782e+02 6.154184368371209075e+02 3.024902708159794997e+02 4.860480551554481394e+02 3.463816913481668962e+02 3.991229065669414240e+02 4.851364513983027109e+02 3.742294734742370110e+02 3.289281596925836766e+02 6.518757168046161041e+02 2.189897486687970627e+02 3.599342806841277138e+02 7.430852776390564713e+02 6.325922524780360163e+02 3.841667180962243719e+02
6.155366430086406382e+00 6.537609759040241215e+02 7.885754895038948007e+02 3.727278542429052095e+02 6.170900062598180966e+02 5.433148332995233432e+02 2.631886339175567855e+02 6.944459702834991504e+02 7.078216654035500142e+02 4.277177106327191609e+02 5.873994356143142568e+02 4.124679025082162411e+02 2.406977750851053770e+02 5.315140603316260695e+02 6.037891255427900887e+02 3.307681056875443346e+02 6.737521144131814026e+02 7.169402509071686609e+02 2.997080138036054677e+02
6.630337668736017598e+00 5.287422662490561152e+02 1.926614078875300606e+02 3.014346134562810562e+02 2.727871960929081752e+02 6.336510712485317072e+02 3.940483679424332308e+02 4.659670829052440695e+02 4.078910241386235498e+02 3.778251994965040694e+02 3.015188674483100044e+02 4.698476572961649254e+02 2.724836316700883572e+02 6.735403686244446817e+02 2.453372552210135780e+02 2.125445569832863271e+02 7.004261522056810918e+02 3.099682620899973244e+02 3.049264797580838149e+02
6.392979026319697944e+00 5.022339658694402260e+02 3.482560698094568465e+02 2.496391698888202200e+02 3.503561792057886350e+02 6.154184368371209075e+02 3.024902708159794997e+02 4.860480551554481394e+02 3.463816913481668394e+02 4.387966495271436997e+02 4.851364513983027109e+02 3.742294734742370110e+02 3.289281596925836766e+02 6.518757168046161041e+02 2.189897486687970627e+02 3.599342806841276570e+02 7.430852776390564713e+02 6.325922524780360163e+02 3.841667180962243719e+02
6.623558117372736476e+00 4.943482301027509038e+02 8.913075267039937444e+02 3.151827547260156166e+02 6.323633951566379210e+02 5.043825570965389602e+02 3.182755848340278249e+02 5.337360860179865085e+02 2.963254726436133524e+02 3.078608333988309482e+02 5.311413417300896072e+02 8.353667965075434267e+02 3.073858432276251733e+02 3.898066882928316090e+01 3.960405727261828588e+02 4.299672981809147814e+02 7.402809085382706371e+02 5.397415697088838442e+02 3.366455275667415208e+02
6.824896599025739974e+00 8.862463197198949274e+02 5.053727868524267706e+02 1.536219264288724276e+02 8.124620827427519316e+02 8.751698176317652269e+02 1.931395584633769147e+02 2.899266206605799994e+02 5.049439102021862595e+02 4.957357861770104819e+02 5.480042091074751625e+02 9.369747317532289799e+02 2.597058947440516476e+02 6.450342802026679010e+02 5.554100954521857147e+02 3.255463318016122116e+02 3.656023315270306284e+02 5.602819292750859859e+02 3.375269331504009642e+02
6.615748466836160802e+00 8.605845484745962040e+02 6.243983872571531037e+02 2.736943787209164043e+02 3.929609601143881150e+02 5.181535152160972757e+02 3.221402280093907393e+02 3.503796573719904472e+02 4.493467758482574936e+02 2.658970864353789239e+02 5.922857513771809863e+02 4.187209667503358332e+02 4.408512130519790730e+02 8.043373482413147713e+02 5.338411547245459587e+02 2.974155449762468493e+02 6.553449136259387160e+02 4.368678238733454577e+02 2.453330148938949264e+02
6.605393259261247429e+00 7.681366415886052437e+02 8.127882714534518982e+01 3.264100033504808493e+02 6.536544429799947693e+02 3.233633171611754733e+02 1.941869294841016540e+02 7.182900905193879453e+02 4.963660282326533206e+02 4.645498087208290485e+02 4.896010159107899540e+02 2.011661388436858147e+02 3.557024445455078876e+02 6.036696148556002299e+02 4.135918907927358532e+02 3.523512303524279332e+02 9.846416583088566767e+02 4.108340079128907973e+02 4.059303150263294242e+02
6.456063886226313109e+00 4.421708862700641021e+02 7.358695043740458459e+02 3.619911824179567930e+02 3.798175572870527503e+02 4.506415586078860542e+02 3.038773647884566458e+02 5.045728023778530087e+02 3.771947701010229821e+02 2.411657481470391247e+02 7.723878090425504297e+02 5.516327880483007675e+02 3.653922519150191306e+02 7.470516635245091948e+02 2.977012895580882628e+02 2.977597745997902621e+02 6.749124237203886878e+02 8.126617990297730785e+02 2.688192943743149499e+02
6.781346239808668130e+00 5.343964893137333547e+02 4.789337808884221772e+02 3.030891158998624064e+02 8.147258013864116037e+02 3.823874887168569217e+02 3.640938904699397654e+02 4.364738014327409132e+02 4.813817819437730918e+02 3.793979973194308855e+02 7.842208966208843322e+02 1.354388291075492248e+02 1.637178409862870296e+02 6.368860228349628869e+02 8.005008964973999355e+02 3.766334360334936946e+02 4.108754587108717260e+01 5.991372627590648108e+02 4.396620223560433374e+02
6.409199598009507781e+00 3.378544991472475090e+02 8.318669207351495061e+02 1.268263705590062500e+02 4.203958826081900497e+02 2.629598364777437496e+02 3.172788800230506467e+02 7.531327606537145130e+02 6.324182126809793090e+02 2.807663442520668013e+02 4.803637511367418256e+02 6.235229323050249377e+02 1.406763790849361158e+02 4.685038115944827268e+02 6.981412665876441679e+02 3.645095768954343498e+02 5.306566298654623779e+02 5.633562561310943693e+02 3.893977707121504181e+02
6.652400253582366751e+00 3.250350482003307775e+02 8.741845755205191608e+02 3.756049124494040825e+02 7.819878371310702505e+02 2.952438718104443183e+02 3.397849361273366071e+02 4.371535367453789149e+02 6.488983731459741193e+02 2.628156244127289938e+02 5.233429832673682540e+02 3.011599898724492732e+02 3.577954641551649502e+02 6.330304128906586811e+02 7.574289622649725970e+02 3.132817560047927827e+02 4.469345417872399935e+02 7.533720848056157138e+02 1.613007063208119689e+02
6.456861770864068539e+00 6.036872881251739500e+02 1.689339247576463663e+02 3.676469050458300671e+02 4.688662116636013479e+02 6.537575210700996422e+02 3.623882505116223456e+02 6.227221383158627077e+02 6.767402215983388487e+02 3.664973266081906331e+02 6.666417216866151421e+02 5.535308899190989678e+02 3.216817674908523941e+02 7.757270734339630280e+02 6.593413644719363447e+02 1.646994747297200661e+02 2.128453519936811631e+02 2.346071263416505701e+02 2.430427681862065867e+02
6.845610164448439505e+00 9.043253116189832781e+02 2.402671959395526073e+02 3.823493696805259674e+02 7.459782703018245229e+02 8.311575042286781354e+02 4.484078698192000161e+02 5.018319405579874228e+02 5.724525117980140294e+02 4.965042816091394684e+02 5.989679321587750565e+02 1.558531709369423197e+02 1.698590751638434995e+02 6.370723777842912341e+02 3.458557402222089081e+02 3.492927380522774001e+02 7.254732039251985043e+02 9.595603360815797487e+02 2.966781437906176961e+02
6.182393674720457533e+00 6.253819411798834835e+02 5.793891909012172619e+02 2.818987600907033766e+02 3.661787284973294163e+02 3.254261680599706210e+02 2.807847532105708410e+02 8.038966433245626604e+02 2.688182831270245288e+02 2.835409862309692812e+02 5.631847194023159773e+02 3.311255607468606286e+02 4.172773365245429318e+02 4.395194052503720741e+02 4.410048104862877949e+02 3.541502254100334426e+02 4.427861872931667335e+02 4.354753797585938173e+02 4.003178215211585780e+02
6.719480195933961397e+00 7.446746640109158761e+02 6.209465416296229705e+02 2.945682567701140897e+02 6.250397071188201608e+02 5.155227357508626937e+02 2.675246602595804006e+02 9.239648484631968586e+02 9.615137071181241879e+01 2.793521851950176824e+02 6.205693973812319655e+02 1.706577204338406659e+02 3.937199300659331129e+02 6.543861907508085096e+02 3.047593691313691124e+02 4.475999179700821742e+02 6.839537902814726067e+02 6.722253404869375117e+02 3.211000965726435084e+02
6.411000298071360959e+00 4.185009706903507549e+02 6.445479464273553276e+02 3.407141626551411946e+02 4.059264533819390977e+02 5.893641060568321564e+02 1.114121201723026786e+02 6.634160984779598493e+02 6.647507965390298068e+02 3.321814426798297291e+02 7.666564054113162001e+02 3.541407623605200001e+02 3.140949452064672869e+02 3.885633014977219659e+02 6.453234648382037904e+02 4.694902346118186074e+02 3.730602059795173773e+02 7.909581173116501986e+02 4.261142432726271636e+02
6.365904845967515158e+00 5.132808456194014752e+02 4.106108822438720836e+02 3.463853924257285826e+02 2.457484533586140287e+02 6.796637783485481350e+02 3.753086265511263377e+02 7.446291085676040211e+02 6.722993473743593995e+02 2.766928375452393425e+02 4.393307293568576597e+02 5.563054990659559280e+02 2.311918019607238648e+02 7.352321872473809208e+02 3.662663221089117087e+02 3.895432422058432280e+02 3.301771445678541568e+02 1.277207771765666848e+02 3.544306285164684027e+02
6.771191348994454628e+00 6.750828971636551614e+02 7.165705613881913223e+02 2.224286859931299318e+02 3.870664831133568669e+02 1.219035463004255178e+02 2.054972089309684975e+02 7.743911537534576155e+02 3.965356160976220963e+02 3.472366171318326451e+02 5.424324922693299413e+02 5.251228873092740059e+02 2.278547134520933071e+02 9.777683486799784305e+02 6.231418884210188480e+02 3.510840250823450788e+02 4.659808139700913330e+02 7.061026551819104498e+02 3.539330551041140893e+02
6.368091548934776469e+00 7.097910197342541778e+02 3.502362196377195005e+02 3.514792364124471078e+02 1.934436592393828960e+02 6.082155768887172371e+02 3.498370796693509419e+02 9.132686233035906298e+02 6.515762012687831657e+02 2.132823873830851653e+02 5.954954727733571644e+02 4.103198440907037821e+02 3.518576156887514799e+02 7.633779865822937154e+02 7.533752428077054901e+02 1.148226990454239171e+02 6.283853527436009472e+02 2.998373370019825188e+02 3.489921244781760379e+02
6.780024107572039327e+00 5.853210965752714401e+02 4.161036639319439701e+02 3.419269126193478883e+02 9.408761647409556872e+02 4.677221781820313140e+02 4.026208160189948444e+02 7.416183003632786495e+02 3.673541984800216369e+02 2.902547165843163839e+02 6.614952907435999805e+02 4.504434626978506344e+02 3.958372310711716295e+02 6.730995786018414719e+02 4.032476907771814467e+02 1.549609723196513471e+02 1.200357534762654126e+02 3.599312601557688822e+02 3.426701095785950315e+02
6.631896974816743118e+00 2.669996011986813187e+02 5.691305051862341315e+02 3.921259229693808948e+02 7.475138405620915591e+02 2.944157015455184023e+02 2.802906905024809703e+02 2.846966046149328804e+02 4.209488062836915674e+02 1.290605062870639586e+02 7.018752343266089611e+02 3.329200379224176345e+02 2.028819699073800962e+02 6.288881605587888544e+02 5.144088881771150454e+02 3.278810932113591434e+02 2.769477793201093050e+02 2.465146983596183645e+02 3.910040399458970910e+02
6.553762053333588966e+00 6.080329603541516690e+02 5.061956580433079580e+02 3.623587362481222840e+02 6.884840042846218466e+02 5.530616794508135854e+02 2.620537269325238867e+02 8.316136623218779960e+02 6.342292390295185669e+02 2.802623955980905066e+02 9.178193860365331602e+02 3.236377555774571988e+02 2.252251655959960033e+02 4.571804530085075271e+02 6.834162981352899351e+02 2.970375975278435021e+02 5.624319506755346083e+02 2.090756453264323795e+02 4.312381674003846115e+02
6.678929762271966553e+00 7.842277443118393876e+02 2.413098283639402553e+02 2.789748951229287286e+02 2.375836041237479321e+02 6.989825072436419759e+02 3.797111986182192140e+02 3.798386012356411356e+02 2.869149256955522560e+02 4.655293325556486934e+02 6.911830232965859295e+02 6.502294503270437644e+02 3.062197471202471206e+02 2.590196460008477857e+02 4.642846276835741719e+02 1.811480909802459962e+02 2.541490077638057414e+02 8.291332908975025475e+02 4.337667395913100563e+02
6.377914361210741845e+00 6.174700213646164002e+02 3.971344746743068868e+02 2.614266170641586200e+02 6.844597701819592430e+02 5.275977655309915235e+02 3.776142138696961865e+02 8.247447396954835312e+02 3.979920679688663085e+02 4.268694600994928692e+02 5.603728604438180128e+02 4.943694647500558403e+02 3.445132681883277428e+02 6.834224786070619757e+02 8.004101905479915331e+02 4.048633211702984340e+02 3.270950364850205005e+02 5.584014228017001642e+02 2.882101568509222034e+02
6.510461358755505579e+00 6.214804637441311570e+02 2.443316706415000112e+02 4.211270031517304915e+02 4.036573142472605014e+02 3.195631826219489540e+02 1.940774319231818197e+02 6.228970596227175065e+02 2.079774267545506632e+02 3.552710881068622371e+02 6.098013084367549936e+02 2.870462441148697508e+02 4.404052725766751450e+02 6.665523364380138673e+02 3.904557439409979906e+02 2.392431564622953033e+02 8.224490636171010465e+02 3.976943502523385519e+02 1.426237044309796431e+02
6.441158990323652134e+00 3.203623679034474208e+02 4.973530572274312931e+02 3.603564026969569341e+02 6.097798137104925900e+02 4.298513353406153783e+02 2.844995472391864269e+02 6.561034098979190503e+02 3.308443172354424178e+02 1.487166922857518330e+02 4.688776801168453972e+02 7.137930300999096289e+02 3.880289669895422549e+02 6.745359649668686188e+02 4.825301813032305631e+02 3.506940513679267042e+02 5.891619625394895365e+02 1.665985734689818969e+02 2.341457319507596821e+02
6.693077548189775072e+00 7.712517677802422895e+02 5.221903910721468947e+02 3.776697664996044637e+02 4.770568646801392561e+02 7.656862306884263489e+02 4.267112087652669743e+02 5.610800774653801000e+02 5.187324163683540519e+02 1.469390073471322182e+02 7.069909175858298340e+02 8.399503276131770235e+02 4.063391818317729758e+02 4.771596929002155321e+02 7.908151428808666878e+02 3.452467734621441764e+02 7.166046963090988129e+02 2.295840402709654029e+02 3.492018773512813823e+02
6.580290558858512995e+00 3.965488219081186116e+02 8.162060042943063536e+02 3.507987958439562135e+02 4.439396150462047217e+02 6.033928597111369072e+02 3.365160711741202704e+02 8.645187674002029325e+02 5.323179935196916404e+02 2.625606077072607718e+02 5.228655740715367983e+02 5.612954045048477383e+02 2.742497458861085988e+02 2.931294067701273320e+02 6.557637058303782851e+02 2.851494364694082151e+02 7.868757102919914814e+02 7.590264555271893414e+02 1.741242193800597420e+02
6.757358230169086433e+00 6.334027001060591147e+02 6.805447428615846093e+02 3.706256598323884646e+02 6.459208458903727887e+02 3.516841900258575606e+02 4.138336048286832352e+02 2.361219407405521906e+02 3.564725192954994100e+02 2.340670651002174054e+02 5.225033336292851800e+02 8.710697541107593906e+02 2.949240160788091885e+02 8.106836793279252333e+02 5.909492116790357841e+02 2.988220969066533144e+02 3.768429956225620003e+02 3.981362581510413747e+02 3.518672389418368311e+02
6.271898637681663224e+00 2.776942541461529004e+02 6.056654135717353711e+02 3.779977625999256929e+02 6.344056381044232467e+02 3.558970885732585430e+02 2.211846466027090798e+02 5.745512991455539122e+02 2.418398765973519460e+02 4.309347131371690125e+02 7.261110595709981226e+02 5.391217480951294192e+02 4.703966755377668960e+02 4.383753396539328264e+02 2.676007590795643409e+02 4.282729881405210222e+02 7.597947535952337148e+02 5.480520804121995297e+02 4.835866029438720943e+02
6.576391303230887608e+00 8.218961085239022850e+02 3.704666560103187862e+02 3.512946326136788571e+02 7.289880745904315518e+01 8.417889972137162431e+02 2.792444930985344627e+02 5.580764671977345870e+02 8.380433154531979199e+02 3.239428428158769862e+02 3.873194015659201455e+02 4.120619690974237983e+02 2.903910965444423482e+02 5.113602019244972325e+02 6.455071765307243368e+02 3.203490674466418113e+02 4.218038338124785014e+02 6.238049105842486597e+02 2.326423166779065070e+02
6.579775872390358771e+00 4.099081859403514159e+02 4.158877400850681170e+02 3.624336113408844540e+02 4.483677930772141167e+02 2.369524665080188583e+02 2.517494947181648683e+02 2.326336153473232002e+02 7.104390662180984464e+02 3.018235937300344176e+02 4.246306943974324781e+02 2.645554153437342393e+02 3.979405467331181967e+02 7.234313184144069737e+02 6.225550468910664677e+02 1.839188271100575776e+02 5.283916450853841980e+02 5.336242810459947350e+02 3.851488426303750430e+02
6.367426677704741245e+00 1.998034052812855634e+02 5.085283520904628176e+02 3.592077996149189971e+02 5.273473755983485489e+02 1.620353228561453989e+02 2.611459148332598943e+02 2.513349991010688882e+02 1.368357814907209331e+02 1.535809982000960758e+02 3.467006966137323616e+02 2.993191481344169347e+02 2.946478378172608359e+02 5.611420590749663688e+02 3.541771094839614307e+02 3.853239347950838578e+02 3.640685509927790235e+02 1.563475935107603618e+02 4.861088023786638246e+02
6.370038130022614986e+00 6.210742749925288990e+02 1.773633649354144097e+02 3.437039183237714042e+02 3.081199719977958011e+02 6.406753895708354776e+02 2.452799135514253521e+02 6.573836733576828237e+02 3.906167793530727295e+02 3.107444994123940205e+02 6.739049563050047027e+02 3.463394151509552330e+02 3.275273362959551378e+02 3.371704770013854500e+02 6.502330275488673124e+02 4.006431460459624532e+02 3.922198156841259333e+02 7.223659370439507938e+02 4.191628103439780944e+02
5.977691211683188399e+00 7.077799432821776691e+02 6.829441995431079704e+02 2.972452396801626264e+02 6.936629622941334219e+02 2.715465898362375583e+02 2.332817562926761639e+02 3.798051121521517075e+02 6.309740047266852798e+02 3.782658337339527179e+02 5.634377272466348359e+02 2.210834891009793921e+02 4.137729130196623260e+02 5.241588589209543443e+02 4.900253025852003930e+02 2.630113584972879721e+02 7.915615737304411823e+02 6.279744838738060935e+02 3.426940539593362018e+02
6.596424921930349683e+00 6.089419671185573861e+02 1.949571125127195899e+02 3.615953493048204450e+02 4.246930721793285102e+02 8.796420360460389247e+02 4.175426230545545536e+02 8.276597330215748798e+02 2.350724085149533096e+02 2.084559961689797944e+02 6.601587737799434308e+02 2.725503889599929153e+02 4.183913990869792201e+02 3.777042223600763009e+02 2.145862198410589770e+02 3.555850931612365002e+02 7.109830208871127297e+02 2.983000609292559488e+02 2.767091240348916017e+02
6.803688827718344712e+00 4.091022080951277076e+02 1.726051643226052761e+02 2.922428577982603315e+02 3.718621202824768943e+02 6.353778521488297883e+02 4.937384413684382594e+02 3.481436492463472518e+02 2.944763128922440956e+02 2.565566093279193183e+02 2.866551787534426694e+02 3.547969383874411733e+02 3.229006230359789242e+02 8.473198720305974803e+02 1.562408994283966592e+02 2.745446398597334792e+02 3.750922623499305928e+02 3.053929810131514841e+02 4.237165337519261357e+02
6.171083464721423439e+00 4.946938786111979311e+02 3.838220439221564675e+02 2.328234326649396166e+02 4.750410534968449383e+02 4.632312627800282030e+02 2.089863156130975312e+02 6.375834175385916751e+02 6.509595250964898696e+02 3.476186053250648911e+02 4.717648807195873815e+02 6.912992717878996700e+02 3.048389497580927241e+02 7.642161333718212290e+02 3.647047334917081685e+02 3.063680304439124029e+02 9.011556328502277893e+02 5.532546109836773667e+02 2.167394843644834452e+02
6.634704881746333882e+00 7.259110739612101497e+02 3.011306464416948074e+02 3.897538403316341942e+02 2.643749204123166692e+02 6.363691898586853313e+02 4.076650609651888431e+02 4.575072643897480589e+02 3.485317928952196098e+02 4.217807132883326062e+02 3.046254997427802778e+02 6.034786444694669854e+02 4.440590659132947167e+02 5.748163401281275355e+02 2.678048831823649607e+02 2.625605801792135026e+02 6.639551781951464591e+02 3.623262951595311279e+02 2.686177956164046918e+02
6.618308358201328900e+00 5.583746602297094341e+02 1.319894285109376710e+02 3.682431511041608019e+02 4.679222574007391131e+02 2.283470887870707600e+02 2.533377350933075434e+02 2.030062519119567810e+02 6.256828517099979763e+02 3.668746242129836332e+02 6.488223829981726567e+02 1.629022606799153436e+02 2.728803951298523316e+02 8.256132273919540694e+02 2.467287037624109587e+02 2.887444413866131185e+02 6.566503443611379680e+02 6.856553350960728039e+02 4.876294576861862993e+02
6.668201755040010781e+00 5.697005696072023966e+02 5.281120625594559215e+02 1.826288519024884351e+02 5.223654349801381613e+02 2.807699594129197749e+02 1.869454210385904105e+02 2.896965440092399149e+02 3.561261061579233456e+02 3.124788303290151816e+02 3.854485932116045888e+02 2.671964756801287422e+02 4.341282305520604723e+02 3.002061909124919339e+02 5.611153205686846377e+02 2.935938937777464730e+02 4.523060995949108474e+02 2.789882925806728622e+02 4.930808134981422199e+02
6.608712546816374989e+00 5.253815826485845264e+02 4.799294722839530891e+02 3.212432020464353855e+02 4.936737919303645299e+02 6.700825923749083586e+02 2.741835798987513613e+02 5.519955659244699291e+02 5.611976292821725565e+02 2.606980465532399762e+02 7.838728650755761009e+02 9.260454970275707183e+02 1.996206469170163871e+02 4.287965588543507351e+02 2.520739928173513533e+02 3.003720579070027270e+02 5.383849730491602941e+02 3.904433919808441260e+02 3.475575747575194328e+02
6.752161783586192456e+00 6.961913245749040016e+02 7.692278279177029390e+02 2.651972307072069270e+02 8.173942469410468448e+02 3.529318223483615498e+02 2.915836375484488485e+02 2.535306970287556965e+02 5.528707474601746981e+02 1.990600440405002871e+02 7.485238331097427817e+02 4.598040462665029509e+02 1.948781765720334249e+02 6.621797767713335361e+02 2.737890037091814861e+02 3.194939633132579502e+02 9.722784939800433790e+01 3.653966479404643906e+02 3.813232066118189891e+02
6.614866689225589624e+00 7.115154670158063936e+02 2.271497603871644628e+02 2.354111226727889061e+02 7.655122915650629238e+02 7.766243268223948917e+02 3.179973781010027096e+02 6.964616988829460524e+02 6.855326959302281011e+02 3.036307181902837442e+02 7.210497646182740255e+02 7.610684719000889800e+02 3.638953850428782175e+02 1.543515729141651036e+02 4.832665588698226884e+02 2.204212575878298708e+02 4.251443734042616711e+02 6.863607415916642367e+02 4.661090352402615622e+02
6.717538667759736626e+00 6.137672445178279759e+02 7.885947839786282429e+02 1.462373999581283783e+02 7.876998268239490244e+02 5.077302409327438113e+02 4.241227280433771512e+02 4.522273819495719067e+02 5.225588187311884667e+02 3.645915944225168914e+02 2.188264230028074735e+02 3.449415101481890815e+02 3.321802755570938075e+02 4.780962421427935851e+02 5.064234635183664182e+02 3.026039969295467245e+02 5.633967851952317005e+02 6.346336612696391057e+02 2.794475479951443049e+02
6.261373883643104321e+00 4.033252820357614610e+02 5.280172470742013502e+02 2.614389565369032766e+02 7.473879579800731108e+02 3.201727963404044885e+02 3.571102048953114263e+02 8.835979863441637008e+02 2.686701605643472135e+02 4.241664127121175625e+02 6.999607612833921166e+02 3.666659386851886779e+02 2.576007201805441582e+02 7.122876767624550212e+02 1.579567177417492303e+02 3.709930024122345458e+02 5.798479631648310715e+02 6.335420528542912280e+02 4.131288856444230078e+02
6.064734315429085143e+00 7.230814242347298659e+02 5.781180282554137193e+02 2.952548924387308489e+02 8.223983796269551476e+02 5.817537007603941674e+02 3.029320351927315755e+02 8.781650719074016251e+02 4.223996709664768900e+02 2.891994866251662870e+02 5.886643443879397637e+02 2.005767141200730919e+02 3.594823260753335603e+02 6.563016085381721041e+02 2.988171577403335277e+02 4.240943818714025610e+02 6.856010264738935120e+02 6.359996326472435157e+02 3.194827348911875333e+02
6.238579756330514314e+00 5.119115426497551766e+02 1.755535977104431140e+02 3.672741132854731063e+02 2.927033344445262628e+02 3.345011649554494397e+02 3.356589008637312190e+02 5.369671418380887644e+02 2.458067891181314337e+02 1.543897767827584744e+02 4.226399848068344909e+02 2.316604705757695797e+02 3.718021196387330747e+02 5.946454337578597915e+02 5.274383649756131263e+02 3.075415305649239031e+02 5.833495335395473376e+02 1.461053787234477284e+02 2.016102483082046319e+02
6.479965265593338408e+00 4.857841007371437740e+02 8.756270079233768229e+02 1.754744598451862316e+02 2.343884249585171347e+02 5.179778474429315338e+02 2.048628004665195022e+02 5.788596270083130548e+02 6.005920624764762579e+02 3.169333754040022768e+02 3.762110549197992100e+02 7.113705174783746088e+02 1.231139749524532618e+02 5.193990251299665033e+02 4.171265768838911185e+02 4.067139598873089881e+02 6.135354752892467332e+02 5.488319582718399943e+02 3.540135773766934904e+02
6.077067235264969725e+00 2.786557867869183269e+02 6.147590099831139696e+02 3.687628721032705812e+02 7.499646732953362971e+02 6.539950199126728876e+02 3.504618165544218300e+02 5.416893396360608222e+02 5.602780161080868311e+02 4.327994290684890757e+02 6.019169617529345260e+02 7.204187887586201668e+02 2.407210256662206973e+02 3.068506143830932160e+02 5.512816187906347523e+02 3.405680761186261520e+02 3.251645983476361721e+02 6.865484436823760461e+02 2.605495414964299243e+02
6.518003812903367056e+00 9.624772657769840407e+02 5.823023599035429925e+02 2.740865863456692182e+02 6.770409996597164763e+02 5.184891736729500735e+02 2.370889192384740625e+02 5.020789465635575652e+02 5.784896785590017316e+02 4.422928972088869841e+02 6.574700943604234453e+02 2.167086004797276360e+02 3.619033065584536644e+02 5.449227315312534756e+02 2.124361088314749964e+02 3.534002402490648933e+02 6.914068992122199688e+02 4.400529309513665339e+02 4.263741107267337611e+02
6.552420057272009046e+00 6.036293306151620754e+02 6.922533753361369691e+02 3.149529995395079141e+02 5.657287480433510609e+02 6.071720414489199129e+02 2.206820620771716790e+02 7.085770203410695558e+02 2.338297926935056807e+02 3.420478182541563683e+02 6.967965234477529748e+02 3.319392280377339830e+02 2.915770306007836439e+02 1.131343544560592136e+02 7.979273631381601035e+02 1.218094447607563495e+02 8.370855926328839587e+02 1.152058308318125057e+02 3.091870022890877863e+02
