6.898842306906630917e+00 6.727936385130082044e+02 7.738180335683257454e+02 2.850330788189506279e+02 3.225712566190845223e+02 2.955932469158377671e+02 1.982807518228944161e+02 2.936820182173035505e+02 4.329060718774902625e+02 3.226933832598077743e+02 3.657378920042095842e+02 2.516676862615997265e+02 4.076378262717635153e+02 1.049647641531433351e+02 8.792456860155973573e+02 1.935847439942069173e+02 6.856174004034819518e+02 3.147759550633448384e+02 4.081558104057286869e+02
6.823557918646215192e+00 7.161655533579556732e+02 3.615523820013393106e+02 2.865155595521320038e+02 4.633329667321506236e+02 8.449302635619490047e+02 3.016274845938577300e+02 1.811232991940624970e+01 7.808972476852625277e+02 4.145280069274142534e+02 5.580762342760631327e+02 5.994854045504779378e+02 3.640443475286581929e+02 3.440353367411607906e+02 3.783954496767038336e+02 4.403892608818416079e+02 6.028417976574482964e+02 1.214689063761312013e+02 1.986564004293342691e+02
6.687340569452651984e+00 6.434792248230230598e+02 6.879601171650690503e+02 3.193059351479622592e+02 6.120298646402102349e+01 2.052429537965380177e+02 3.715778076879721539e+02 2.691814222514820472e+02 1.321670869632268079e+02 1.848473641514008250e+02 6.836766322990745266e+02 2.109397041341530041e+02 3.397644954034245757e+02 5.799970237623402909e+02 2.666124456289926457e+02 3.505358573876592345e+02 6.042543819870326161e+01 7.679143774735911165e+02 3.866870997021704852e+02
6.875136337732926428e+00 7.718154568099141954e+01 7.542799139213187800e+02 3.593651988256156642e+02 5.403035391251436295e+02 6.985949616478254711e+02 3.509284609237283803e+02 7.224162149342930661e+00 3.867849521521824840e+02 2.906125247873827107e+02 2.574213161469070883e+02 7.174778429295010937e+02 2.194299425288076293e+02 5.667422332295323031e+02 4.324961728060317228e+02 3.673942090473211692e+02 6.065485699140729139e+02 8.349047403425979610e+02 1.809658175370443587e+02
7.085752887883548290e+00 3.398355294670308808e+02 6.066272385874127622e+02 3.317383998889158647e+02 4.644171287306979821e+02 6.532715064413670234e+02 4.836883789115402692e+02 8.497428029220019425e+02 7.961865568136945512e+02 2.238206925410883912e+02 5.667865432145134719e+02 2.041722079959686766e+02 3.731090801389177045e+02 8.747505076770488586e+02 8.774307600888056413e+02 2.341046540258417110e+02 6.457251117020459787e+02 9.494788133021428393e+02 4.605652551323731245e+02
7.222760343586083209e+00 9.795035701392325791e+02 4.444144637778839524e+01 1.679952435911997668e+02 2.272058284578510552e+02 4.923838149162520494e+00 1.681153862933599328e+02 4.104557720816715261e+01 9.561016895643565761e+01 3.740430568709203953e+02 7.820648374454236773e+02 9.944921949233358873e+02 1.051609501897115706e+02 6.999810056619917304e+02 5.037897622876726018e+02 4.138292539082594885e+02 8.473813901854053938e+02 3.825278240350572787e+02 3.790277383055524183e+02
7.183907631484949263e+00 2.465401928436036769e+02 5.808764413654066630e+02 1.038109700227355461e+02 7.382491737078767073e+02 4.407135085740111435e+02 3.461264574183003333e+02 1.225782721978185918e+02 3.941765981171166118e+02 1.770136719574225594e+02 3.527295520694499231e+01 5.520483144852514670e+02 2.180269246419881028e+02 2.330524258300786187e+02 1.172528282464952980e+02 1.201690676377950524e+02 6.531128309840512429e+02 1.338371728220777186e+02 4.590564170559795230e+02
7.223823177313398958e+00 9.484958610484702604e+02 6.643721970897055371e+02 2.323162082641796076e+02 1.395000441219593768e+02 1.424946449236444437e+02 4.633171814670000117e+02 3.303537708546177782e+02 4.705641342806437137e+02 1.572170012416347618e+02 9.087015413082758641e+02 2.972728842058924670e+02 4.324709040689385802e+02 8.621948758972757787e+02 6.494674616295495753e+02 1.630010244663944263e+02 2.541810492514749740e+02 5.722085947829361885e+02 3.929232035968047398e+02
7.183887116493105296e+00 5.387958972483653497e+02 7.202537988081046478e+02 3.885211362425936272e+02 1.277709345295930916e+02 7.858122829284625368e+02 4.241766026132394813e+02 5.971309148939348006e+02 3.433157016266672485e+02 2.018328766262490603e+02 4.882476329587915984e+02 6.730295868548452063e+02 1.802082852222611962e+02 3.926228179650650532e+02 2.535800434765303919e+02 1.371403848220586497e+02 2.829672768748396834e+02 8.225241403359411834e+02 3.489801992189203474e+02
6.911028299951461840e+00 2.262601333026563566e+02 3.215232197552854814e+02 3.618818622448411588e+02 3.888890541591192118e+02 4.520971038315161650e+02 3.135360744321535549e+02 2.010754534751748679e+01 5.747641137252492172e+02 2.931706758607103893e+02 5.370717376093441544e+02 4.907358429336887866e+02 3.525873930549231545e+02 1.925409563314172487e+02 9.627898854718015400e+02 1.926551171911860649e+02 8.446818656399353813e+02 2.830895950246409711e+02 2.853061994882553449e+02
7.063716153016505572e+00 1.052226973351014720e+02 6.046097240574088119e+02 2.740230441019095338e+02 7.776997068968446456e+02 8.139610291657568268e+02 3.387367668064303530e+02 7.711090212557111272e+02 2.440362114399141547e+02 4.319287083586967242e+02 8.975557541592137341e+02 4.270640444178403072e+02 3.810738941899355154e+02 2.409718137540357645e+02 7.628862374532067179e+02 4.546787860159817569e+02 2.182721213613145892e+02 2.282872808628859786e+02 2.193653753909825355e+02
7.083291644344163807e+00 6.873579797627482613e+00 2.340596534258250472e+02 4.624469222076966730e+02 7.415055632104010783e+02 1.478405421969394524e+02 2.249988807006772618e+02 6.358599912472433289e+02 4.254057594425123625e+02 3.705171755771746120e+02 4.768251769734611685e+02 4.502520137128033184e+01 2.629576868339591442e+02 6.112258850131586314e+02 5.866466199548237910e+02 1.865346616117709857e+02 8.073576567577053993e+02 6.509372667459583681e+02 1.362077536988625468e+02
7.007355903055985991e+00 7.983445413903973531e+02 4.460256895818411635e+02 4.108948922880222199e+02 8.922728526210117934e+02 7.991350930360353004e+02 1.664764608917873829e+02 5.480147108042681339e+02 8.076417277935514676e+02 1.216206928224374479e+02 3.433520606089112448e+02 8.975757012965013928e+02 3.655048796596848888e+02 7.008174419111068119e+02 5.353178565567749274e+02 4.463538913479505936e+02 7.770260529669837979e+02 3.484924279770831390e+02 2.660666508109177926e+02
7.094568017513895875e+00 2.764311695887975588e+02 6.182526998702544461e+02 4.996440797698933238e+02 7.749331240140006685e+02 2.755158967427844914e+02 3.083512550923456956e+02 7.238590086897306719e+02 3.461198011294042232e+01 1.754047455316915602e+02 1.174966652815716088e+02 6.213507033524957706e+02 4.974760959526324768e+02 4.467622946718678918e+02 7.681359805230306392e+02 4.752271173286130761e+02 9.549848771617188277e+02 8.948373998742496269e+02 1.797731306047095927e+02
6.628225142545081106e+00 2.924848460916188060e+02 1.683122812063061247e+02 2.587125592663252860e+02 6.580654702102767715e+02 6.913471201574106999e+02 3.433688002700114907e+02 8.842707099813509330e+01 1.509164954386710065e+02 1.447080852469147203e+02 1.454332839732110756e+02 5.873958321148078312e+02 3.018110153437104373e+02 6.292023257648558001e+02 6.320267937260325652e+02 3.208881781724367102e+02 7.118850537781409002e+02 5.128649814817144943e+02 3.461161044023592126e+02
6.729861673312713677e+00 5.786744690760116328e+02 6.701341315604046258e+02 3.146058158145024208e+02 2.413269127334692143e+02 3.693241843799744970e+02 2.133797333556436797e+02 4.385403970090879966e+02 2.363352018880509604e+02 1.564787676039906330e+02 3.574269628037337725e+02 6.365233266271131924e+02 4.000237824088263778e+02 1.863031296537981234e+02 5.126221016783919140e+02 4.558290952047183850e+02 7.270295966739959113e+02 2.206524600688507007e+02 2.718008097049820435e+02
6.706916598573463340e+00 8.015884733310189176e+02 3.449096636004437073e+02 3.679422697037738317e+02 1.759519129937658590e+02 7.804911876192982163e+02 4.376932677154012481e+02 7.480959262470187241e+02 4.274297694903754063e+01 3.682105192657853081e+02 7.939598327991103588e+02 2.621551138575183586e+02 2.593929363557679153e+02 3.092179445410753402e+01 1.933176072601985709e+02 2.461813495745973057e+02 7.520733807839509382e+02 5.955913762953746300e+02 3.291680472985112829e+02
7.070133716293534931e+00 7.157290699071443214e+02 9.065152744511125320e+02 2.822760927780740872e+02 5.978262590909494065e+02 8.364641682633445043e+02 3.542159497627526434e+02 9.185005314425753795e+02 4.840405178167573013e+02 2.190414843162355680e+02 7.814884892287348066e+02 2.237907354728910718e+02 3.719311949680612770e+02 9.560399101643151880e+02 4.165774180095519341e+02 4.395349225198895056e+02 5.975898258810698280e+02 9.003425949048476014e+02 2.725360086112162890e+02
7.080823932264825871e+00 1.335391785662083350e+02 1.575770520980235290e+02 2.739976197776830418e+02 8.255658364129076290e+02 2.117592054370950336e+02 1.910527823566371808e+02 4.661352762801653853e+02 9.991699765141535181e+02 4.522341174897977112e+02 3.767573450627349416e+02 1.228634983373140273e+02 3.553391405095378559e+02 7.910464044181489953e+02 1.201932817598351306e+02 1.519827738563157595e+02 7.198107013404746795e+02 1.225897087042015983e+02 3.471152421548705433e+02
7.123998910039042620e+00 1.311024963471498950e+02 3.942172895335660314e+02 2.098344480579648348e+02 1.600321805079848900e+02 3.637028109535430076e+01 2.096762626264078904e+02 8.231700716188870501e+02 6.691998043346744680e+02 4.394252767287139250e+02 3.243893656734222191e+02 8.494962549848930848e+02 1.942076583961964786e+02 5.695982517472168638e+02 9.665330701590189619e+02 1.960434877667849776e+02 7.447618609910424539e+02 3.580640688516127739e+02 3.519690568774939265e+02
7.049885620352504212e+00 7.206259727063877563e+02 1.177378227873242622e+02 2.503868735600377988e+02 1.815586716203429773e+02 5.705644499267997389e+02 4.452200776104538704e+02 1.148513384251665315e+02 5.201890952026209334e+02 4.067826744098151721e+02 1.706687184036040890e+02 5.563493053197726113e+02 3.522988678989080427e+02 3.831042426417455431e+02 2.176253039054022054e+02 2.533450800521920030e+02 5.966082654227412831e+02 3.798018569586879494e+02 4.461604662562910448e+02
7.183930888859232589e+00 4.361421963698123250e+02 5.042256637706117317e+02 4.918210294361725801e+02 4.096673825708148797e+02 4.438041731957155207e+02 2.983619565998482130e+02 2.426470174841384733e+02 4.746317437287490293e+02 3.312607206025680284e+02 5.418495561907488991e+02 1.763026222547933060e+02 1.618213073122043966e+02 8.198449709838741910e+02 2.937998053984048852e+02 2.220423157717314666e+02 2.723308744258932279e+01 8.880002536781221352e+02 2.096335740225544555e+02
6.908744181729799649e+00 5.804387247522558937e+02 3.741629368239820792e+02 2.526286137431112593e+02 6.333338681412968754e+02 6.554397366461272441e+02 4.052884961988521013e+02 8.411886186987394467e+02 3.936801095052921937e+02 4.147768452363120559e+02 5.730708207085123149e+02 5.023603756161288629e+02 4.101927102317662843e+02 7.672144208039933346e+02 8.197977377556181864e+02 4.709157802092436214e+02 1.422899001512933808e+02 5.770610092459303360e+02 1.188785413103933308e+02
7.028209780290763931e+00 1.738183147513883000e+02 1.028027804645875705e+02 1.851544538774296029e+02 2.828365132619628071e+02 5.171229813868014844e+02 1.923316501348869849e+02 3.716926381212014689e+02 5.420703474953614887e+02 2.080912843355579867e+02 5.535330210990044861e+02 2.783118145357980211e+02 3.529511809536145392e+02 1.436906548730590885e+02 9.170114266258522662e+01 1.541074364113977708e+02 3.333220419674465518e+01 6.156849758146192926e+02 4.175846324729377557e+02
6.989709226165244260e+00 7.660527799003640439e+02 1.478178318335510539e+02 2.846463362224740763e+02 1.304720327759522434e+02 6.961986394483665208e+02 2.448867278744991438e+02 8.778238777326175750e+02 1.642876648151365657e+02 3.176611300400508640e+02 4.072661174160351720e+02 4.012718878375179088e+02 4.917514260671269994e+02 5.289968974013480647e+02 7.406036217427207475e+02 4.008508254178726133e+02 2.755531370572448395e+02 4.832189540254381086e+02 1.624487996871146720e+02
6.958106813469706609e+00 2.379872271821525089e+02 2.213203066562271601e+02 4.987246488683275629e+02 9.143337544262109304e+02 7.844295122210622822e+02 2.945473174573253345e+02 8.477764578253495529e+02 3.372704190153261834e+02 3.286673702906187486e+02 3.196904891945134750e+02 8.398275033109866854e+02 3.471332481337282729e+02 6.274049465407895241e+02 1.890638288532999240e+02 1.792868669803304726e+02 8.975141912816815193e+02 4.544898982047030245e+02 2.083780980856045630e+02
6.980406366015596831e+00 8.194035579197677635e+02 8.704890284296641312e+02 2.490599954456257876e+02 5.308267377752210905e+02 7.282002665016848368e+02 3.327518538172953413e+02 8.733976924308965408e+02 1.381691843872547452e+02 2.491868964712453192e+02 4.100885976283748278e+02 1.756504971057918567e+02 3.768568708941550653e+02 8.318485391643299636e+02 8.750857878862464077e+02 4.349625150035848264e+02 6.391649635172072976e+02 8.256846518046214669e+02 3.505208277642452686e+02
6.839169625436152700e+00 3.876609017829819663e+02 1.875606259943398300e+02 3.360815914782194227e+02 8.091857219289988734e+02 3.595685614404505941e+02 3.188046317418247213e+02 1.400264149690587772e+02 3.676602047111429670e+02 3.920085419193493976e+02 7.300990461034703003e+02 4.977037397026800818e+02 2.110170156320196213e+02 3.812111343295856614e+02 2.358318035746125929e+02 1.761353429143863991e+02 3.468175400565338578e+02 9.835037480449977920e+02 4.738994944504963200e+02
7.351099891060233205e+00 9.927355579632751414e+02 6.482040512355396231e+02 4.805640113443918153e+02 7.637451214999454123e+02 7.958697202074281449e+02 3.866296102619846806e+02 1.524996963034249688e+02 9.953828465157250776e+02 4.982237900520853486e+02 2.345697992474884472e+02 8.843989811337115725e+02 3.524545965036978714e+02 2.415894434960800368e+02 7.901914700478122313e+02 4.159999429087778253e+02 3.958172713661169269e+02 8.430186263739583410e+02 2.323588845816263699e+02
6.944290370630600506e+00 7.937620818331080272e+02 1.780296286988882741e+02 1.694539646295511943e+02 1.395263188954790508e+02 1.183907833173959432e+02 3.773869494887779297e+02 7.502113360213004398e+02 2.638868518473855715e+02 2.875312698794299990e+02 7.725358055660768741e+01 6.261038518034519029e+02 1.390055112783051072e+02 6.194806033956067495e+02 3.405558875653864561e+02 3.650639881651563883e+02 6.906154857522535622e+02 3.026011876446038400e+02 1.220463796117290372e+02
6.936918843826123116e+00 7.832390172444236214e+02 1.370435965607229036e+02 2.183093259575275056e+02 4.332098499414500452e+02 2.833798513488981712e+02 2.270562342406362006e+02 6.342073785985503491e+02 5.865778118815881044e+02 3.371335278493276633e+02 6.703580303639203066e+02 3.964655322163728215e+02 2.074426152865399331e+02 8.847149412916760411e+02 6.635434799766719607e+02 3.992018594729577217e+02 6.874777086841147593e+02 8.802425200608840896e+02 4.933630080704868988e+02
7.160866996487820657e+00 3.779092553375982675e+02 9.663040047713718650e+02 3.289385393008880669e+02 4.984968022702227586e+02 8.686483131053096258e+02 4.298314369809666005e+02 2.092641954586042914e+02 6.378750713988787311e+02 1.638689160817160655e+02 8.407105478483135812e+02 6.608581957441713257e+02 2.086751217175342106e+02 3.393773770016227900e+02 5.951866091852215277e+02 3.574148328754744739e+02 8.579672224373118752e+02 6.988534401334914037e+02 4.162204095416925611e+02
7.206459361361235771e+00 1.552989307474495035e+02 7.675237458118083396e+02 2.200056019552669682e+02 8.816471973893193308e+02 2.749148581079826386e+02 1.273180410303451140e+02 8.612989793188628482e+02 4.582280289556207435e+02 3.406553978946810730e+02 7.576773125402798996e+02 7.866452557638963299e+02 1.330965147891560321e+02 3.048992110013005572e+02 6.046813273803010134e+02 4.009396888754296242e+02 2.308336783000407593e+02 9.724660916837997320e+02 3.835390331105394921e+02
6.715031482128478224e+00 6.737797645897881011e+02 7.450030014974727237e+02 3.739227161412539999e+02 8.661157902135150835e+02 2.652048840239364154e+02 3.233935414929495664e+02 2.501700264435330325e+02 5.776948053416588209e+02 3.071859747724200815e+02 5.952926218306951114e+02 7.982500563869114103e+02 4.138483713155257533e+02 6.854345131640980071e+02 4.364683616869810976e+02 4.112051031994843129e+02 8.549747994596459648e+02 5.506774285795160040e+02 2.133459488086425608e+02
7.107802758717505220e+00 1.008075030147839470e+02 4.447281256135624972e+02 3.870318679165183084e+02 5.844809899252122705e+02 2.222160009055880892e+02 3.870659164088586408e+02 1.019785925119476246e+02 2.006370266629077150e+02 2.619860109131670356e+02 5.819416559631227983e+02 2.909722016431450697e+02 4.585549341833240078e+02 1.553724932814344584e+02 2.798438530062748555e+02 1.349792861131538757e+02 6.813240747378390552e+02 8.211122197729719119e+01 4.001188203536272567e+02
7.152250403674653256e+00 9.831259612034587008e+02 7.426313506241407367e+02 3.859236875398128177e+02 8.884409525130130305e+02 7.445608319684894241e+02 2.254264940341515171e+02 5.133444391529747008e+02 6.396810777576747569e+02 1.978579254473794435e+02 7.452650612899577709e+02 6.449811666700126125e+02 4.284039606931075923e+02 7.795873800778433633e+02 5.707948282422564716e+02 2.080385851132241442e+02 2.945609675043403399e+02 3.232087697486419415e+02 4.509160494919865414e+02
7.157441095478533022e+00 6.165966725819102976e+02 5.151905843159599954e+02 3.314050277764491739e+02 9.768136384212895109e+02 7.887389807726249273e+02 4.878632299590727825e+02 5.716866474907824340e+02 8.234262852134199875e+02 1.555790322380092334e+02 1.631052375341649849e+02 6.945045463820862324e+02 1.753974785050810397e+02 3.729069495155057439e+02 8.637218456382404383e+02 2.713550725082030795e+02 9.751952689010674931e+02 8.684290085172983709e+01 4.100800182038939283e+02
6.868854294467019450e+00 9.506845104161970994e+02 5.967063445561994968e+02 4.863717245095131716e+02 7.176503889615662501e+02 5.728216083516419985e+02 3.990658233615823747e+02 5.202167183422774315e+02 2.525275935915597074e+02 2.763875123937308445e+02 2.046140077504811643e+02 3.884688035929483476e+02 3.550434500020426185e+02 2.038401862087089285e+02 5.639585322430343695e+02 1.024978354419928763e+02 2.068229717594036856e+02 6.761422279863647873e+02 3.588940682519566963e+02
6.980994130461752434e+00 6.044966227947890047e+02 4.400697625583972581e+02 2.445995720157403071e+02 8.277514118348697139e+02 5.247938059409655125e+02 1.051327639111409837e+02 3.463263608393465347e+02 8.286553375697728825e+02 2.219087762837855564e+02 7.399972678913300115e+02 1.335025224106211681e+02 3.365444560232425601e+02 4.112587531969653583e+02 8.884440682390140864e+02 4.141182579282847769e+02 7.710913809596121382e+02 3.112945949275061253e+02 3.069378738538269431e+02
6.897477723313680364e+00 3.456926606124292221e+02 1.573119165464264029e+02 4.880015227041408821e+02 7.359304933693196062e+02 7.416174774774897287e+02 1.261426893996866880e+02 5.250572447163017387e+02 7.695228594202745853e+02 2.887126627720746797e+02 2.538799981507530106e+02 6.403258403156047507e+02 3.194002528916746542e+02 3.824303599741650714e+02 4.461192989099465080e+02 1.458435854105287603e+02 4.766604524625165595e+02 7.318651730002446811e+02 2.057481971110042878e+02
7.134236414068638510e+00 3.591347420767887684e+02 6.889017172428139020e+02 4.083142370897597289e+02 5.720598272109735944e+02 2.123530130976409964e+02 4.501079033623644818e+02 3.717469904103164140e+02 3.102997826668358243e+02 2.926330564057903985e+02 3.552777959164208141e+02 3.110962135166395370e+01 2.363084761850857376e+02 8.159318248608694830e+02 1.376511147269494018e+02 1.285058143414389065e+02 2.109325593266312353e+02 9.161649474106127400e+02 2.061648749038229198e+02
6.906234472061995255e+00 1.434543777185466809e+02 2.978835856492975154e+01 3.230918463244429404e+02 4.037215214584138039e+02 4.808793815770803235e+02 2.964556659142319859e+02 6.137371575727805748e+02 6.916681344445873947e+02 3.135730860508932096e+02 6.506135584135196268e+02 2.127587330982966023e+02 3.417647165449128011e+02 8.230943195157899481e+02 6.605977261404445926e+02 4.604960782856737751e+02 5.169850039582624959e+02 6.033500269617424010e+02 1.621371407281928612e+02
7.220125700295550786e+00 4.585617061900803719e+02 1.464777526191253969e+02 4.959073527060348283e+02 6.803710132402804902e+02 1.778916487139240985e+02 4.371494942441796638e+02 2.859045256700311484e+02 4.408640488258248524e+01 2.008287702576694471e+02 3.167810099831879711e+02 5.066654651228624573e+01 4.579751905092984998e+02 7.727961862882893911e+02 1.965214207271851024e+02 1.179809429143419948e+02 9.407877096189861277e+02 7.022030781002811182e+02 3.675582103330906989e+02
7.199790169229081549e+00 4.210975370513990015e+02 2.834912739928222436e+02 2.079356121895181388e+02 3.346855560408773727e+02 2.617975334338675566e+02 3.825163641079872718e+02 8.474580346755419669e+02 7.776865484241454851e+00 4.933563407881852072e+02 7.203008488220882555e+01 6.671359596409753294e+02 1.585502613496432502e+02 6.611880268074237392e+02 6.846783610611829545e+02 1.296981048555785492e+02 8.166727841178083054e+02 4.901498443445279918e+02 4.115199223421439569e+02
7.104960835989071022e+00 6.702711809198308401e+01 2.075923065985131188e+02 1.747660208611592907e+02 9.870943864541602863e+01 5.952410517905058214e+02 4.142382964148261522e+02 8.874224917719932364e+02 3.102908970234603885e+02 1.231973022457343490e+02 8.169038539261264305e+02 7.196931120341049564e+02 4.211344633422173729e+02 8.968414669854180374e+02 6.854551296333916071e+02 4.058821358812563744e+02 6.463425333569482518e+02 3.313182002802748229e+02 3.989129906661912059e+02
7.047616487621709780e+00 2.859839234721555385e+02 4.948205826440179180e+02 2.968069708883676299e+02 4.181756812486998456e+02 5.177330427444943552e+02 3.612839651619168535e+02 1.310211050037187590e+02 7.091274436180567591e+02 1.069896956463407776e+02 7.841991878435558192e+02 4.555728680665324646e+02 4.335452166103881382e+02 5.206862069123270658e+02 6.716138065547643237e+02 4.228940028037434899e+02 1.588994095986926141e+02 9.429207634838072636e+02 2.503168027158196480e+02
6.965195422250881840e+00 5.719759247423985471e+02 4.127520864454779144e+02 4.588612013902977651e+02 2.744933852709826851e+02 3.617270894775627994e+02 2.072515020349676433e+02 1.475117471271829572e+02 3.445985059188576543e+02 1.704170294423243490e+02 5.463153301071619126e+02 1.242993464015454919e+02 1.738338439612544448e+02 2.671845823864258591e+02 5.082871192787437167e+02 3.716985853957641552e+02 5.415510399894377542e+02 3.043618541225719127e+02 2.060388982030259513e+02
6.926455694330341473e+00 5.521702501797001332e+02 7.141913017386806359e+02 2.519166146530797903e+02 7.435514452718585972e+02 7.195138660822132124e+02 3.613376584259377751e+02 4.651967853791995253e+02 3.916092397884346497e+02 4.698727782714171326e+02 7.403087334004109152e+02 5.518937729800993566e+02 3.951282210958310088e+02 9.719891903913664919e+02 1.593947580452843624e+02 4.721648766125618408e+02 4.127605500677107102e+02 9.169492315922067291e+02 1.937790276880535600e+02
7.080705407380094130e+00 8.402209037794660844e+02 4.100788811784521499e+02 2.078111324773259412e+02 2.218345022673900928e+02 8.269329843397359809e+02 2.409242321976881840e+02 6.285099080668725264e+02 2.417918674371010184e+02 3.977258343338028794e+02 7.882128155920503332e+02 1.181134821323388593e+02 3.224115964906357021e+02 2.806161222397819301e+02 7.811316418872530676e+02 4.541568066161229922e+02 3.584400898756599076e+02 6.741351431252030579e+02 1.168938855943907527e+02
6.864209346587108129e+00 8.488354965607273925e+02 8.607151722002163297e+01 1.552489175239745123e+02 2.727871960929081752e+02 6.336510712485317072e+02 3.940483679424332308e+02 8.583945722817028354e+02 2.693513918694234235e+02 4.135489298820469344e+02 6.750458689395135252e+02 3.918155129847509102e+02 2.724836316700883572e+02 4.804687888157085354e+02 5.841906947424319014e+02 3.963102269410496206e+02 5.148755970328835474e+01 4.261307545292134478e+02 1.012731099887160298e+02
6.554973667844187446e+00 3.935259393080011137e+02 5.992840550584099901e+02 3.378348718110351570e+02 3.470551560077473141e+02 4.744337707121694621e+02 3.351101362693742090e+02 4.354236049631498986e+02 6.985848374064840982e+02 1.060790143889616957e+02 2.829169436535796649e+02 4.408746822219980004e+02 2.743289465874760253e+02 2.017377242940335407e+02 6.261139239496100117e+02 4.611647721856501221e+02 1.852368018122632520e+02 4.104339143527962506e+02 2.697837380885464427e+02
7.092504135079313876e+00 5.283502946941275695e+02 3.083137841746389540e+02 3.734512849955282263e+02 8.789905823454132587e+02 3.822737849361282088e+02 2.039918581274899907e+02 9.093658056658887290e+02 3.059829376050612950e+02 3.016276521748227992e+02 1.808614885075743075e+02 6.316069094300326014e+01 2.233236027963968979e+02 6.437908529731994349e+02 9.371059647939798651e+02 4.151018659837710629e+02 3.905977465865298655e+02 4.728421531810628267e+02 1.747282181010461954e+02
6.826716599025740351e+00 8.862463197198949274e+02 5.053727868524267706e+02 1.536219264288724276e+02 8.124620827427519316e+02 8.751698176317652269e+02 1.931395584633769147e+02 2.899266206605799994e+02 5.049439102021862595e+02 4.957357861770104819e+02 5.480042091074751625e+02 9.369747317532289799e+02 2.597058947440516476e+02 6.450342802026679010e+02 5.554100954521857147e+02 3.255463318016122116e+02 3.656023315270306284e+02 5.602819292750859859e+02 3.375269331504009642e+02
7.007842921617450926e+00 3.575060512879483667e+02 1.964023042179565550e+02 3.301439801010578208e+02 1.273424556966775754e+02 3.707117722140351361e+02 3.188452710929505542e+02 5.253329278232737352e+02 4.779687660380143370e+02 4.910781117140104470e+02 7.992814017681495216e+02 2.012084274288804409e+02 1.650997579546780116e+02 4.377805107313802182e+02 6.369659343839330177e+02 3.389363631894079845e+02 5.626409593991938891e+02 9.336737107018742563e+02 2.204248332433258497e+02
7.090574566867028139e+00 5.266469259527590339e+02 7.645749131867230517e+02 4.485446176717853746e+02 3.053829530860411978e+00 6.503566761463642933e+02 1.661595440679820967e+02 9.101492564043628590e+02 1.003321173826101926e+02 2.863410974420344246e+02 3.218611178099373547e+02 3.935434508622710155e+02 4.581074902019585124e+02 2.696370568167232022e+02 9.424067920496154329e+02 4.366075912127455467e+02 6.624717112620834314e+02 6.792091478679509464e+02 3.503390008338516850e+02
6.564250497566550990e+00 8.520577520299988237e+02 3.968970348483334192e+02 1.062155779090469565e+02 7.136515682998259535e+02 2.720626912598252147e+02 1.823172253749047513e+02 5.228538599960452302e+02 7.311449160224544812e+02 2.411657481470391247e+02 7.723878090425504297e+02 5.516327880483007675e+02 3.485987589658139996e+02 4.520070394323777236e+02 5.800153321464323426e+02 2.537643162326490369e+02 6.749124237203886878e+02 5.385800135855279223e+02 3.523675821409595983e+02
7.075406130689317230e+00 1.341133159564670336e+02 3.845609406603303455e+02 2.912061491381529095e+02 1.681999472547607866e+02 6.723927257328065252e+02 2.706171812214602710e+02 6.005821038697038148e+02 9.342781401211910861e+02 2.169837701250191060e+02 7.958460321607934702e+02 5.482890420022491753e+02 2.640560616100706284e+02 1.543592834718531606e+02 2.839197707742005150e+02 3.718168454728183860e+02 7.812735131566844302e+02 5.845161584721438430e+02 4.248703997026220804e+02
6.412659598009508244e+00 3.378544991472475090e+02 8.318669207351495061e+02 1.268263705590062500e+02 4.203958826081900497e+02 2.629598364777437496e+02 3.172788800230506467e+02 7.531327606537145130e+02 6.324182126809793090e+02 2.807663442520668013e+02 4.803637511367418256e+02 6.235229323050249377e+02 1.406763790849361158e+02 4.685038115944827268e+02 6.981412665876441679e+02 3.645095768954343498e+02 5.306566298654623779e+02 5.633562561310943693e+02 3.893977707121504181e+02
7.076124364653484378e+00 5.242381204849076539e+02 9.253584501131382467e+01 1.003229154853690517e+02 3.440896391302468373e+02 8.616619465482107216e+02 3.111327677583792024e+02 7.245211759185990559e+02 8.142970784865392488e+02 1.840429251813073961e+02 8.101505323826437461e+02 4.705814173724295983e+02 2.492315015313917002e+02 6.426437030210504417e+02 6.675348579878442479e+02 2.601725611853816531e+02 4.320128219257437081e+02 4.882247447088213335e+02 4.443324902808435581e+02
6.847288949153046644e+00 6.688495928673510207e+02 6.877569902060292861e+02 1.189998323976383432e+02 6.357900529086042525e+02 6.481705923779625209e+02 2.530264389988450375e+02 4.558290684512157327e+02 6.374670605097051066e+02 1.630466184130967520e+02 8.636224398640513300e+02 2.114788443699679306e+02 4.410490072253122662e+02 6.927899504352883469e+02 6.709368619542381111e+02 3.950718027209903767e+02 3.380783393479511005e+02 7.284918659434233632e+02 4.695212552030570237e+02
6.886114693533667896e+00 2.280893085546731527e+02 3.710488944840810746e+02 2.504419938287658169e+02 7.459782703018245229e+02 5.391472851393904193e+02 4.484078698192000161e+02 5.713064068151878701e+02 4.779120726814808791e+02 3.157278593358257126e+02 4.815584179336422039e+02 6.439135177275751403e+02 2.916667788453306116e+02 9.946083681730058288e+02 2.777540105251579234e+02 1.846424676401291265e+02 4.199353803147283202e+02 2.515604655303012294e+02 4.800028633454491569e+02
6.878318991258938198e+00 6.253819411798834835e+02 7.905417879239789727e+02 4.935186975949867474e+02 5.838995241826113443e+02 4.787950993873429866e+02 4.123610525444110522e+02 8.912825612011122303e+02 3.773577545197872496e+02 3.427181094997013133e+02 3.306536000032238576e+02 6.801617147888350701e+01 1.333199952945256541e+02 7.524495441711371768e+02 6.175088063433885281e+02 3.338122326536085893e+02 6.094960198524606767e+02 1.468205059661249550e+02 1.972716010683723766e+02
7.167396348097433645e+00 8.599435796306346447e+02 5.488758045595932344e+02 1.880922436925477541e+02 9.137083542053711653e+02 1.783088887127453006e+02 3.233758497948771833e+02 3.788666076056820202e+02 1.719504591311031731e+02 1.145654083589421504e+02 6.542814655213439892e+02 8.142856504060843008e+02 4.828730972450347281e+02 5.187609750332167096e+02 6.564425938293344416e+02 1.932577220762478305e+02 4.137191310814192207e+02 6.791398423019846859e+02 2.581204706278571734e+02
6.816091636173138291e+00 4.815985963742624563e+02 7.301475352474841429e+02 4.888455342692739123e+02 5.613874607356322031e+02 6.391437332163302472e+02 2.962570996935681933e+02 5.713473063988428748e+02 2.357042058724384219e+02 4.448232862028845602e+02 7.765507265013727647e+02 7.438486127295581127e+02 3.997455511095477618e+02 3.282849761428029183e+02 3.924224794936097851e+02 4.708224655406613124e+02 3.730602059795173773e+02 5.456739864520509400e+02 1.291075569821443878e+02
7.166286668225431811e+00 8.654136682552550610e+02 9.732581312687500485e+02 1.973409424862348089e+02 4.299882511454731002e+02 6.280699639523049882e+02 1.331807238110981189e+02 9.545893117130411838e+02 4.709353119223800377e+02 1.132908418074627548e+02 1.614121662591022073e+02 8.902058082389487481e+02 1.763449713257987241e+02 3.944608318268483913e+02 4.186375318198599871e+02 4.943985971504276904e+02 8.881186839846178600e+02 5.386986815162451876e+02 4.488149990004076244e+02
7.016290590990271525e+00 6.331390478348497197e+01 4.554740191865678867e+02 1.918290749196676757e+02 6.276226960095468712e+02 3.238378893643841252e+02 3.051105869944041160e+02 5.250133784036197540e+02 8.162029038459133972e+02 2.801523168258273699e+02 6.538881226192979739e+02 9.568978460059350937e+02 2.103280610599084639e+02 2.452403011282007697e+02 7.315862390811028035e+02 2.603356487548782638e+02 5.700399249329173017e+02 8.666917242617375905e+02 4.580254938812803402e+02
7.046351365326703586e+00 2.510151267807822251e+02 6.913085248927181965e+02 2.953108813045951138e+02 8.097863438749579927e+02 8.033303166880233448e+01 3.039584425406890205e+02 3.222211509607662947e+02 6.035917328594309765e+02 4.395139723135669669e+02 4.944217237493850803e+02 8.323022422300538210e+02 3.467443056248077937e+02 7.806635780782501115e+02 8.039112848883405604e+02 1.228456355972314213e+02 2.146333271618765082e+02 4.432797492111467932e+02 3.693492372397481063e+02
7.107402030323715536e+00 2.320050045464425637e+01 4.490407379881598899e+02 3.135912678636724422e+02 5.747715455297966400e+02 2.528460397588818296e+02 1.451435989450341424e+02 2.701754869011649021e+02 4.627202448973566788e+02 3.075570676666343388e+02 4.768204631876551503e+02 3.023876655697546312e+02 1.802948620346058703e+02 6.829652729630404338e+02 4.696003910985187417e+02 4.842984728617743713e+02 2.543544807409508337e+02 6.103611201026233175e+02 1.777948865538759833e+02
7.153652784780083707e+00 5.979657660227809401e+02 9.597669502024675694e+02 3.947140935409078679e+02 7.650932731086438707e+02 3.302350773424929002e+02 2.041981092104400943e+02 6.606002962759193906e+02 6.190842480748326579e+02 4.039141065997854412e+02 6.215981381606927698e+02 6.766866019478023873e+02 2.165859423590233064e+02 3.980672893155957013e+02 5.935732372763173998e+02 2.583447102520519252e+02 4.948103751900617908e+02 9.775315005713443952e+02 1.412720796575855218e+02
7.043240192171097647e+00 3.500743525748924867e+02 9.423884755788798202e+02 4.909314520679150178e+02 3.905165793024024197e+02 7.767214949847000298e+02 1.359604343441108654e+02 6.247800772362988937e+02 4.429653209103356062e+02 4.172917028302438780e+02 1.255735126674311459e+02 5.620017177286479182e+02 2.669850874178509343e+02 2.363359685379112989e+02 9.856059185568320800e+02 3.430005875747624486e+02 6.928199093825314776e+02 5.926722821865103015e+02 1.874604601247393418e+02
6.940412552070217345e+00 9.440173347023542192e+02 2.756742544481196546e+02 3.729370757309164333e+02 7.166369993763337334e+02 7.933161188277204019e+02 3.793441013626825224e+02 4.753637081495025996e+02 2.562447179314118557e+02 2.761852408427544106e+02 8.503787534259304266e+02 1.682771722147388402e+02 1.884515949677237359e+02 6.867253736970106957e+02 4.642846276835741719e+02 4.900615933182009485e+02 9.464068184669778248e+02 1.058532049997125171e+02 4.157078327322072937e+02
7.064315774822056859e+00 7.598793810205332875e+02 4.064576558011734733e+02 3.678441459975209114e+02 2.080354294278099587e+02 6.189846681617143531e+02 2.959201110876776966e+02 6.155373912117959208e+02 1.271730785998549891e+02 4.405907267519621655e+02 8.581777841530879414e+02 6.091549263868372464e+02 2.630811884600917097e+02 8.543228862063716633e+01 1.995529623066243801e+02 3.962262437393255254e+02 2.591808349486899488e+02 3.978824340147219800e+02 1.104792240932919754e+02
7.021257036866821899e+00 8.370381782486097109e+02 2.443316706415000112e+02 2.712902279943681378e+02 3.256148063076535237e+01 5.477777270192639207e+02 3.062686809903344169e+02 9.516652934152577927e+02 9.117552164203273151e+02 2.528468776176591177e+02 7.038486738705835251e+02 8.397086015481893355e+02 4.422126921823377756e+02 6.426281558449802560e+02 4.241339994635784478e+02 1.286368103254765742e+02 6.552434063625119052e+02 3.976943502523385519e+02 3.144920552088836985e+02
7.049301686831602076e+00 6.504229379922999215e+02 8.935171206949837597e+02 4.586578207119183617e+02 5.821414966466711576e+02 9.487788353198197910e+02 2.836415188791691548e+02 6.561034098979190503e+02 3.388875618271638359e+02 1.801898543209584886e+02 5.048900088298333912e+02 6.735192426443757086e+02 3.227413955218100909e+02 2.491683740454149358e+02 6.070671070863680825e+02 3.140585476483336151e+02 2.785308821127997021e+02 1.999734886906776410e+01 1.300470391023001753e+02
7.113980216532462819e+00 7.064752778743883255e+02 6.129922128065726383e+02 3.399929481544736518e+02 7.335556972306408170e+02 7.097783135316011567e+02 1.763968982487824064e+02 3.063321332437439537e+02 1.386258777991089914e+02 3.330114867877988445e+02 3.014984171018782035e+02 5.731217696636203840e+01 2.902820608410971772e+02 5.366108777866849096e+02 6.678507570899415668e+02 4.146982838212970250e+02 9.874319046382713623e+02 6.962828955948056091e+02 2.786802465143096583e+02
7.352183921910009801e+00 1.969328008083451778e+02 6.276846770496678118e+02 4.494590365668589129e+02 2.329266321334571330e+02 3.579802342520832781e+02 1.784666969951530291e+02 1.337210127721056665e+02 3.063123735125266762e+02 2.362951811804615261e+02 2.187182270690618680e+02 1.810335168536560957e+02 4.664626628648843507e+02 8.974087842401951320e+02 9.555805990856181324e+02 3.015625504273085653e+02 4.717434968985303385e+02 7.466338198336820824e+02 4.355295134852318597e+02
6.964004113896804959e+00 6.334027001060591147e+02 5.171207027039250761e+02 3.369615139962685930e+02 6.972919666019631677e+02 7.398826491425999166e+02 4.778517671156041047e+02 3.377386917055409299e+02 1.129319319364188203e+02 2.138825340112543358e+02 6.759984141227959071e+02 3.949815427920109414e+02 4.566823181076172204e+02 7.371830930343385262e+02 5.909492116790357841e+02 2.014372978948569539e+02 1.396793390326036501e+02 9.116178248558087489e+02 4.526788656378827795e+02
6.895201135563979733e+00 4.175569604871277534e+02 5.330757523940374085e+02 4.197953045356417192e+02 7.278209768947527891e+02 5.585415875446235532e+02 3.887546386094628588e+02 2.791724367321583600e+02 4.617591498368325915e+02 1.864967687720771323e+02 1.215610515561689766e+02 4.796308603665767123e+02 4.417424439485112089e+02 7.757828453077793256e+02 4.316309249698730923e+02 3.759144119876648347e+02 8.348216164154604257e+02 8.474549444763130168e+02 1.262976195319605637e+02
7.005460759875412613e+00 3.728304226060419069e+01 6.441980355365228661e+02 4.461968729014156452e+02 8.766369895682341848e+02 4.006274803119611647e+02 2.678533969980167058e+02 6.545835648747734581e+01 8.258262142613375545e+02 1.617600320162431444e+02 1.222530370771767707e+02 2.479258601479709796e+02 1.489892186347310883e+02 5.132049443447103840e+02 8.990967375943107527e+02 3.098561769283203944e+02 6.148663326549335579e+02 6.251018648644097766e+02 3.727836953176236534e+02
6.805564665543451852e+00 5.515852976922286643e+02 7.917655303655265016e+02 3.448714832381547808e+02 2.433161853204577483e+02 1.303296056284907536e+02 2.854097435208329898e+02 7.952979688641773919e+02 1.899713857116342979e+02 2.592242232974756462e+02 2.484983463645261281e+01 5.958922184316115818e+02 1.406361668920188492e+02 3.510723922115560072e+02 5.823638312900145593e+02 4.043994376853009385e+02 6.093536142424346735e+02 5.166531581252000933e+02 3.139768227660046023e+02
7.042208864169998250e+00 6.623408686091017898e+02 5.559377003619035804e+02 2.360254746811115751e+02 1.167636195018251044e+02 3.474482362452023381e+02 4.510006243997269166e+02 2.072678807563091539e+02 1.769387775792467039e+02 4.435804465958586320e+02 3.651632799601162560e+01 7.722490558593044625e+02 2.946478378172608359e+02 6.790494901677609505e+02 2.576454160977789343e+02 4.130576342584263330e+02 3.969863636048240778e+02 5.445547111462567500e+02 3.541354918570150971e+02
6.908204665116311816e+00 6.163465244669908998e+02 3.048767775048828526e+02 3.608285931036283500e+02 3.153106876743664770e+02 6.316282458339334198e+02 2.789869137549740685e+02 6.926129218295744749e+02 5.713606275153833849e+02 2.183378097574273511e+02 1.739080462004442325e+02 3.560036067210206738e+02 2.046928669827379679e+02 2.224433940487222117e+01 5.378970399651515208e+02 2.269410441228183686e+02 8.311557273734538285e+02 3.335944312501236482e+02 4.162267943207556300e+02
7.144748945088383429e+00 3.896981461036854171e+02 8.099470842843462606e+02 1.247622015984629797e+02 7.837658347803424022e+02 6.446480539563689263e+02 3.643437531201071238e+02 3.728727994407662436e+02 2.991994256082830361e+01 3.402926782615937213e+02 8.578569808564657251e+02 3.636757214309143365e+02 1.917965143264408141e+02 6.577074151378651550e+02 4.727153692016490254e+02 3.983394979515241516e+02 1.072209920641355438e+02 1.320075554268371150e+02 4.755333997674972011e+02
6.901451571228042425e+00 5.099815493587223045e+02 6.179689806282102609e+02 3.288630468752995171e+02 3.468498417615343214e+02 1.144487215420447228e+02 4.246529490698175664e+02 3.803084163663087338e+02 3.650418150913075124e+02 3.942313800139110072e+02 6.656117967449044954e+02 7.590629488455909950e+02 2.691175599062735273e+02 7.471872090848683001e+01 4.387896267545200431e+02 2.137335406968653047e+02 9.036915064254690151e+02 5.372692315252525077e+02 3.484900779674966316e+02
7.080007408068344610e+00 7.334663083846440941e+02 3.822519649185037451e+02 1.511697068547195784e+02 1.545078678386076945e+02 3.553706860454327625e+02 1.121641408311606654e+02 7.595579171303579358e+01 7.789499883025802092e+02 4.295244929496244026e+02 6.888701213690018221e+02 6.228553806214329143e+02 2.927749938452764695e+02 1.444699885522888678e+02 1.712120386888618100e+02 1.337024203208922586e+02 3.500869180575333530e+02 1.127017601701387832e+02 4.287734537897385962e+02
7.118447901890013085e+00 7.992612409542514342e+02 5.197717577464784426e+02 2.785236594214592287e+02 3.947647921836809815e+02 5.863851970206203532e+02 2.089863156130975312e+02 1.549041084829374597e+02 8.405497164765963589e+02 3.922073329624697067e+02 4.383787757447762488e+02 6.019482424709154884e+02 2.343788420049043566e+02 7.642161333718212290e+02 4.756667307946568144e+02 4.911057392514851472e+02 5.255986864616768344e+02 8.900460526124561511e+02 2.645631595902028721e+02
7.438641398991746811e+00 1.406926291062026166e+02 9.923296515970240534e+02 2.151817102861040496e+02 2.244630423498645939e+02 8.897845413784552875e+02 4.935843866856174600e+02 5.521562394143287520e+02 9.595608805316535381e+02 1.441554894193179166e+02 2.664773171306778750e+02 2.235947920769287407e+02 2.326738516728933064e+02 3.522846349650844786e+02 1.420616866654459614e+02 3.858526808493953695e+02 8.594962226692082368e+02 1.292629622978083717e+02 1.622978749957947571e+02
6.617268358201328304e+00 5.583746602297094341e+02 1.319894285109376710e+02 3.682431511041608019e+02 4.679222574007391131e+02 2.283470887870707600e+02 2.533377350933075434e+02 2.030062519119567810e+02 6.256828517099979763e+02 3.668746242129836332e+02 6.488223829981726567e+02 1.629022606799153436e+02 2.728803951298523316e+02 8.256132273919540694e+02 2.467287037624109587e+02 2.887444413866131185e+02 6.566503443611379680e+02 6.856553350960728039e+02 4.876294576861862993e+02
7.093050364674717834e+00 2.005229029235403004e+01 8.644650557211897421e+02 2.988225436584011732e+02 6.212765065446769768e+02 6.077908677575835554e+02 3.331062187924394493e+02 4.478372783989312893e+02 4.157940795682982866e+02 2.544492583892966877e+02 4.161839915338742912e+02 7.466371438453087421e+02 4.423866035863173352e+02 8.975651974460720339e+01 5.242114052799728370e+02 3.948014599863446961e+02 5.358777204322028638e+02 1.584639932285531359e+02 1.624760751103345058e+02
7.019771996293107108e+00 8.407993275400330049e+02 4.799294722839530891e+02 2.234689154515390328e+02 3.255048261442022977e+02 6.700825923749083586e+02 3.822483148702320364e+02 6.497031740578464678e+02 8.108225476678107952e+02 4.252619871951076220e+02 5.438056472331844589e+02 6.730886262289234310e+02 4.622447255180211414e+02 9.801082376058334944e+01 5.448851245877591509e+02 2.058571781172340138e+02 7.588127926367641294e+02 3.904433919808441260e+02 2.582713775575875843e+02
6.953736131400166443e+00 2.324972143919944756e+02 3.036304256958540009e+02 3.056072420597672590e+02 6.073203755337330989e+01 4.835074433245966361e+02 1.862971527293771032e+02 7.875286824118904860e+02 4.848805133882839300e+02 4.731624523118031789e+02 6.952406844778521418e+02 9.475825129763971688e+01 2.728182584015305565e+02 4.308286197956315391e+02 8.217640233909557992e+02 4.685442104027829373e+02 4.828359387535706446e+02 6.315290708437928515e+02 3.286872623952532422e+02
6.870861089214074013e+00 4.036830531122429875e+02 5.528807391913502443e+02 3.587235926707796807e+02 4.466483561087708267e+02 1.292711573190708236e+02 2.840337588140645835e+02 2.277616382336346987e+02 3.975368852562377242e+01 1.489753602369254963e+02 2.662261991035564392e+02 3.123265098000817943e+02 2.264792505794568456e+02 4.685292918603852286e+02 3.555407634378798889e+02 3.289636856834144396e+02 3.469820626439667990e+02 1.524153625502405589e+02 4.903075793771504891e+02
7.210809592202910956e+00 5.607797861679941889e+02 2.229305148219846728e+02 4.784785112217492724e+02 9.812589187575850929e+02 9.557711954176315885e+02 3.253336791767809473e+02 2.236864909650261382e+02 3.232261114446265537e+02 2.026783292866060151e+02 5.377839765779634718e+02 3.287902782436098619e+02 3.037425358548018153e+02 4.418357704664238668e+02 8.686613037787916483e+02 2.060335192926504817e+02 6.296109298048826304e+02 4.640323512139248123e+02 2.793630825760395737e+02
7.258573805373676358e+00 8.326356440388227611e+02 4.022438318086609570e+02 3.823415315225001905e+02 9.046260613583923487e+02 2.686326918326752775e+02 1.210863471213120306e+02 3.899704492052119917e+02 5.029150107809130645e+02 2.009929930971921408e+02 7.803616226172143797e+02 8.426652654382005494e+02 3.822623264491040800e+02 5.195538272342674873e+02 8.451724302687222234e+01 3.914805473685545394e+02 8.493913091810717333e+02 4.579418179713980521e+02 1.435222168189623630e+02
6.612429884080902376e+00 2.379170828597508489e+02 6.109604048860901457e+02 4.022027351375030548e+02 5.418346637134161483e+02 1.962582921787784187e+02 3.029320351927315755e+02 2.645554403604538720e+02 4.223996709664768900e+02 1.014199848193484144e+02 7.463592750908643438e+02 3.177058579920012562e+02 2.197195343237626162e+02 6.239268041070492927e+02 5.443057362833485513e+02 3.406962639033672531e+02 2.298946267772679448e+02 2.394643023895762326e+02 4.005682133000985345e+02
6.872499894545374133e+00 4.755903579578831568e+02 7.719026246470230035e+02 2.865477290663007466e+02 4.193270489138776043e+02 8.446781723523515666e+02 3.356589008637312190e+02 7.460231097790134527e+02 4.526377191423902104e+02 3.886265247920235879e+02 8.020148228557511629e+02 2.681404348190822020e+02 4.715925061897598880e+02 5.309641666748862008e+02 8.234776209614647087e+02 4.495619030005578907e+02 2.483186362928070992e+02 5.043458904174445365e+02 2.016102483082046319e+02
6.576157260658362702e+00 4.857841007371437740e+02 3.160944320403453958e+02 3.379264359401146294e+02 6.942988442905077591e+02 3.463588257560538182e+02 3.469040978495737590e+02 5.788596270083130548e+02 7.025921461406669550e+02 2.084375751082286854e+02 4.357475733889875755e+02 6.645942015012502679e+02 1.231139749524532618e+02 2.963287147329507434e+02 7.531244686815235809e+02 3.287654792202090448e+02 2.193065463983926975e+02 1.524464525094784904e+02 2.001084430044333828e+02
6.634880581870126193e+00 8.020955586104917074e+02 1.345041574363223162e+02 3.687628721032705812e+02 3.806204470003158917e+02 2.029508972423212185e+02 2.753580035474508918e+02 1.740630302457323637e+02 5.829170998803759858e+02 3.859682780290227697e+02 6.019169617529345260e+02 1.607521904061911471e+02 2.713479487600523612e+02 7.623861455459270928e+02 2.361536459694904408e+02 2.216531374517802817e+02 6.720729441643655946e+02 7.405350754228098822e+02 4.919971963855088006e+02
6.955722945388488121e+00 4.053141788369293295e+02 6.931993366454519219e+02 2.416322033614179929e+02 5.882116681531349514e+02 3.701010362531910118e+02 3.360339028825359264e+02 4.873227445034310676e+02 8.616576931101427590e+02 4.103636031337583745e+02 5.617314744624835043e+01 9.040114280362453201e+02 3.886512407584166908e+02 3.428008208681142719e+02 8.597589176941028200e+02 2.650992067101278735e+02 1.715016321584109562e+02 5.938678164922097267e+02 4.591019345573894839e+02
7.193464486066424080e+00 7.231774309834730730e+02 5.115397713323961852e+02 4.717785410087752211e+02 4.648083620301201790e+01 2.265968415132189477e+02 1.367114295948420022e+02 6.840236321898775032e+02 5.702467287368086772e+02 1.495253478433891416e+02 3.418415136814098219e+02 3.165679297015216207e+02 2.203190096002176404e+02 4.382055240578727648e+02 6.815268060608010501e+02 2.504957259798450764e+02 5.370688234299072974e+02 2.291162071677726431e+02 2.483007597354391010e+02
