6.495567622452792733e+00 7.259302194956801486e+02 5.110815429820767122e+02 3.187667390906535729e+02 2.785397719792939597e+02 3.588728900364174592e+02 2.378517364536592140e+02 6.284316371080847148e+02 7.556761379653945596e+02 2.273902759213931404e+02 6.256501203618994396e+02 6.966982325743365436e+02 4.076378262717635153e+02 6.287176127115138797e+02 3.460408907918787236e+02 3.393513558344243393e+02 5.442784274391633517e+02 3.662123711474595211e+02 2.481162259447000906e+02
6.669675641263387966e+00 8.328673521719899782e+02 1.473272120550566058e+02 4.744121139230902600e+02 2.263623339251231243e+02 6.591004473190284898e+02 3.561757394270900932e+02 6.117093207717592804e+02 3.883433720996349052e+02 3.065337781850578835e+02 4.745171541588121045e+02 5.783775919785133510e+02 4.427983248563290317e+02 2.915816243052199184e+02 6.559238341744281797e+02 2.991985590048648191e+02 3.481762624357089635e+02 2.192296841214900383e+02 3.001142786393830306e+02
6.549130155331241099e+00 5.803384560303288708e+02 7.447810334589939885e+02 3.259689311103035152e+02 6.593231246609575464e+02 5.172588504697429244e+02 3.936227998539972646e+02 3.602350219388292771e+02 4.596122480175632745e+02 4.374785649624141115e+02 4.294885594243788773e+02 2.638267115091087476e+02 3.397644954034245757e+02 6.448373248313607746e+02 8.048720645071098261e+02 3.379072144809458678e+02 4.304285448667367291e+02 7.283304323856272049e+02 1.685474376191678516e+02
6.800813966207799766e+00 6.010377151246862013e+02 3.580441051591589599e+02 3.621423215213328035e+02 8.241223454899668468e+02 7.494960393118929005e+02 1.113662703383289454e+02 5.005283646303959131e+02 4.539956926341861845e+02 4.317023562720258383e+02 7.888335325089061598e+02 7.113642794038976263e+02 1.114334779939772773e+02 4.268533641363500237e+02 3.372562790824464400e+02 3.603783957052103233e+02 4.398801931736784354e+02 2.170906184371918357e+02 2.654582676854421379e+02
6.453439874693758682e+00 1.712614027610562175e+02 6.801797860405856682e+02 2.547422502058610121e+02 3.416458109425035445e+02 6.000544123699580723e+02 3.019803818495940959e+02 5.193980316884296826e+02 5.549861517786207514e+02 3.391582693531901782e+02 2.818768987836173210e+02 4.970993328745304325e+02 3.851561785765629793e+02 5.429824765651142116e+02 5.758494521456711936e+02 2.690317265676409875e+02 6.937706979109944996e+02 4.608404843296081026e+02 3.694139501528847518e+02
6.607489291697814515e+00 2.399964127415149164e+02 7.416830388172236326e+02 2.711336645675182808e+02 6.019886040510058365e+02 6.748801883197237430e+02 3.267479306842355982e+02 5.595693725881266118e+02 1.621210504644910770e+02 2.247639433938159925e+02 5.328840175938953507e+02 5.272454729924891126e+02 3.129992896950166710e+02 4.748231566547674447e+02 3.327945228757815812e+02 3.951572673263990509e+02 4.013529691021306576e+02 2.373656794152270209e+02 2.972038421299640731e+02
6.622526644064583579e+00 2.972090458650465621e+02 6.425370939551650054e+02 3.669032681681430859e+02 3.887968561005284869e+02 2.491705231508477141e+02 2.118332171859758546e+02 5.296199523450775359e+02 5.038508073890950527e+02 1.584539730913457731e+02 4.874731037466826251e+02 2.267197128325359472e+02 3.632891489206650135e+02 6.746465867826934755e+02 5.088849508679213614e+02 3.660439951884424090e+02 5.854265591522078012e+02 1.506686080666468115e+02 1.843891743439899642e+02
6.624864944675833200e+00 8.020955586104917074e+02 1.345041574363223162e+02 3.687628721032705812e+02 3.806204470003158349e+02 2.029508972423212185e+02 2.753580035474508350e+02 1.740630302457323353e+02 3.849979148583698816e+02 3.859682780290227697e+02 6.019169617529345260e+02 1.607521904061911471e+02 2.713479487600523044e+02 7.623861455459270928e+02 2.361536459694904693e+02 2.216531374517802817e+02 6.624870726605809068e+02 7.405350754228099959e+02 3.929232035968047398e+02
6.078071725940652037e+00 5.242300381641824742e+02 4.269345616567144930e+02 2.604385848920085209e+02 2.806731994732950852e+02 5.694530000308302533e+02 3.232280397959514744e+02 4.666845050969978956e+02 2.620891155548650318e+02 4.148884852222797122e+02 4.414345394035691470e+02 4.036764304307416751e+02 2.712228404008036478e+02 5.780418209834823529e+02 2.280881913162527894e+02 3.029926058751914297e+02 7.208901527332586738e+02 6.470601992687418260e+02 3.764108750226714619e+02
6.361016648414441477e+00 3.514203693356550957e+02 8.215917249494129919e+02 3.630083381933457076e+02 7.388246713385422026e+02 3.272613283131119601e+02 3.360554695962009077e+02 4.420429885863858317e+02 6.186467049661932833e+02 3.161200955883525126e+02 5.195223300804616429e+02 3.084669382326280243e+02 3.549087337089068228e+02 6.349149432820544234e+02 7.035850409053550720e+02 3.179470084727262247e+02 4.765496153724216128e+02 1.085920047334187757e+02 1.835873074983531978e+02
6.793451316083941371e+00 4.557172814882439980e+02 2.766463069474885401e+02 3.675717183889237276e+02 2.521865451878699673e+02 6.193064204879021872e+02 3.058435519563897174e+02 3.511849652724689577e+02 6.953562847741432051e+01 3.124331395269261407e+02 7.570342439568410100e+02 2.168226582772317954e+02 3.858350526272665206e+02 9.146723552227140317e+02 1.441151506462480256e+02 3.575434754484393238e+02 5.236593539010841596e+02 8.739924858689580560e+02 4.477812704782468245e+02
6.283778155152838885e+00 5.660737654992892658e+02 6.275847324204615916e+02 3.888597688102908023e+02 7.025659292794528028e+02 8.711788585077468952e+02 2.511708343002891581e+02 5.954467105957958211e+02 4.808744234547772294e+02 2.304704063498724622e+02 5.697964550362505634e+02 5.175091310715527015e+02 4.151631019256727768e+02 3.996166308629728974e+02 6.752154066585824239e+02 4.607618074487317017e+02 4.388354551678315829e+02 7.083422504401224842e+02 1.847038900980259939e+02
6.413523669692226647e+00 4.314794817695652682e+02 5.954925647424256567e+02 4.081012873300149977e+02 3.116959469407657366e+02 2.172283909177765509e+02 1.724965001513129437e+02 4.998169726223540010e+02 1.939075616120040308e+02 2.286482306256929178e+02 9.856531219696324797e+01 3.379407851746017855e+02 2.457407849681258085e+02 5.487746018628955653e+02 3.559853228630917101e+02 4.313040973437039156e+02 5.159198536627445719e+02 2.055231922480179492e+02 3.820310814783108526e+02
6.291256406395765666e+00 6.817598813978054295e+02 1.570645726456734792e+02 4.860389114978371481e+02 5.778275029314579569e+02 4.567009643703349298e+02 2.828819382519386636e+02 7.495531095246103632e+02 1.256680962308783762e+02 1.134795349597971779e+02 5.506896178649180911e+02 4.183847770739969292e+02 3.967045262170437354e+02 5.889736020207142246e+02 4.244103516183910187e+02 3.640130339859749142e+02 8.229184423294753969e+02 2.318134731958949715e+02 2.456518550202127074e+02
6.583728306803628527e+00 9.297084222062932213e+01 3.831195473831508025e+02 4.908611544938803490e+02 4.266258621781094575e+02 8.331168358588552110e+02 3.715565652597161375e+02 8.326590875959022924e+02 7.202670066036220078e+02 2.685271390083420897e+02 7.874104541264464387e+02 5.426357564841064232e+02 3.975085854551628586e+02 7.390373729536489691e+02 5.488041044178364700e+02 2.985243172656917068e+02 7.493812390587559094e+02 5.396439921772018806e+02 2.905002685432557428e+02
6.702398494807700224e+00 7.981972679503741119e+02 6.701341315604046258e+02 3.861403390599736554e+02 2.413269127334692143e+02 6.223204068706377257e+02 3.698461744371764439e+02 4.240384718644786517e+02 7.126153619812190527e+02 1.564787676039906330e+02 3.574269628037337725e+02 3.668944878472775031e+02 3.836338320786991289e+02 4.553396178197456265e+02 8.514237970652948206e+02 2.180458966075923399e+02 7.270295966739959113e+02 2.206524600688507007e+02 3.122293359001251929e+02
6.202550656157381326e+00 7.319310323308834541e+02 3.288570659802001046e+02 4.492780896809645128e+02 9.162821068055731075e+02 1.749958099022103113e+02 2.779763108703871808e+02 7.187419627166091232e+02 5.825375064969204004e+02 2.874247139375331699e+02 6.115965480000442085e+02 4.646258188574847168e+02 3.413664615476975541e+02 7.183437482133390404e+02 5.160161875790219028e+02 2.986597000762268976e+02 8.780755915001510630e+02 3.005419631153930595e+02 2.217779753419692668e+02
6.148296714493370452e+00 9.983098995604589163e+02 6.048113152674764024e+02 3.846242319680848141e+02 7.544720782079152741e+02 7.793321977909879479e+02 3.517913945265840425e+02 7.183707233764519060e+02 6.616590987472574170e+02 2.594666622533095506e+02 7.003921400566491684e+02 4.500764657019843753e+02 3.536567044315946760e+02 5.464619729728674429e+02 6.819613836298038905e+02 1.917446304297174606e+02 7.715492064693264638e+02 4.344450702307856318e+02 3.322139702637531400e+02
5.974466337410953898e+00 4.996165467461725029e+02 7.135574409916105196e+02 3.229113933230793805e+02 5.442554442121409011e+02 6.923876463157110948e+02 2.555967550842600247e+02 7.655427893571107916e+02 7.430003006490816233e+02 3.962015682405819916e+02 5.980020205045049124e+02 6.310648771584144470e+02 3.974465443351702447e+02 7.299204824506417708e+02 3.859001625870086514e+02 3.387777371566408533e+02 7.866453608300877249e+02 6.842177773030851995e+02 2.076699348864439685e+02
6.519874378737583243e+00 6.685735746140255742e+02 4.896555132093682232e+02 3.451317325840579429e+02 5.474516968667556966e+02 8.534374488183962058e+02 3.345629606388258139e+02 7.618988297830405827e+02 4.362317028854337195e+02 4.655806424841575222e+02 4.914323587503091630e+02 4.540371994969245293e+02 3.527226624193648945e+02 5.013218049598301604e+02 1.982521456689866000e+02 4.215649983927476114e+02 7.469179966297338069e+02 3.766262692444427103e+02 4.065166914396075981e+02
6.621816486101668175e+00 3.909406897964689733e+02 5.102612502450098191e+02 4.296503320312009464e+02 6.230424427014692128e+02 3.484571503366375396e+02 3.333115290207381349e+02 7.484685658939619088e+02 2.311124556674061523e+02 4.910959014230547268e+02 8.625094638769051016e+02 2.833786971924083673e+02 2.726428955645299084e+02 8.556096159890560102e+02 4.912519933081543400e+02 3.994573194153649069e+02 4.452346050393761629e+02 7.273479848118140580e+02 2.888606415035187069e+02
6.761657828796222347e+00 4.076814096909760110e+02 4.960216221259770464e+02 3.772252170590772948e+02 3.191338718490475230e+02 6.142775336629230196e+02 3.269855292107395144e+02 3.254066302520790259e+02 3.147070189226051866e+02 4.180160997730873760e+02 6.054303556532645416e+02 6.157386454707141183e+02 4.591781336741527184e+02 3.625532535257395352e+02 1.401443024905364894e+02 3.539668189114919983e+02 2.937674098036775376e+02 8.128816191320743201e+02 3.177015169282319675e+02
6.622548453780469302e+00 7.425177837861663193e+02 6.191583703163802284e+02 3.552847851141993942e+02 3.778996073235761628e+02 3.815376117304474519e+02 3.802120367192871981e+02 7.278815949832589922e+02 4.581495091003178004e+02 4.473961127518888361e+02 7.027210874155641704e+02 3.222627845643825140e+02 3.498798094218309416e+02 8.086018859873346400e+02 8.840586064570412645e+02 3.625416140361134580e+02 3.491932011898293240e+02 7.044785013832438381e+02 2.586134318232822693e+02
5.627084740064359991e+00 7.035605941330561564e+02 4.947989956648146972e+02 3.118539821704702604e+02 2.857214127019434500e+02 3.845274447164878211e+02 3.037386553912089084e+02 6.141932789128210288e+02 3.741134622257372939e+02 2.842372819461502331e+02 6.115987534655397440e+02 6.644513566643265676e+02 3.617458426927755681e+02 6.310334231208240681e+02 3.333357765795705632e+02 3.414096483193945915e+02 5.641591124591526523e+02 3.928503592805171820e+02 2.617212751598524960e+02
6.702726723546516219e+00 7.404854742892359809e+02 6.707466321129455764e+02 3.555196385948497664e+02 3.054622847793039000e+02 3.589602574348241433e+02 3.931776291089283859e+02 6.843346909420276916e+02 3.626801515318008455e+02 4.583343707887323717e+02 6.372607118191044719e+02 3.569064104118726277e+02 2.900793251571261635e+02 1.998676760311424232e+02 9.100799651021791306e+02 3.053392058919786223e+02 3.663872839289542185e+02 7.117578232834288201e+02 2.634129173770235752e+02
6.565202745866502099e+00 7.567650394379226100e+02 2.923719956319451967e+02 2.446296435408626166e+02 7.419577687613776789e+02 7.485706555700235185e+02 3.404581590015328061e+02 7.004774425719955389e+02 6.389235650904885233e+02 3.087860536926600616e+02 7.035604429813150773e+02 8.334975397927994436e+02 3.100753130122420202e+02 8.156547069991703438e+02 6.121541678320427309e+02 1.479781357681938232e+02 3.676224813612644766e+02 7.068029649505509724e+02 4.674578940716016859e+02
6.084478735425167706e+00 4.890089139109651910e+02 5.554106699589907521e+02 4.330874127551803099e+02 8.654354831868187148e+02 5.409397163086207456e+02 3.136784781329817520e+02 8.566605182060321795e+02 5.228054301940906043e+02 3.541975195575946600e+02 5.603971400135804970e+02 5.363161191464457715e+02 1.138567294028501351e+02 5.379581264420179423e+02 4.840213183926418310e+02 3.558479360307954948e+02 6.979482293123538739e+02 6.686064331724362546e+02 3.861660798124264602e+02
6.657734102316185343e+00 9.207349515848156898e+02 2.263008732965034255e+02 2.634304404576249112e+02 4.047236653521304675e+02 2.105619973301698451e+02 3.476674493605517569e+02 6.817133924126201237e+02 4.451687285532007650e+02 2.549913785944129359e+02 5.917838763072812753e+02 5.736723614068138204e+02 3.599978777396052578e+02 5.868694092522920300e+02 7.190999159567633114e+02 3.988283814467161505e+02 1.306831355286028611e+02 2.529776520962129780e+02 3.206024257127305077e+02
5.939420238607147517e+00 2.181792104612621301e+02 5.602170721969198439e+02 3.391365610842548790e+02 5.518148548279675651e+02 5.348526790922371674e+02 3.332315184521228844e+02 5.116638946735832292e+02 3.045762937944132318e+02 4.548678717902179756e+02 2.822598778113455751e+02 6.901779879494195029e+02 3.293078101366926944e+02 2.458791230476529677e+02 4.070730179667964990e+02 3.922666335439784007e+02 4.035732928530389358e+02 6.053980493184038778e+02 3.461438276859199732e+02
6.490923721807815738e+00 6.214804637441311570e+02 2.443316706415000112e+02 4.211270031517304915e+02 4.036573142472605582e+02 3.195631826219489540e+02 1.940774319231818197e+02 6.228970596227175065e+02 2.079774267545506063e+02 3.909774567710442739e+02 6.098013084367549936e+02 2.870462441148697508e+02 4.404052725766751450e+02 6.665523364380138673e+02 3.904557439409979906e+02 2.392431564622952465e+02 8.224490636171010465e+02 3.976943502523385519e+02 4.173980656892319985e+02
6.513867899637386216e+00 5.199353858745266734e+02 3.806249733051896555e+02 2.624860082755270696e+02 3.861024146448636429e+02 3.743848102493946044e+02 4.742034755235704893e+02 6.342073785985503491e+02 2.246692454932159535e+02 1.525328810255443841e+02 3.568986199570546205e+02 3.160034169328024518e+02 4.024148821847422255e+02 6.561991916317778077e+02 3.560544550641383239e+02 2.627402263016925872e+02 6.226916508424955055e+02 1.279877955656535278e+02 4.382525268343669040e+02
6.469739938566685389e+00 3.796586192085964058e+02 3.126952082116869178e+02 3.367439027514716372e+02 8.222625931047632548e+02 2.641922985079472710e+02 3.406327744232526129e+02 8.520167985535031221e+02 4.515390386301311310e+02 1.824655858021079098e+02 5.257844362956648183e+02 2.796593296578520835e+02 3.177858887821612939e+02 6.385280091402580638e+02 6.787719046354097827e+02 3.613680388083091088e+02 8.028199677372457472e+02 3.011778303126695278e+01 2.256227909849443733e+02
6.457428794173353026e+00 7.446746640109158761e+02 1.190300429159378268e+02 3.352901824658801502e+02 6.250397071188201608e+02 2.504720643294084539e+02 3.676690962317139793e+02 5.227907769349062619e+02 6.633584743350309054e+02 3.234340451697203207e+02 4.591108936915164804e+02 3.122010704865187449e+02 3.569876126084648718e+02 6.909245985362150577e+02 7.754533052818060241e+02 1.797104663679376131e+02 7.240457128119182926e+02 6.722253404869375117e+02 4.222590976072340254e+02
6.447049319097213349e+00 6.273661899559020867e+02 5.408157469705668063e+02 3.336590185990716009e+02 5.802204904865391200e+02 6.411693965622866926e+02 3.560237151560553457e+02 3.406093890568917004e+02 5.998608583511264669e+02 4.556743135703217149e+02 5.952926218306951114e+02 7.715735405004943459e+02 2.387390914272019415e+02 3.170347763117579802e+02 7.869900191590120357e+02 1.462925280555255085e+02 1.592406557347296996e+02 5.329104230103814643e+02 3.428165407884087585e+02
6.290064776681073333e+00 3.853721087706764479e+02 6.509933662490792585e+02 3.348219837310736580e+02 6.689026792811658879e+02 5.656049612677329606e+02 3.153351769439248642e+02 4.448369513295178308e+02 4.217832575354379401e+02 2.201423720847538164e+02 3.477026010201934696e+02 3.636122460202022353e+02 1.250407154140991963e+02 4.606545603615696791e+02 5.197457052505878892e+02 4.522304546300995298e+02 4.202336402522997787e+02 4.573285269770984769e+02 3.112776966487607524e+02
6.305749843903804219e+00 5.662825550167277697e+02 4.218125758329393875e+02 2.799403031774955366e+02 4.310614920497399680e+02 3.919182852071437537e+02 3.522471735238264614e+02 5.861345540640318177e+02 2.484644970353223812e+02 1.441930517225760298e+02 3.672727013175726825e+02 3.517554248335977718e+02 3.974545229488803102e+02 6.286139831610094006e+02 3.854002746662204686e+02 2.842048017540776641e+02 6.270479132604317556e+02 1.676581080329347628e+02 3.012566376607642837e+02
6.416998135641080125e+00 1.856801379033704222e+02 4.460756475606160620e+02 4.375549454414205570e+02 4.923344795144299155e+02 4.700853660941534145e+02 2.611635632490894068e+02 5.189730947515078014e+02 4.356886975949819885e+02 3.466057083389816853e+02 2.536449615300583673e+02 5.130782273256666031e+02 1.079151529962860536e+02 2.747217272991308050e+02 5.545034707663294284e+02 4.715145468694946658e+02 5.130493002950493064e+02 2.733214063261499973e+02 1.899476895521402469e+02
6.455077773233343308e+00 6.214804637441311570e+02 2.443316706415000112e+02 4.211270031517304915e+02 4.036573142472606150e+02 3.195631826219489540e+02 1.940774319231818197e+02 6.228970596227175065e+02 2.079774267545505495e+02 4.266838254352263107e+02 6.098013084367549936e+02 4.827044221041725223e+02 4.404052725766751450e+02 6.665523364380138673e+02 3.904557439409979906e+02 2.392431564622951896e+02 8.224490636171010465e+02 3.976943502523385519e+02 4.173980656892319985e+02
6.645698412461018556e+00 4.187093733121229775e+02 9.122209403410581672e+02 2.937419743315048208e+02 4.367667339694790485e+02 7.034093250520462561e+02 1.818839990856748727e+02 5.347796408478875492e+02 5.830356869046055408e+02 3.492672328196644003e+02 5.259316634332556077e+02 7.268397954357736808e+02 1.367011940547637323e+02 6.938161489878636985e+02 4.422676147505128483e+02 2.725623773262137775e+02 4.689024053467723547e+02 8.601004415568348804e+02 3.627706063745256415e+02
6.166547979316771233e+00 7.342589111054048772e+02 5.199123353782039203e+02 3.655895498500410667e+02 8.628646294161329706e+02 5.089587104225052485e+02 3.155980342964063539e+02 8.640029768513923045e+02 1.891887188581740702e+02 2.688207708375572338e+02 4.840504721133985981e+02 3.240848904143327900e+02 3.384942000308392380e+02 6.958924950391062794e+02 3.391467944917343402e+02 2.783179014783962657e+02 6.328157666454701484e+02 3.836527233478198582e+02 2.238153976011245732e+02
6.594464836480225856e+00 7.572223335813946505e+02 6.650921225924259943e+02 3.333635748935420224e+02 7.538341836618795924e+02 1.975482814317572036e+02 2.714014094968605377e+02 2.192937042732184523e+02 1.979649071266559872e+02 3.350398224076923839e+02 1.455563656963375649e+02 2.019712763284192647e+02 3.492794201437953348e+02 5.414826557824994779e+02 2.582280320499046411e+02 4.031300883811369999e+02 5.817325341019152347e+02 4.332543000036851026e+02 3.210097737051276567e+02
6.265698153367405432e+00 7.853884556755814401e+02 4.531781255980586707e+02 2.756066405188954604e+02 5.022996257569095633e+02 3.243646589929673496e+02 2.025971709962070122e+02 5.566443393766732015e+02 5.683375207943097394e+02 2.795915206716298371e+02 6.506135584135196268e+02 1.662653871855555963e+02 4.136282453757034432e+02 8.411181793218918301e+02 5.094221952007234222e+02 1.354305960011964771e+02 4.831652872339502665e+02 5.665648545359559876e+02 2.973085191570060601e+02
6.427958503577443139e+00 5.941404544930542215e+02 6.136794897198675471e+02 3.544908545200677850e+02 7.456837143348052450e+02 1.336283905905239635e+02 2.992485842378370080e+02 6.190773638323504429e+02 9.149864622889112979e+02 3.247567064061476003e+02 9.295166968157527663e+02 3.682742551886101410e+02 4.236256897447749452e+02 6.233682220653830655e+02 5.092690290056104914e+02 3.171369571472487792e+02 6.970732644899494517e+02 3.563994966806158118e+02 3.420743061290619949e+02
6.509572696847039985e+00 1.645207411913892201e+02 4.028106723912952702e+02 3.227232613337012026e+02 6.675491920954559646e+02 1.661348806541377030e+02 3.656854737403750732e+02 4.438321488675493924e+02 4.910246109912384327e+02 1.198916469821835449e+02 6.570724833118988499e+02 5.110722322783991558e+02 4.939429333303953058e+02 3.285478686080342641e+02 3.220049310833348386e+02 3.799985998577124064e+02 6.286527896254719963e+02 2.809113705145063022e+02 3.842734907788308192e+02
6.316911637202860419e+00 4.291431138490117405e+02 7.070951353432080850e+02 2.317516603868702703e+02 7.443913932398577344e+02 6.882249729773183162e+02 2.113111973803609374e+02 3.528482737918490670e+02 8.859144298707277585e+02 3.730788468787001193e+02 5.434508637593205549e+02 4.317656500342957315e+02 2.882138581569362259e+02 4.983649162424696328e+02 8.390489123263846523e+02 2.870467896034268733e+02 5.917862799439719765e+02 5.857982966367272866e+02 2.697426078852063256e+02
6.506339345092823301e+00 4.916339558566158416e+02 5.807064444633026596e+02 4.157080259412078362e+02 7.575978698865686738e+02 2.642148764337400735e+02 2.929349681650717230e+02 5.771069442605727318e+02 2.917569447404073344e+02 1.837346282770153323e+02 4.570970302388558366e+02 4.709075027108005429e+02 2.138636678228035066e+02 4.540843848346289633e+02 7.246290290318765983e+02 3.417944608467083754e+02 4.637250220762603021e+02 2.029568774735190573e+02 3.364102640809391005e+02
6.747957078806451570e+00 5.201849625813728153e+02 4.066695953838028004e+02 2.229739405333052105e+02 5.074650894557127003e+02 2.617700310726625617e+02 2.796059978303929370e+02 3.462348794631303122e+02 7.385638322662208566e+02 4.621513207481002041e+02 6.711067523030030770e+02 1.332498426990484575e+02 1.718489686376236136e+02 8.233042884150249847e+02 4.550951812184054006e+02 3.448575712958621580e+02 5.466765435250849805e+02 6.598787551415485950e+02 3.966433258950390268e+02
6.258473525310931151e+00 5.022339658694402260e+02 3.482560698094568465e+02 2.496391698888202200e+02 3.503561792057885782e+02 6.154184368371209075e+02 3.024902708159794997e+02 4.860480551554481394e+02 3.463816913481668962e+02 3.991229065669414240e+02 4.851364513983027109e+02 3.742294734742370110e+02 3.289281596925836766e+02 6.518757168046161041e+02 2.189897486687970627e+02 3.599342806841277138e+02 7.430852776390564713e+02 6.325922524780360163e+02 3.841667180962243719e+02
6.158766430086406451e+00 6.537609759040241215e+02 7.885754895038948007e+02 3.727278542429052095e+02 6.170900062598180966e+02 5.433148332995233432e+02 2.631886339175567855e+02 6.944459702834991504e+02 7.078216654035500142e+02 4.277177106327191609e+02 5.873994356143142568e+02 4.124679025082162411e+02 2.406977750851053770e+02 5.315140603316260695e+02 6.037891255427900887e+02 3.307681056875443346e+02 6.737521144131814026e+02 7.169402509071686609e+02 2.997080138036054677e+02
6.608304854271493056e+00 5.287422662490561152e+02 1.926614078875300606e+02 3.155944592091266259e+02 2.088183101771396650e+02 4.308188759131901406e+02 3.309457817565087794e+02 7.089525136804502381e+01 4.622081209390671575e+02 1.410411960653390793e+02 4.028350892292252183e+02 5.336420946646311450e+02 4.839308322356696976e+02 2.326759936445036487e+02 3.757315833236798426e+02 3.110976435761215271e+02 7.004261522056810918e+02 3.296925851629353588e+02 3.504410196436384695e+02
6.392179026319698032e+00 5.022339658694402260e+02 3.482560698094568465e+02 2.496391698888202200e+02 3.503561792057886350e+02 6.154184368371209075e+02 3.024902708159794997e+02 4.860480551554481394e+02 3.463816913481668394e+02 4.387966495271436997e+02 4.851364513983027109e+02 3.742294734742370110e+02 3.289281596925836766e+02 6.518757168046161041e+02 2.189897486687970627e+02 3.599342806841276570e+02 7.430852776390564713e+02 6.325922524780360163e+02 3.841667180962243719e+02
6.588317469421325789e+00 3.578829848490636323e+02 7.800925710324579541e+02 3.799199441078399104e+02 1.872773840883935179e+02 5.043825570965389602e+02 1.317752343430684050e+02 5.154617244763244344e+02 5.139696024207891014e+02 3.664372177197413976e+02 6.758092140204389580e+02 4.183104076197892596e+02 2.261204704505137499e+02 5.561313626822418428e+02 3.960405727261828588e+02 4.299672981809147814e+02 7.808895105682082658e+02 6.776482571599693756e+02 3.530578725358141128e+02
6.723960707546726923e+00 7.402112388590629735e+02 3.063272970488849296e+02 3.913803976766129153e+02 4.224415477859345742e+02 9.129586082379596519e+02 4.475085567453215845e+02 3.998305225521835382e+02 4.624934403077780303e+02 3.061043238105756359e+02 5.567292095354725916e+02 8.976455992933490506e+02 4.907464754149931991e+02 6.450342802026679010e+02 6.490138545200700264e+02 3.958331133426757447e+02 3.735741837840587891e+02 2.297818783630365260e+02 3.931958776498066754e+02
6.605113064410604196e+00 7.477219930115715840e+01 4.083809482564603286e+02 3.555741091748239455e+02 1.308346899656468167e+02 5.181535152160972757e+02 3.068267703065014871e+02 4.178311817549833904e+02 4.493467758482574936e+02 2.001358373264233137e+02 3.446147434710497350e+02 3.458442839708391148e+02 2.999017815274402210e+02 5.204115743490388013e+02 4.305666162050972616e+02 4.162077492419689406e+02 4.387294877629977918e+02 2.182972835536426714e+02 4.416509816343038892e+02
6.599053259261246751e+00 7.681366415886052437e+02 8.127882714534518982e+01 3.264100033504808493e+02 6.536544429799947693e+02 3.233633171611754733e+02 1.941869294841016540e+02 7.182900905193879453e+02 4.963660282326533206e+02 4.645498087208290485e+02 4.896010159107899540e+02 2.011661388436858147e+02 3.557024445455078876e+02 6.036696148556002299e+02 4.135918907927358532e+02 3.523512303524279332e+02 9.846416583088566767e+02 4.108340079128907973e+02 4.059303150263294242e+02
6.456863886226313021e+00 4.421708862700641021e+02 7.358695043740458459e+02 3.619911824179567930e+02 3.798175572870527503e+02 4.506415586078860542e+02 3.038773647884566458e+02 5.045728023778530087e+02 3.771947701010229821e+02 2.411657481470391247e+02 7.723878090425504297e+02 5.516327880483007675e+02 3.653922519150191306e+02 7.470516635245091948e+02 2.977012895580882628e+02 2.977597745997902621e+02 6.749124237203886878e+02 8.126617990297730785e+02 2.688192943743149499e+02
6.782806239808667925e+00 5.343964893137333547e+02 4.789337808884221772e+02 3.030891158998624064e+02 8.147258013864116037e+02 3.823874887168569217e+02 3.640938904699397654e+02 4.364738014327409132e+02 4.813817819437730918e+02 3.793979973194308855e+02 7.842208966208843322e+02 1.354388291075492248e+02 1.637178409862870296e+02 6.368860228349628869e+02 8.005008964973999355e+02 3.766334360334936946e+02 4.108754587108717260e+01 5.991372627590648108e+02 4.396620223560433374e+02
6.415119598009507484e+00 3.378544991472475090e+02 8.318669207351495061e+02 1.268263705590062500e+02 4.203958826081900497e+02 2.629598364777437496e+02 3.172788800230506467e+02 7.531327606537145130e+02 6.324182126809793090e+02 2.807663442520668013e+02 4.803637511367418256e+02 6.235229323050249377e+02 1.406763790849361158e+02 4.685038115944827268e+02 6.981412665876441679e+02 3.645095768954343498e+02 5.306566298654623779e+02 5.633562561310943693e+02 3.893977707121504181e+02
6.649780253582366463e+00 3.250350482003307775e+02 8.741845755205191608e+02 3.756049124494040825e+02 7.819878371310702505e+02 2.952438718104443183e+02 3.397849361273366071e+02 4.371535367453789149e+02 6.488983731459741193e+02 2.628156244127289938e+02 5.233429832673682540e+02 3.011599898724492732e+02 3.577954641551649502e+02 6.330304128906586811e+02 7.574289622649725970e+02 3.132817560047927827e+02 4.469345417872399935e+02 7.533720848056157138e+02 1.613007063208119689e+02
6.070084761824348085e+00 6.631536003643251433e+02 5.382094548056061285e+02 2.644760187143363623e+02 7.212428501762969972e+02 3.652399570207035140e+02 2.724715337145719332e+02 2.816887465926484424e+02 3.181563136012015320e+02 3.631608861930272383e+02 4.437522651176609543e+02 3.519818350569392464e+02 2.653851251672709850e+02 6.232979151234019355e+02 1.432109616261018346e+02 2.686772564897635789e+02 6.379335563219044616e+02 5.782272103322059138e+02 4.258084536275158030e+02
6.843050164448440498e+00 9.043253116189832781e+02 2.402671959395526073e+02 3.823493696805259674e+02 7.459782703018245229e+02 8.311575042286781354e+02 4.484078698192000161e+02 5.018319405579874228e+02 5.724525117980140294e+02 4.965042816091394684e+02 5.989679321587750565e+02 1.558531709369423197e+02 1.698590751638434995e+02 6.370723777842912341e+02 3.458557402222089081e+02 3.492927380522774001e+02 7.254732039251985043e+02 9.595603360815797487e+02 2.966781437906176961e+02
6.179293674720457652e+00 6.253819411798834835e+02 5.793891909012172619e+02 2.818987600907033766e+02 3.661787284973294163e+02 3.254261680599706210e+02 2.807847532105708410e+02 8.038966433245626604e+02 2.688182831270245288e+02 2.835409862309692812e+02 5.631847194023159773e+02 3.311255607468606286e+02 4.172773365245429318e+02 4.395194052503720741e+02 4.410048104862877949e+02 3.541502254100334426e+02 4.427861872931667335e+02 4.354753797585938173e+02 4.003178215211585780e+02
6.415838755145691685e+00 6.211071743482513057e+02 4.402813517338890392e+02 2.945682567701140897e+02 6.173532574168663132e+02 4.976582978998702060e+02 4.091932826492914046e+02 5.061922145549683023e+02 6.884760345600697065e+02 3.737686469766811115e+02 3.471501403374101073e+02 3.389351195744910683e+02 3.398784959740633553e+02 3.232379141588507991e+02 7.523702976052720715e+02 4.475999179700821742e+02 7.153639392623175581e+02 6.722253404869375117e+02 1.897657975778406012e+02
6.368582375492619185e+00 9.534060756448100165e+02 6.355271122180063230e+02 3.155168310270560710e+02 8.822381022173226484e+02 6.152241672806426322e+02 2.586393944671737017e+02 5.103661573311727011e+02 8.184373136451442861e+02 3.889012153949757931e+02 7.666564054113162001e+02 2.585705450331972770e+02 2.634118917744536361e+02 6.142907657694472618e+02 3.868419875898772489e+02 2.991497681199420526e+02 5.715522927176061785e+02 5.018495020561639421e+02 3.372428174591600509e+02
6.223142301638205254e+00 3.017869809515378279e+02 5.189263452812064088e+02 3.482707638167161122e+02 7.002809962765395539e+02 2.989796434352356869e+02 3.674156486558750885e+02 6.279388478787994927e+02 3.812218161395198308e+02 2.019535138291747103e+02 7.080933702028925154e+02 5.329518600291662551e+02 4.497467636542847345e+02 4.250369503640866355e+02 5.279201264080293186e+02 3.436726724897495728e+02 3.521888609484046242e+02 3.652015993987097318e+02 1.894362316380778566e+02
6.277188027457040853e+00 6.016839986788631904e+02 4.529739504448439220e+02 4.114075296488610434e+02 4.663719960065047871e+02 3.609320757476105541e+02 1.754134398412070368e+02 6.403242546753227771e+02 2.838407449685222446e+02 4.124948046454218229e+02 6.491330292320152466e+02 4.562021608433183246e+02 4.923400599392771824e+02 7.330028426770342094e+02 3.822671455582878366e+02 2.904906637903378623e+02 8.424246760323190983e+02 3.846731981407033345e+02 2.344835907030511635e+02
6.367051548934774985e+00 7.097910197342541778e+02 3.502362196377195005e+02 3.514792364124471078e+02 1.934436592393828960e+02 6.082155768887172371e+02 3.498370796693509419e+02 9.132686233035906298e+02 6.515762012687831657e+02 2.132823873830851653e+02 5.954954727733571644e+02 4.103198440907037821e+02 3.518576156887514799e+02 7.633779865822937154e+02 7.533752428077054901e+02 1.148226990454239171e+02 6.283853527436009472e+02 2.998373370019825188e+02 3.489921244781760379e+02
6.769909652240803766e+00 5.853210965752714401e+02 9.057550035675843674e+02 3.419269126193478883e+02 1.131848970131488841e+01 4.677221781820313140e+02 1.109415948689577931e+02 7.450660442592716208e+02 3.673541984800216369e+02 2.902547165843163839e+02 3.969157580807448085e+02 6.430558208526496173e+02 3.491765943276443522e+02 4.183731020578114794e+02 8.734754182204540029e+02 1.549609723196513471e+02 4.004496813117334000e+02 3.599312601557688822e+02 2.420757694021654061e+02
6.632736974816743292e+00 2.669996011986813187e+02 5.691305051862341315e+02 3.921259229693808948e+02 7.475138405620915591e+02 2.944157015455184023e+02 2.802906905024809703e+02 2.846966046149328804e+02 4.209488062836915674e+02 1.290605062870639586e+02 7.018752343266089611e+02 3.329200379224176345e+02 2.028819699073800962e+02 6.288881605587888544e+02 5.144088881771150454e+02 3.278810932113591434e+02 2.769477793201093050e+02 2.465146983596183645e+02 3.910040399458970910e+02
6.551782053333589317e+00 6.080329603541516690e+02 5.061956580433079580e+02 3.623587362481222840e+02 6.884840042846218466e+02 5.530616794508135854e+02 2.620537269325238867e+02 8.316136623218779960e+02 6.342292390295185669e+02 2.802623955980905066e+02 9.178193860365331602e+02 3.236377555774571988e+02 2.252251655959960033e+02 4.571804530085075271e+02 6.834162981352899351e+02 2.970375975278435021e+02 5.624319506755346083e+02 2.090756453264323795e+02 4.312381674003846115e+02
6.677749762271965928e+00 7.842277443118393876e+02 2.413098283639402553e+02 2.789748951229287286e+02 2.375836041237479321e+02 6.989825072436419759e+02 3.797111986182192140e+02 3.798386012356411356e+02 2.869149256955522560e+02 4.655293325556486934e+02 6.911830232965859295e+02 6.502294503270437644e+02 3.062197471202471206e+02 2.590196460008477857e+02 4.642846276835741719e+02 1.811480909802459962e+02 2.541490077638057414e+02 8.291332908975025475e+02 4.337667395913100563e+02
6.247649854728454244e+00 6.369427486298835674e+02 2.757010015444456030e+02 3.709078037255681579e+02 6.892160200772279950e+02 1.507094262463353687e+02 2.899780453904896262e+02 3.704709591841742622e+02 2.962672673598343067e+02 1.078349376564312365e+02 4.247259379495171174e+02 1.851353347393473996e+02 3.665481759285536896e+02 6.353759184837874727e+02 4.510488582544772953e+02 2.766577161180388202e+02 5.086885967693285693e+02 8.415568868056540452e+01 2.460680690525645389e+02
6.510021358755505361e+00 6.214804637441311570e+02 2.443316706415000112e+02 4.211270031517304915e+02 4.036573142472605014e+02 3.195631826219489540e+02 1.940774319231818197e+02 6.228970596227175065e+02 2.079774267545506632e+02 3.552710881068622371e+02 6.098013084367549936e+02 2.870462441148697508e+02 4.404052725766751450e+02 6.665523364380138673e+02 3.904557439409979906e+02 2.392431564622953033e+02 8.224490636171010465e+02 3.976943502523385519e+02 1.426237044309796431e+02
6.445658990323651416e+00 3.203623679034474208e+02 4.973530572274312931e+02 3.603564026969569341e+02 6.097798137104925900e+02 4.298513353406153783e+02 2.844995472391864269e+02 6.561034098979190503e+02 3.308443172354424178e+02 1.487166922857518330e+02 4.688776801168453972e+02 7.137930300999096289e+02 3.880289669895422549e+02 6.745359649668686188e+02 4.825301813032305631e+02 3.506940513679267042e+02 5.891619625394895365e+02 1.665985734689818969e+02 2.341457319507596821e+02
6.696677548189775564e+00 7.712517677802422895e+02 5.221903910721468947e+02 3.776697664996044637e+02 4.770568646801392561e+02 7.656862306884263489e+02 4.267112087652669743e+02 5.610800774653801000e+02 5.187324163683540519e+02 1.469390073471322182e+02 7.069909175858298340e+02 8.399503276131770235e+02 4.063391818317729758e+02 4.771596929002155321e+02 7.908151428808666878e+02 3.452467734621441764e+02 7.166046963090988129e+02 2.295840402709654029e+02 3.492018773512813823e+02
6.538552658441457055e+00 6.812641468329792360e+02 5.752089186929509879e+02 3.507987958439562135e+02 3.271304820963471229e+02 6.106674901269807378e+02 4.481909625841367415e+02 7.327028201118229163e+02 5.956096305654912157e+02 3.752692693848915724e+02 4.731105263059481558e+02 2.415480792854567653e+02 4.108907017958074448e+02 7.060452573671736900e+02 2.690874382195386261e+02 2.520155435115353271e+02 8.004267093040339205e+02 5.938450790163465172e+02 1.741242193800597420e+02
6.743012547720657501e+00 5.631027159008965555e+02 1.556730323001962404e+02 2.139067005990663120e+02 7.414384125403398684e+02 6.199278120134920300e+02 3.972853252009937819e+02 2.299409394528491362e+02 5.440925040479121435e+02 3.493064438466179809e+02 4.096782489584460336e+02 4.497983983224380040e+02 4.375488957292731698e+02 5.932181132717619221e+02 5.666605658745581877e+02 3.601530443087510207e+02 6.001870531183436697e+02 1.098452044366952549e+02 1.494087054934211096e+02
6.268938637681663373e+00 2.776942541461529004e+02 6.056654135717353711e+02 3.779977625999256929e+02 6.344056381044232467e+02 3.558970885732585430e+02 2.211846466027090798e+02 5.745512991455539122e+02 2.418398765973519460e+02 4.309347131371690125e+02 7.261110595709981226e+02 5.391217480951294192e+02 4.703966755377668960e+02 4.383753396539328264e+02 2.676007590795643409e+02 4.282729881405210222e+02 7.597947535952337148e+02 5.480520804121995297e+02 4.835866029438720943e+02
6.572071303230887729e+00 8.218961085239022850e+02 3.704666560103187862e+02 3.512946326136788571e+02 7.289880745904315518e+01 8.417889972137162431e+02 2.792444930985344627e+02 5.580764671977345870e+02 8.380433154531979199e+02 3.239428428158769862e+02 3.873194015659201455e+02 4.120619690974237983e+02 2.903910965444423482e+02 5.113602019244972325e+02 6.455071765307243368e+02 3.203490674466418113e+02 4.218038338124785014e+02 6.238049105842486597e+02 2.326423166779065070e+02
6.580375872390359149e+00 4.099081859403514159e+02 4.158877400850681170e+02 3.624336113408844540e+02 4.483677930772141167e+02 2.369524665080188583e+02 2.517494947181648683e+02 2.326336153473232002e+02 7.104390662180984464e+02 3.018235937300344176e+02 4.246306943974324781e+02 2.645554153437342393e+02 3.979405467331181967e+02 7.234313184144069737e+02 6.225550468910664677e+02 1.839188271100575776e+02 5.283916450853841980e+02 5.336242810459947350e+02 3.851488426303750430e+02
6.370186677704741562e+00 1.998034052812855634e+02 5.085283520904628176e+02 3.592077996149189971e+02 5.273473755983485489e+02 1.620353228561453989e+02 2.611459148332598943e+02 2.513349991010688882e+02 1.368357814907209331e+02 1.535809982000960758e+02 3.467006966137323616e+02 2.993191481344169347e+02 2.946478378172608359e+02 5.611420590749663688e+02 3.541771094839614307e+02 3.853239347950838578e+02 3.640685509927790235e+02 1.563475935107603618e+02 4.861088023786638246e+02
6.370838130022614898e+00 6.210742749925288990e+02 1.773633649354144097e+02 3.437039183237714042e+02 3.081199719977958011e+02 6.406753895708354776e+02 2.452799135514253521e+02 6.573836733576828237e+02 3.906167793530727295e+02 3.107444994123940205e+02 6.739049563050047027e+02 3.463394151509552330e+02 3.275273362959551378e+02 3.371704770013854500e+02 6.502330275488673124e+02 4.006431460459624532e+02 3.922198156841259333e+02 7.223659370439507938e+02 4.191628103439780944e+02
5.976051211683189202e+00 7.077799432821776691e+02 6.829441995431079704e+02 2.972452396801626264e+02 6.936629622941334219e+02 2.715465898362375583e+02 2.332817562926761639e+02 3.798051121521517075e+02 6.309740047266852798e+02 3.782658337339527179e+02 5.634377272466348359e+02 2.210834891009793921e+02 4.137729130196623260e+02 5.241588589209543443e+02 4.900253025852003930e+02 2.630113584972879721e+02 7.915615737304411823e+02 6.279744838738060935e+02 3.426940539593362018e+02
6.598424921930350351e+00 6.089419671185573861e+02 1.949571125127195899e+02 3.615953493048204450e+02 4.246930721793285102e+02 8.796420360460389247e+02 4.175426230545545536e+02 8.276597330215748798e+02 2.350724085149533096e+02 2.084559961689797944e+02 6.601587737799434308e+02 2.725503889599929153e+02 4.183913990869792201e+02 3.777042223600763009e+02 2.145862198410589770e+02 3.555850931612365002e+02 7.109830208871127297e+02 2.983000609292559488e+02 2.767091240348916017e+02
6.780387732577294102e+00 7.273397795834232511e+02 6.503809213934678155e+02 4.519444677740392535e+02 7.911234762407840435e+02 6.353778521488297883e+02 3.392021688334064606e+02 9.285840060219123870e+02 2.343987600648874832e+02 2.552441482939685500e+02 2.866551787534426694e+02 7.159554696909756331e+02 3.201662645416088822e+02 7.687525141853578816e+02 1.943288563749932791e+02 4.007874797457737941e+02 9.676853831198816351e+02 6.270277362313237290e+02 1.281469690529520165e+02
6.167523464721423210e+00 4.946938786111979311e+02 3.838220439221564675e+02 2.328234326649396166e+02 4.750410534968449383e+02 4.632312627800282030e+02 2.089863156130975312e+02 6.375834175385916751e+02 6.509595250964898696e+02 3.476186053250648911e+02 4.717648807195873815e+02 6.912992717878996700e+02 3.048389497580927241e+02 7.642161333718212290e+02 3.647047334917081685e+02 3.063680304439124029e+02 9.011556328502277893e+02 5.532546109836773667e+02 2.167394843644834452e+02
6.634424881746333824e+00 7.259110739612101497e+02 3.011306464416948074e+02 3.897538403316341942e+02 2.643749204123166692e+02 6.363691898586853313e+02 4.076650609651888431e+02 4.575072643897480589e+02 3.485317928952196098e+02 4.217807132883326062e+02 3.046254997427802778e+02 6.034786444694669854e+02 4.440590659132947167e+02 5.748163401281275355e+02 2.678048831823649607e+02 2.625605801792135026e+02 6.639551781951464591e+02 3.623262951595311279e+02 2.686177956164046918e+02
6.361584720274414906e+00 4.759808670374010262e+02 7.783784942352705229e+02 2.367903240222711361e+02 7.099731172283559317e+02 3.570651743491459911e+02 2.269936642077815350e+02 5.131331549472259894e+02 5.988137256528309535e+02 3.155530514011421133e+02 7.552923344343384997e+02 3.931333407677892637e+02 4.406205080406859906e+02 6.357588822162189217e+02 3.988527088254331261e+02 3.055574445115996696e+02 4.267764082142696793e+02 7.018868116798308847e+02 3.568782026861821350e+02
6.239100825967558883e+00 7.045065055969062087e+02 6.441120101894840673e+02 2.674177639448026866e+02 7.540588237827170133e+02 2.984921107042467270e+02 2.048605943910404790e+02 6.665023847786153510e+02 3.695384347946022103e+02 4.260565655444833055e+02 7.553381753424019962e+02 3.609743997589877154e+02 4.179442080125002690e+02 8.483249669243443805e+02 5.332612062336479539e+02 2.245484213774826117e+02 4.421195612308738419e+02 5.255329579570924352e+02 4.312939773051096495e+02
6.611652546816373821e+00 5.253815826485845264e+02 4.799294722839530891e+02 3.212432020464353855e+02 4.936737919303645299e+02 6.700825923749083586e+02 2.741835798987513613e+02 5.519955659244699291e+02 5.611976292821725565e+02 2.606980465532399762e+02 7.838728650755761009e+02 9.260454970275707183e+02 1.996206469170163871e+02 4.287965588543507351e+02 2.520739928173513533e+02 3.003720579070027270e+02 5.383849730491602941e+02 3.904433919808441260e+02 3.475575747575194328e+02
6.752001783586192296e+00 6.961913245749040016e+02 7.692278279177029390e+02 2.651972307072069270e+02 8.173942469410468448e+02 3.529318223483615498e+02 2.915836375484488485e+02 2.535306970287556965e+02 5.528707474601746981e+02 1.990600440405002871e+02 7.485238331097427817e+02 4.598040462665029509e+02 1.948781765720334249e+02 6.621797767713335361e+02 2.737890037091814861e+02 3.194939633132579502e+02 9.722784939800433790e+01 3.653966479404643906e+02 3.813232066118189891e+02
6.613966689225589946e+00 7.115154670158063936e+02 2.271497603871644628e+02 2.354111226727889061e+02 7.655122915650629238e+02 7.766243268223948917e+02 3.179973781010027096e+02 6.964616988829460524e+02 6.855326959302281011e+02 3.036307181902837442e+02 7.210497646182740255e+02 7.610684719000889800e+02 3.638953850428782175e+02 1.543515729141651036e+02 4.832665588698226884e+02 2.204212575878298708e+02 4.251443734042616711e+02 6.863607415916642367e+02 4.661090352402615622e+02
6.700875782527925040e+00 3.264783993055600604e+02 7.625330908256131579e+02 2.312795788593930979e+02 3.647985503495070247e+02 5.879565862498036495e+02 2.587393039997795654e+02 6.780016306752423816e+02 6.461039111413977025e+02 3.410152594452720223e+02 4.856091875200165191e+02 3.449415101481890815e+02 3.986560611354774437e+02 4.235098862321845559e+02 2.691040533661106338e+02 3.194681333079317369e+02 5.633967851952317005e+02 8.910574464962339789e+02 3.567131121241660026e+02
6.262333883643103505e+00 4.033252820357614610e+02 5.280172470742013502e+02 2.614389565369032766e+02 7.473879579800731108e+02 3.201727963404044885e+02 3.571102048953114263e+02 8.835979863441637008e+02 2.686701605643472135e+02 4.241664127121175625e+02 6.999607612833921166e+02 3.666659386851886779e+02 2.576007201805441582e+02 7.122876767624550212e+02 1.579567177417492303e+02 3.709930024122345458e+02 5.798479631648310715e+02 6.335420528542912280e+02 4.131288856444230078e+02
6.026184191444663441e+00 7.058720065345071362e+02 5.781180282554137193e+02 2.712337735392051172e+02 7.617893201804378123e+02 2.981452204761429243e+02 3.029320351927315755e+02 7.261975862834450481e+02 1.525291014846730491e+02 2.329758876623425863e+02 3.692084871675916702e+02 4.150172837182261674e+02 2.517818398841948238e+02 7.335909447014392981e+02 3.226267022059612941e+02 2.519541783334922798e+02 7.627089980840719363e+02 2.827460624239385538e+02 2.312704008076959781e+02
6.238639756330514707e+00 5.119115426497551766e+02 1.755535977104431140e+02 3.672741132854731063e+02 2.927033344445262628e+02 3.345011649554494397e+02 3.356589008637312190e+02 5.369671418380887644e+02 2.458067891181314337e+02 1.543897767827584744e+02 4.226399848068344909e+02 2.316604705757695797e+02 3.718021196387330747e+02 5.946454337578597915e+02 5.274383649756131263e+02 3.075415305649239031e+02 5.833495335395473376e+02 1.461053787234477284e+02 2.016102483082046319e+02
6.477545265593338542e+00 4.857841007371437740e+02 8.756270079233768229e+02 1.754744598451862316e+02 2.343884249585171347e+02 5.179778474429315338e+02 2.048628004665195022e+02 5.788596270083130548e+02 6.005920624764762579e+02 3.169333754040022768e+02 3.762110549197992100e+02 7.113705174783746088e+02 1.231139749524532618e+02 5.193990251299665033e+02 4.171265768838911185e+02 4.067139598873089881e+02 6.135354752892467332e+02 5.488319582718399943e+02 3.540135773766934904e+02
6.021693970769710802e+00 5.751094566117712930e+02 4.290042416861625725e+02 2.828115937470020071e+02 7.296773971658450364e+02 5.812170246354884284e+02 4.285933538452463836e+02 5.472877234877522596e+02 3.531203432889822125e+02 3.513508574139434586e+02 7.656793347248011514e+02 5.300695834413264720e+02 2.367975177122135619e+02 4.804248820431570834e+02 6.095216106397215299e+02 2.263141185250471494e+02 6.481982912397229484e+02 6.003401837921705919e+02 3.313520782708636716e+02
6.517943812903366663e+00 9.624772657769840407e+02 5.823023599035429925e+02 2.740865863456692182e+02 6.770409996597164763e+02 5.184891736729500735e+02 2.370889192384740625e+02 5.020789465635575652e+02 5.784896785590017316e+02 4.422928972088869841e+02 6.574700943604234453e+02 2.167086004797276360e+02 3.619033065584536644e+02 5.449227315312534756e+02 2.124361088314749964e+02 3.534002402490648933e+02 6.914068992122199688e+02 4.400529309513665339e+02 4.263741107267337611e+02
6.551440057272008843e+00 6.036293306151620754e+02 6.922533753361369691e+02 3.149529995395079141e+02 5.657287480433510609e+02 6.071720414489199129e+02 2.206820620771716790e+02 7.085770203410695558e+02 2.338297926935056807e+02 3.420478182541563683e+02 6.967965234477529748e+02 3.319392280377339830e+02 2.915770306007836439e+02 1.131343544560592136e+02 7.979273631381601035e+02 1.218094447607563495e+02 8.370855926328839587e+02 1.152058308318125057e+02 3.091870022890877863e+02
