2.160346982633838842e+00 2.818740341997788050e+02 7.848407639828149058e+02 1.794218508522311311e+02 6.805456910953571423e+02 1.691133833049311761e+02 3.795856602273851763e+02 8.387195062796735101e+02 9.286018774331479335e+02 4.214667565340409396e+02 3.582520852927327724e+02 5.632618949032062119e+02 1.919092210839060613e+02 8.057247747606129451e+01 8.177123098239310366e+02 4.206816768836092706e+02 1.143553372550598510e+02 2.617250883167391748e+02 2.181263502007615784e+02
1.656989077994479143e+00 4.286110964442232216e+02 3.718266146597222814e+02 4.672688270633456114e+02 6.771756307753797728e+02 7.806646877891430449e+02 4.055844568785864794e+02 1.483127624742396904e+02 2.712356472183444112e+02 3.356529619650162886e+02 4.964686775820956655e+02 7.388540076207814309e+02 4.579920067472743881e+02 5.701938944874941626e+02 4.686018748867897443e+02 1.791063808239689763e+02 7.678475214178034776e+02 1.707111483798577183e+02 4.851360664776212843e+02
2.277015390617761259e+00 4.544116500228821565e+02 4.257768640543801553e+02 1.761033218015001012e+02 1.729408511199641794e+02 5.400020951045235051e+02 3.666480073842094498e+02 5.627814392041796054e+02 8.654760445774659274e+02 4.005836381117831593e+02 6.091270822568185395e+02 2.114971617563685129e+02 4.850852983569590151e+02 6.463314522413544410e+02 9.335064942921762849e+02 4.760796978609766938e+02 2.233509721039052351e+02 1.891853340074045775e+02 4.219809091290703122e+02
1.445577613853533894e+00 8.144420431442019890e+02 3.060673994607448094e+02 3.683628235562416080e+02 3.061437467226388662e+02 8.562009622262181665e+02 3.747701357537468425e+02 5.922641459125004531e+02 7.661521221253162821e+02 4.121734133594995910e+02 7.775939136339975448e+02 5.212882274287351265e+02 2.142429692400633030e+02 6.577902079604323262e+02 6.744380488158782327e+02 4.508046867160297779e+02 1.496503783452117489e+02 1.918677752520362674e+02 4.242044928354376907e+02
2.040740682318982202e+00 4.907493067809716649e+02 2.617050265725446252e+02 1.714650665484588501e+02 8.446441725399835150e+02 2.726899797470186968e+02 3.985546855068680543e+02 6.691477012064669907e+02 7.608371490594455508e+02 3.823896645940755548e+02 5.165487844578018439e+01 6.457231741606083233e+02 2.806662751078826545e+02 5.145886655156064080e+02 8.459292872354147903e+02 4.578317984893164407e+02 1.751949789588962290e+02 3.340183480734850718e+00 3.907483380210886139e+02
2.497867957137327899e+00 7.461362479404493797e+02 7.625745761395812679e+02 4.062685418673046343e+02 3.774284596247869672e+02 6.260544342434776581e+02 2.868974617909207723e+02 3.488223659653607456e+02 7.253731049456571327e+02 4.432215953506324695e+02 7.869891461320768258e+02 2.864890219613838553e+02 3.667680666058497536e+02 9.199206212994513407e+02 9.652262333430144281e+02 3.763548900990163020e+02 4.275180732265416168e+02 2.879705463203478075e+02 4.017282494432259909e+02
2.005523336963523917e+00 4.155332382895057322e+02 2.082482478311712271e+02 4.584003752879893341e+02 3.794001275990423778e+02 7.102657551959129023e+02 4.400350140922989226e+02 7.347021328350751901e+02 5.865027349205254268e+02 4.524046287606007013e+02 2.905889845151385202e+02 7.021427478955206425e+01 3.148922330477336686e+02 6.164804244301062681e+02 3.113761317708152774e+02 2.387091806315227416e+02 3.068920563742942704e+02 2.318545799139222368e+02 2.515347513294841804e+02
2.212125226423363955e+00 7.296281102182267659e+02 3.598432656288945282e+02 3.548452019658741392e+02 4.747476088486101276e+02 8.850591624504886568e+02 4.895693297789036933e+02 6.788557706836572834e+02 7.131842121798174503e+02 1.773732816779038330e+02 2.132205755774972431e+02 5.579680699013823642e+02 2.532202193338879965e+02 7.288450835495960973e+02 6.541645877077996829e+02 4.206816768836092706e+02 1.617919205942245640e+02 1.170707658800975821e+02 4.533550979358629434e+02
1.690505583988514360e+00 7.702830646215935531e+02 2.475036671421304391e+02 4.604639511424306306e+02 3.276249412105670444e+02 6.640166543684908902e+02 4.255736649112718055e+02 5.481062038505731380e+02 6.774360073986944144e+02 4.806070813750353068e+02 2.938164446820306921e+02 4.299678547329417029e+02 3.190762923722428468e+02 8.485545460594131555e+02 3.523452767626065452e+02 3.244769115278521667e+02 1.853666653987481823e+02 1.605079233828645897e+02 3.007158126303517633e+02
2.381406042775156440e+00 6.360957840534983916e+02 9.883353509814432982e+02 2.425525750127496281e+02 6.351832877398695700e+02 7.770339155569090508e+02 4.904858214312997120e+02 5.754148379404166462e+02 4.360108626267765430e+02 4.771237279840926817e+02 8.293860750627027301e+01 5.877638027085337171e+02 3.629881443938912753e+02 4.246228626979245746e+02 3.535642918059230055e+01 3.654022724700492972e+02 1.215549617416290005e+02 3.038872249413414011e+02 4.642493983498694661e+02
1.944172697945792727e+00 7.426464351439337861e+02 3.264116729852877938e+02 4.179720341070663494e+02 3.524048335048351532e+02 4.697769406845265507e+02 4.728698106091565023e+02 7.055175852089407726e+02 6.820444467007922640e+02 3.739357386205336979e+02 1.393453393531510471e+02 9.014047180169505964e+02 2.438106027514254208e+02 6.182570405347012183e+02 6.970032150114817568e+02 4.776495113930197931e+02 1.579275466147594216e+02 1.062743376092570600e+02 3.325377836598481736e+02
1.870766625130579675e+00 7.760381614060647735e+02 6.442947521332254155e+02 4.235642364527251402e+02 4.252102987929836786e+02 2.578679816469088451e+02 4.493142918610624292e+02 5.694534733607347334e+02 7.713904075677595529e+02 4.173170407983620294e+02 1.496638651772796038e+02 5.650337126618557022e+02 2.670838649702593557e+02 3.811564871752052568e+02 5.482915151733641324e+02 4.916464777515309947e+02 5.258171684035105500e+02 6.919197887335207042e+01 4.731168822612909821e+02
2.330505418585683941e+00 2.652136248354378267e+02 1.838436740482437131e+02 4.439586214489921758e+02 4.042047555629335420e+02 7.660613763069496827e+02 3.569831154913606497e+02 8.891829414475980684e+02 3.103023570282046535e+02 4.755960977286134721e+02 4.156427408000466812e+02 4.755725612880742119e+02 4.465028093691396407e+02 3.197194440734006093e+02 2.078182303789237722e+02 2.184383585868691853e+02 3.150365362882756131e+02 3.828823832886822629e+02 2.334706917568773008e+02
1.926715851056796325e+00 5.160222606583083689e+02 6.901864427785114913e+02 4.141317365691508599e+02 8.555197946195792156e+02 6.576268375646905042e+02 3.889741630213210897e+02 2.312826420330634392e+02 6.791576310998307235e+02 4.318996658261494304e+02 6.896214992882341903e+02 2.834347354632449765e+02 2.929913940911318377e+02 4.761059541849667767e+02 2.782163871762207918e+02 4.351338208641861911e+02 2.126662334130111276e+02 3.987382660036113293e+02 2.992368820256579056e+02
1.995564808575957194e+00 8.226678556929859951e+02 3.713994471036835989e+02 4.195701921838655721e+02 1.479237487450904780e+02 7.570111522725824216e+02 3.777158073174774131e+02 8.168560992069631084e+02 9.144412086949865852e+02 3.994565884315396715e+02 6.289963710385193281e+02 5.301111785560473777e+01 4.257201818233047561e+02 8.372262254652060847e+02 9.877406382760267434e+02 3.874019433074178096e+02 1.261825364885931577e+02 1.791381701248474769e+02 4.322191041739496882e+02
2.071488947284723103e+00 2.342920438791144306e+02 7.003977544457461590e+02 2.591639093223880650e+02 5.525692623371892296e+02 7.300867908330155842e+02 3.210424181787361135e+02 7.491820869001506935e+02 3.974961122844538295e+02 3.325295897608675659e+02 8.524991326188936682e+02 6.276943005543367917e+02 2.301211820339497933e+02 5.427524125404561346e+02 2.693226168942176173e+02 3.242364943972685296e+02 2.622469575410788707e+02 3.074460995719232415e+02 4.385589777667204316e+02
2.014413098685478687e+00 7.512408445058002826e+02 3.905907307509503994e+02 4.122919734067009472e+02 2.189191133066260875e+02 7.526661462175302404e+02 3.428868242229753491e+02 4.292527012167508929e+02 7.604565497614826199e+02 3.908645437428193077e+02 7.767933713201600767e+02 3.157791408882192172e+02 1.803535429806022137e+02 5.153618604319153746e+02 6.589687607086660819e+02 4.498578474439343609e+02 1.582821602284200537e+02 1.584428623501508184e+02 4.210085742170016943e+02
1.658315713178253770e+00 5.962465684838500692e+02 6.489329600995370129e+02 4.496748588638955653e+02 3.727985063498663294e+02 2.898969221107013823e+02 1.123606031630459796e+02 6.100232876715017483e+02 4.828494560797433905e+02 4.191928127747547137e+02 1.969916776529329923e+02 8.244498134941072749e+02 3.746808622758773026e+02 4.171059445102338259e+01 1.967170896215632752e+02 4.707737235753093046e+02 5.068358021946654617e+02 1.945069352486688388e+02 4.464348480735749263e+02
2.089142144895224984e+00 2.248952587341761387e+02 7.622101757934873376e+02 2.643799515534335569e+02 6.594447964280853967e+02 4.149012309418661744e+02 4.582786718208901675e+02 5.589985362190645901e+02 5.603753867955500709e+02 2.052419326631149090e+02 6.455137327000551295e+01 3.436617035281706194e+02 3.296869932258651374e+02 5.088957495610525825e+02 6.778048735309655513e+02 2.297849985710039391e+02 5.875509023498907482e+02 1.566858127465752943e+02 4.637406922177997899e+02
2.552117044176312799e+00 8.213877580162910590e+02 4.628837996134794821e+02 3.965579305778252319e+02 1.128700300992634311e+02 7.174962553780702592e+02 3.935653830047708652e+02 4.601526954536489598e+02 8.389229987217854614e+02 3.966316736705765038e+02 5.291402282360247682e+02 2.251629469321365775e+02 3.945173081612850865e+02 2.151949001303141245e+02 9.766942991785048207e+02 3.606021189001498897e+02 9.019217186034828160e+01 1.858899946543942860e+02 4.258434753580744427e+02
2.323246624738568133e+00 7.752853053717628882e+02 6.690414139734298260e+02 3.891801450391118351e+02 1.094615673943139029e+02 5.853858533036318477e+02 1.417397225267797296e+02 3.626940404499848114e+02 5.000792193205832632e+02 3.264067900871871757e+02 8.640093668690841611e+00 4.295292597032370452e+01 3.579221194394053214e+02 3.753897936542745128e+02 8.394737308909100193e+02 3.051860973443936587e+02 8.547862926155950163e+02 1.832666549741377935e+02 3.988814290846888184e+02
2.137658579826340777e+00 5.185577331664291023e+02 5.172574254642614733e+02 3.388131387751541297e+02 8.170111906827169150e+02 7.515941576814635710e+02 3.403557747056926814e+02 2.112259897701303260e+02 6.238376794823639102e+02 4.607313634906141715e+02 2.813629261677946261e+02 8.695797459498581929e+02 2.812787278689478967e+02 8.432905532849913470e+02 5.013284775326951603e+01 4.378605565321792596e+02 3.263488753811341212e+02 1.122263828312939609e+02 3.771288384584351547e+02
2.153392639588319835e+00 4.653243510684854414e+02 6.669112741032098484e+02 2.346552940976725097e+02 8.672610528212313739e+02 6.950334039162665931e+02 4.040678612220630157e+02 1.810434168522396874e+02 7.035321181927305361e+02 4.231079695486164383e+02 7.234999370550915501e+02 2.061934373726909655e+02 2.225674156121488352e+02 1.748194922607857507e+02 3.388816980514392867e+02 4.424781583503444153e+02 2.116967126422684373e+02 2.334464228678068309e+02 3.124028712016945519e+02
1.875557929717818872e+00 2.621805639004277850e+02 6.347766985088900356e+02 2.178252060390882150e+02 2.216931900739327261e+02 9.552332951137705095e+02 3.936027573770731465e+02 2.097231990039384186e+02 6.500679269483446205e+02 3.540619918227791914e+02 5.170864904157944011e+02 8.496885446042657577e+02 4.898114745517804067e+02 2.914479573548772464e+02 2.318843015245312245e+02 2.835991942306080773e+02 6.353938189401281988e+02 4.316208484154146845e+02 4.898253589495483311e+02
1.943677172204649972e+00 7.981976975344239236e+02 4.776296799383312646e+02 3.738838195069331505e+02 2.841169030200517795e+02 6.958108521090794056e+02 3.312563393873526252e+02 3.807317412025681733e+02 2.563795234505830081e+02 4.324941482339963272e+02 7.282234617711086457e+02 3.688800979284025061e+02 4.288948038261012243e+02 4.860792589517229203e+02 6.115659493679006573e+02 4.652285373363349095e+02 1.651615569842218179e+02 2.136176224907318613e+02 4.298961325308047208e+02
2.149815071402738198e+00 8.667108025701742235e+02 1.933409122481126587e+02 4.991306116732006330e+02 3.919846882272383368e+02 8.432788828191245329e+02 3.955593438055165620e+02 9.922304548719392869e+02 7.788249222320689569e+02 3.025795958930304437e+02 8.947016646913799320e+01 5.830169083876166951e+02 3.079583417412383142e+02 4.234727667565533693e+02 8.353294548426721349e+02 4.878017368698683640e+02 6.880323545648140282e+01 1.967748213615395514e+01 4.276883377451006822e+02
1.820622664620244580e+00 3.061155762514659955e+02 9.787001032239129472e+01 4.087993569551574637e+02 3.041546906693715755e+02 6.249893598352402933e+02 4.385392277222510984e+02 4.178141233825186873e+02 1.832213343568024868e+02 4.114308753758111834e+02 7.833652630927025484e+02 6.547314447471592302e+02 3.999239791306264351e+02 9.552306995157709935e+01 7.359408183767101264e+02 2.712029918915410462e+02 6.159325333453529083e+02 2.582617812045688197e+02 3.442734931374893677e+02
2.084985406107165762e+00 9.255651941568389702e+02 3.064088817856860487e+02 3.821123477413642604e+02 4.501047158563383164e+02 8.883018708537910015e+02 4.904858214312997120e+02 6.850679908771796818e+02 7.332903091105179101e+02 4.701592802209673891e+02 8.293860750627027301e+01 8.781622959517294476e+02 2.319822353456046926e+02 9.855342921659233753e+02 6.587049273168253194e+02 4.936024291891739040e+02 1.530314187170802143e+02 1.270167820713223819e+02 4.365543610734693516e+02
2.204272426644808824e+00 2.102962435606093550e+02 6.972691234937358331e+02 2.532024906367219614e+02 3.573107781968446943e+02 3.636817735545631649e+02 4.562822903978506019e+02 5.513562401613778547e+02 6.970812233206413566e+02 4.458022041527032115e+02 6.499191517244480565e+01 3.888274750436135605e+02 4.424960249125947485e+02 7.376919483738576844e+01 6.947279637338072007e+02 2.014531284479795659e+02 6.927400808704596784e+02 1.626839033815411710e+02 4.684130200562368032e+02
2.183474538391800390e+00 3.521361685141229714e+02 7.812860477988175489e+02 4.090046202250020997e+02 1.229843400426599374e+02 6.496325164477034377e+02 3.031556984921668914e+02 1.124100688692313952e+02 7.235775156014833556e+02 4.755149658412539111e+02 8.984207745551652806e+02 4.005599794269436984e+02 3.868298384943012707e+02 8.372262254652060847e+02 9.197104276476228506e+02 3.612376398904161761e+02 3.343032072875466838e+02 2.967871877226389188e+02 4.281273753408240168e+02
2.044953684846400943e+00 2.624059938155677401e+02 9.064835341574905669e+02 4.473350413690330925e+02 3.900091648188907243e+02 2.841352468032902721e+02 1.372973586558432828e+02 8.943783523078458302e+02 4.091499738147289804e+02 4.415012980892390715e+02 9.108611603980543805e+02 1.023777632008958420e+02 3.192216558836773288e+02 5.908208874394947543e+02 6.781455399247173546e+02 4.538560131252764904e+02 3.510893845499048780e+02 2.560656280879488804e+02 3.891369244422746192e+02
1.777419898836553935e+00 9.125557596017611104e+02 7.286300285323113712e+02 3.425883383266368583e+02 4.230094649857835520e+02 6.789645864088799954e+02 4.645561858306580234e+02 4.529972454319736244e+02 2.427736437665988660e+02 4.862648637851242484e+02 7.506773401382964721e+02 2.262298825990033890e+02 3.577854008541876283e+02 2.662475029743231971e+02 6.985204004910793856e+02 3.118331769832319083e+02 5.561107234706586269e+02 2.384325583133700661e+02 3.700071846739033958e+02
2.213720401145396366e+00 6.618694581805877988e+02 6.542463826967501745e+02 4.130885919532401545e+02 2.852646995229516165e+02 2.195343462120083586e+02 3.339684948762658792e+02 4.637524103530838033e+02 8.038655421331073967e+02 3.648893491324874390e+02 8.410360436959078925e+02 2.135589960133704039e+02 2.439375027726281928e+02 5.204362361433373962e+01 7.732871446648191522e+02 4.510305213048224573e+02 5.218936289636627635e+02 1.297157476633017268e+02 4.622534405042620165e+02
2.064552532483319158e+00 7.366066224287383193e+02 1.754372645017776904e+02 4.241376056534421650e+02 3.136451636404877945e+02 6.639861068092989171e+02 4.349468800341895189e+02 8.857613829832308738e+02 7.014849206011126626e+02 4.071459764678798479e+02 2.219045033100038040e+02 2.301940268401108369e+02 3.971714872212326668e+02 5.418012364510988164e+02 8.193035851941749570e+02 2.216947708321200707e+02 2.569147209207164906e+02 1.947196093341715653e+02 2.265940837991217904e+02
2.310715746607566512e+00 1.958679034343178387e+02 8.607105533563443487e+02 3.114269702135578086e+02 5.631285427771113063e+02 6.676116003327211956e+02 3.417352367734251857e+02 7.053051690273649683e+02 8.331012097370003175e+02 2.899493545731235713e+02 8.396513941978909088e+02 6.052220290498826216e+02 1.595830106927814995e+02 9.157892224084368991e+02 2.596302381580269980e+02 3.255303383710322578e+02 2.515135265031276788e+02 1.691035053697609385e+02 4.738903888699311437e+02
2.335891791341711876e+00 7.190414009336129766e+02 5.179652289054560015e+02 3.630659506396816596e+02 2.151315811857478479e+02 6.343058949557968162e+02 3.896169994921879152e+02 6.683043158577432905e+02 8.181039182875420011e+02 4.814768823019152819e+02 5.082805173630896434e+02 8.129219493458663237e+00 3.502313238807570315e+02 4.214675731062033606e+02 9.304821245626474138e+02 3.965906446283840978e+02 1.304092933843862170e+02 1.141456280037758688e+02 4.530376427906376193e+02
2.392677143893603198e+00 1.703719770081449383e+02 7.462958920905862215e+02 2.329073449714971957e+02 5.589736006397560004e+02 7.267996327822970670e+02 3.100483599792248697e+02 8.000565866713270680e+02 3.254943898381273470e+02 3.203207512080332435e+02 8.682693985978652336e+02 6.915970084008997674e+02 1.861535749263345281e+02 8.993075277003554220e+02 2.096410651610663933e+02 3.213886778949659515e+02 2.521307282136457104e+02 3.037398236305074306e+02 4.508268093875109912e+02
2.210023680189529216e+00 6.218494503753569234e+02 7.888667117350887565e+02 1.259862253601500583e+02 3.276610599360202514e+01 8.090524727164477099e+02 3.640017946681593344e+02 2.019647002984693245e+02 1.653492880236402698e+02 4.519368311322011778e+02 5.088888650481705440e+02 8.334894677568598809e+01 4.897102310819287254e+02 4.357522409886391870e+02 8.165469422716494137e+02 2.642749752929381089e+02 6.917113237440431703e+02 7.118095990652110459e+02 4.972086829149871505e+02
2.346534079357747160e+00 4.202515748364468209e+02 3.469911697815001617e+02 3.418429891232232194e+02 7.485239018811369078e+02 7.266509020073040119e+02 3.221046923103183985e+02 3.030812876815640493e+02 3.160759254607156663e+02 4.582650709633966244e+02 3.836718414125406866e+02 6.458515175184053305e+02 2.513128771138754018e+02 7.070190477539301810e+02 1.832244375216644130e+02 4.028605306941399249e+02 4.455596560983969994e+02 1.013644743393497549e+02 3.760837879306084233e+02
2.002745969046320518e+00 4.346980249514988373e+02 7.660808753178139341e+02 4.217091859457412397e+02 8.934458427346223743e+02 5.827182598580516242e+02 4.311049521721392921e+02 5.903611027649617427e+00 7.358606573420279346e+02 2.178606296685239272e+02 6.301274425748201793e+02 3.499417356850460692e+01 2.754990348318351039e+02 4.405630746420728201e+02 3.406213748482372239e+02 4.532924187262759119e+02 2.076112987795037839e+02 2.638753831731729633e+02 3.064358202387023766e+02
2.162044055813085563e+00 7.651397955091134691e+02 4.127077709840396551e+02 2.230623177508962272e+02 1.536876532174005661e+02 7.540527100269357561e+02 3.678211549379172993e+02 8.759692974936178871e+02 8.757991484649073755e+02 3.884686337339887814e+02 6.431896104195936914e+02 1.998371992026616795e+02 3.861493354264509890e+02 4.720019057214450413e+02 2.596302381580269980e+02 3.848389084553455177e+02 1.663544334850601558e+02 1.758025217775732472e+02 4.432601526326611747e+02
1.969282558218732104e+00 7.997933782147482589e+02 2.215889290155758147e+02 4.616449993056066319e+02 3.325294200001662261e+02 6.709201065929128163e+02 4.255245648012155470e+02 5.106417079585847887e+02 6.630382096713323108e+02 4.557153506076413123e+02 2.451773207704187882e+02 9.940826574904775725e+01 3.276505132020520250e+02 8.479301391579198253e+02 7.460246477076523206e+02 3.042955788007395768e+02 2.757632260705922818e+02 1.540512621028983631e+02 2.371845725389241863e+02
1.826069659712644899e+00 5.977081912768845768e+02 2.034777529010260650e+02 2.878693324914173672e+02 8.601778001067036712e+02 3.342823638765885903e+02 3.220279749269922149e+02 4.387353812054578839e+02 7.858834524029165323e+02 4.599606862878151787e+02 6.583985127036701215e+02 6.756839104341077018e+02 4.063862866718413898e+02 2.390951687456030754e+02 2.022194311383490231e+02 3.829018875232832215e+02 2.307742537465349528e+02 8.782573041163308858e+01 4.128852450146781052e+02
1.643422970378604964e+00 1.311160978265523340e+02 5.915934346936550128e+02 3.083448784082257816e+02 6.077273212989269950e+02 3.583713931759104980e+02 4.851382092617438389e+02 6.103928570180567021e+02 6.594471350108385650e+02 4.357509444936108594e+02 6.892536583171710163e+01 5.393618316931213030e+02 4.707070790828580584e+02 3.576692685956941204e+02 7.624372145845288742e+02 1.782089929847677467e+02 3.811005458157528096e+02 1.482380678321464416e+02 3.771288384584351547e+02
2.060265157767134703e+00 1.854104199740675369e+02 2.914732640666521206e+02 3.289833096997239181e+02 9.722467979413436296e+02 8.490648514953834365e+02 4.398630749594143481e+02 3.407104249263952624e+02 6.831989439491374014e+02 2.835364966470586978e+02 6.595426922122924225e+02 2.516005712034886415e+02 4.517089166020969060e+02 2.986892341183113899e+02 8.818476140056792474e+02 3.071866815659765280e+02 7.456388060537565252e+02 3.526458184327590288e+02 3.397391625417119485e+02
2.291103281726712737e+00 3.655005681140378329e+02 1.933409122481126587e+02 4.548501691455649052e+02 3.919846882272383368e+02 7.032010806827839815e+02 3.955593438055165620e+02 7.550981687585511963e+02 5.122022835278730781e+02 4.610497862493019738e+02 3.257065998101673472e+02 2.272219841314506539e+01 3.235665674763463926e+02 5.960128839781109491e+02 2.624012006290183194e+02 2.125196828625904004e+02 3.213560797520198662e+02 2.462577357121406862e+02 2.333622754956128347e+02
2.133451441215874045e+00 8.808697408201156804e+02 3.823380868081544577e+02 2.375437221543973010e+02 1.735708921034585615e+02 7.654020454750886984e+02 3.434749376558622771e+02 3.724988113938033507e+02 7.815107802611092893e+02 1.922183332293298008e+02 9.466999811071971180e+02 9.898760206050874331e+02 3.785654661652098412e+02 9.418861574536848593e+02 1.330677015050987961e+02 4.924331561746722628e+02 2.732067719673055421e+02 2.331243594707256932e+02 4.448689940554737632e+02
1.888851436512095194e+00 9.085504813291747723e+02 2.766022345734851342e+02 4.527149229715212186e+02 3.342605249699880119e+02 8.575863425518080021e+02 4.673499339451863079e+02 6.756705072105254430e+02 7.282398514056013710e+02 3.935357825267479939e+02 4.143333794600678033e+01 6.523130850858894973e+02 2.601426841210898715e+02 8.947306134977994816e+02 6.917014037386500149e+02 4.731688276759210225e+02 1.680666391747102466e+02 1.344664742689602690e+02 4.182148002481181948e+02
2.365220685892142960e+00 4.466178113830736720e+02 3.683271631874258105e+02 1.186674091533871405e+02 3.979790698554658093e+02 2.163329277743883949e+01 3.251753867833549521e+02 8.191406229080807861e+02 3.657346868500151231e+02 4.464718961925192389e+02 4.108261059325474207e+02 5.024563149150959589e+02 2.236009479678987759e+02 5.744969199865653309e+02 7.401283608318229881e+02 2.694097396878701716e+02 2.403419718834072114e+02 6.702294701271778194e+02 2.317527506760347080e+02
2.015763155057685108e+00 1.297838231125875836e+02 6.911392129496292682e+02 2.579183375556800684e+02 6.531045879183262741e+02 3.191967887726472100e+02 4.683038056197490278e+02 5.688947234017305163e+02 6.992711159067505378e+02 4.309014650370924642e+02 8.783351753337399259e+01 2.773666179115859904e+02 4.780103235067496144e+02 3.346650197445734420e+02 8.467392629039551366e+02 1.788038722666805711e+02 7.134481752276388988e+02 1.936622335709433287e+02 4.884691148338806670e+02
1.706786031201461329e+00 2.528763479623382864e+02 7.333837339012552548e+02 4.459090273459680134e+02 4.737581011893094001e+02 6.530166636997313390e+02 2.494116242990001524e+02 6.241440507731481375e+02 2.625355728034966205e+02 4.706950173883382718e+02 3.180969669956604662e+02 3.763898258805043042e+02 4.046925952269701838e+02 7.682070049257770279e+02 6.929893728570121993e+02 3.194532014848109611e+02 5.519859727175600028e+02 4.218563852501002316e+02 2.167537591963276498e+02
2.312544857403374454e+00 1.608655976883194398e+02 5.696167526902617055e+02 3.649679074391357290e+02 6.146721522465722956e+02 4.006007226372337300e+02 4.771828340234280859e+02 5.641848475636750209e+02 6.206259862315891951e+02 4.257411462407513909e+02 1.116796970067549637e+02 3.829352503134026051e+02 4.694355718492996630e+02 6.585477232672531045e+02 7.330536806147549669e+02 1.782987317686878725e+02 4.197752433759578707e+02 1.504853758869175806e+02 3.879295612603537506e+02
2.408465051631555554e+00 6.766233959964379210e+02 1.715049631134438926e+02 2.977798915001416162e+02 4.828829293145011547e+02 7.790028826694094732e+02 3.560333481994014164e+02 4.164752158763799343e+02 9.430145399966388595e+02 4.919228807163586907e+02 8.575751530602504999e+02 6.389516047412021180e+02 2.329049864498372528e+02 3.791470105718852892e+02 2.475867079908427968e+02 4.462005852031114159e+02 2.617351649479811044e+02 1.420279267095641273e+02 2.877230295716589126e+02
2.222118746512766307e+00 2.442775870140547454e+02 7.825333060424017049e+02 4.201566623754150669e+02 6.281744271680308884e+02 2.531497565912701475e+02 2.037791035476261925e+02 1.980395749563399193e+02 3.124300535405020582e+02 2.479923875784478469e+02 2.745247535121516762e+02 8.147932378313061008e+01 3.569781808081615964e+02 5.978380094377821479e+02 7.174500093335758493e+02 2.171957819112540733e+02 7.911916402414202594e+02 3.928517360044302222e+02 2.851880829474058601e+02
1.895711239387267266e+00 4.732990491978505361e+02 7.559984762837246990e+02 4.517690441674388353e+02 7.873983515948702916e+02 5.738883208269563738e+02 4.043874733200057676e+02 1.067499443463284905e+02 6.711321131203510504e+02 4.129620946616907418e+02 6.227186082021066795e+02 2.298155254489862500e+02 2.696719331602607213e+02 3.820636291852310364e+02 7.398066369260477586e+02 4.363796537401790943e+02 2.213154402130647327e+02 3.664979694646072517e+02 2.961091156118659455e+02
2.025778096644996307e+00 6.793012570775774748e+02 2.790912948195884269e+02 3.422173008649041321e+02 8.951726842552129710e+02 3.738351345268760610e+02 2.959492403181484974e+02 3.734543188830097051e+02 7.611107833338980981e+02 4.526408593454228253e+02 7.666498601978138367e+02 5.344042266922764384e+02 3.979680247259478278e+02 5.267987234338186227e+02 1.105894767856663208e+02 4.057352812559272479e+02 2.527460299657158203e+02 8.336055653079162653e+01 4.276589018784014797e+02
2.231822737465612327e+00 2.232422976659458982e+02 6.991668231183675175e+01 4.726558360911164982e+02 5.703132219333303965e+02 2.040208728929171400e+02 4.679103101256090440e+02 2.338641885281082864e+02 1.965316597358487343e+02 3.280537304772385028e+02 7.332449429090208071e+01 7.822044878349572627e+02 2.596232062938018998e+02 8.183615395073784384e+02 6.934106361707016504e+02 3.609068931850379158e+02 4.194272743289088794e+02 6.542273733552303838e+02 2.274337701582619502e+02
2.649691842081509208e+00 8.173140766520286888e+02 5.094177145255739561e+02 3.532635577127662145e+02 2.261296417878735383e+02 6.908801610175459018e+02 3.548983940094475997e+02 8.391109876843936490e+02 2.895540737034042422e+02 4.945685626332956417e+02 5.892230442539810156e+02 1.695246182954928145e+02 4.608739415842709377e+02 1.728034771919640491e+02 8.813574513375623383e+02 4.019174527802350099e+02 1.247217042670163920e+02 2.371078108226632821e+02 4.531352174257756360e+02
2.065176252310470417e+00 3.754337221597894541e+02 2.876232864297961669e+02 3.128422456313448947e+02 9.534000739514901852e+02 3.438719745126557541e+02 2.992943057380500704e+02 3.648702091015666724e+02 7.501841860007151581e+02 4.442087294034686238e+02 8.246302070920662572e+02 8.008071439643376834e+02 3.984709168365426422e+02 2.178332324629720631e+02 1.038496540038246394e+02 4.197692394814436057e+02 3.018858501094578060e+02 2.713756657099568770e+01 4.540891059870349409e+02
1.937086522687832435e+00 2.859846399747600003e+02 8.684553194073305349e+02 2.215123228034839826e+02 4.753012534404376197e+02 4.950956244518341123e+02 1.129324106595065160e+02 7.864605329788221297e+02 3.280209300738935667e+02 4.453421377542437085e+02 3.025107535999372885e+02 3.630737341250647887e+02 3.999526734121888012e+02 2.166839361723599495e+02 1.127467325955636426e+02 2.237624471433957751e+02 7.317286585661903473e+02 9.327709471927240656e+02 4.255125127825131131e+02
1.537116074954374190e+00 8.034481313216248282e+02 5.516567361370314302e+02 4.494692465615784158e+02 3.890719700199773570e+02 3.139625229128583328e+02 4.459852936262557250e+02 6.855284357474808985e+02 7.748705136128143067e+02 3.672934640380232736e+02 1.792120136591699406e+02 5.164395457912736447e+02 3.157477297990670877e+02 3.934755013736294700e+02 7.456507418887749736e+02 4.720104035136104699e+02 5.306996600153239569e+02 1.081369983902302465e+02 4.597390439322668954e+02
2.143208027323862730e+00 3.698008297733757672e+02 2.957155722954196904e+02 4.284378602974956038e+02 4.135253670305110063e+02 6.472930421279183975e+02 3.933940054965763125e+02 2.044675403338685555e+02 6.420731167502667631e+02 1.413934640991233778e+02 7.324216188969210179e+02 5.664143311891469921e+02 4.572913837620001232e+02 1.234023094570371200e+02 6.188564517259380864e+02 4.736593507856127303e+02 3.120683079613802420e+02 5.309592909000452892e+02 2.767441867478631821e+02
1.915788855680324865e+00 8.780949592007747242e+02 3.795333634581451179e+02 4.239315784061286649e+02 3.744142236066617215e+02 7.952590744785308061e+02 4.710488208727493316e+02 5.466983267808075198e+02 7.243730669110960889e+02 4.491175344826799574e+02 8.602061855017524294e+00 7.063066038309806345e+02 2.060717232001923662e+02 8.810428199439948003e+02 6.465089035126115959e+02 4.949866879402771360e+02 1.626416484949175469e+02 9.119423036131786375e+01 4.330790650581449768e+02
1.909864001727130223e+00 8.999412628774814493e+02 1.988445868930492395e+02 3.390841842936869170e+02 4.156007018955526178e+02 8.366416394262814720e+02 3.979532166708731893e+02 9.273355637448690914e+02 7.923939322112591981e+02 4.387532286389372302e+02 1.433727532258234305e+02 5.708118456577072948e+02 4.819420511233757907e+02 7.169099954518114828e+02 2.296694020017644107e+02 4.827260771157910995e+02 1.549837743017502873e+02 2.630826981558379885e+01 4.698166057452698965e+02
2.063108578954677252e+00 1.358223505643123588e+02 7.989017374021522073e+02 4.788160471532734732e+02 8.778753429524713283e+02 3.258652922156925911e+02 4.531794239258414336e+02 8.399511283713648027e+02 5.666042569572708771e+02 1.472844707667796342e+02 1.379223689254649514e+02 3.524620658442822219e+02 4.342202305240689952e+02 6.827286149290664525e+02 8.445002853987767821e+02 1.949444043605321610e+02 6.355469114136634516e+02 3.963255035375639750e+02 4.422896181213263844e+02
1.783658771284114986e+00 6.043790184363525668e+02 2.973131055539330987e+02 4.257210622779757614e+02 3.457692497454141858e+02 6.726749759863065492e+02 4.310935415752419999e+02 6.052952966782057729e+02 6.312406026938853074e+02 4.610070374688210109e+02 3.545836841289658992e+02 6.790594876640027451e+02 1.214550956991173791e+02 3.320849888999745758e+02 3.621527502698041872e+02 3.289575952449509373e+02 1.752275728387973572e+02 1.262533593568008712e+02 3.255930039169537622e+02
2.053299991578874106e+00 8.732841742535514413e+02 1.515639215902957631e+02 3.455722780041061242e+02 7.700922820745528270e+02 8.445729392462855003e+02 4.005279356605832959e+02 9.481559193474636231e+02 7.835864548982165161e+02 3.088006338699627804e+02 1.300320900953313412e+02 7.076119234207766340e+02 3.069944748940076806e+02 4.126698588147359033e+02 2.237580774663520060e+02 4.570559456781831500e+02 1.466688661852794269e+02 3.253254249080001159e+01 4.062835365786105513e+02
2.095496166942824257e+00 8.856041475456191847e+02 1.736290394343027970e+02 3.820472602536666500e+02 3.305210770463682479e+02 9.108555717564263432e+02 4.388317448304060235e+02 8.583832294757366981e+02 2.713937134966157032e+02 4.208700394981667046e+02 6.718954190598367404e+01 7.300505665018049513e+02 2.840561919312875716e+02 8.798970882605261750e+02 6.467111480413855134e+02 4.694413332474613298e+02 1.686221207141764751e+02 2.556391607036321147e+02 3.974575787139400518e+02
1.755085462161723786e+00 5.046926322544211416e+02 6.307518183314061844e+02 1.122705107605489019e+02 2.965239280390817385e+02 8.576249518044817250e+02 3.678211549379172993e+02 8.786415556369915976e+02 6.917324277888160395e+02 3.884686337339887814e+02 3.717967650576425171e+02 3.666521328216325060e+02 4.556181606340769008e+02 2.604861062639657234e+02 2.769150564057966903e+02 3.178388349621484394e+02 5.547461034011462289e+02 3.684314701673505965e+02 4.257217380739875807e+02
2.391429346994816463e+00 4.995421478440224661e+01 7.557415749033046950e+02 2.205606994729937469e+02 5.727296051536860659e+02 7.397071481861440816e+02 3.271756144720363295e+02 7.823455068983899992e+02 3.461678848346659834e+02 3.107517631984072182e+02 9.200182875599327872e+02 9.044627815888491114e+02 2.119744249565448513e+02 2.355595536925692386e+02 2.802198096799927498e+02 3.292150318607116333e+02 2.509812991411335190e+02 2.761215032833641203e+02 4.662003014185004304e+02
2.031335200941686736e+00 7.651397955091134691e+02 4.127077709840396551e+02 3.959392842680637727e+02 1.536876532174005661e+02 7.540527100269357561e+02 3.678211549379172993e+02 8.626431490010218113e+02 8.496396584932926999e+02 3.884686337339887814e+02 6.431896104195936914e+02 1.105235549175114187e+02 3.861493354264509890e+02 4.720019057214450413e+02 9.340272417161905878e+02 3.848389084553455177e+02 1.170779300939033192e+02 1.758025217775732472e+02 4.432601526326611747e+02
2.099600530730047154e+00 9.067270807128686556e+02 2.588360045271216450e+02 2.295185734287614423e+02 8.318722522098512400e+02 6.117461106358746292e+02 4.756071349724161337e+02 4.699214063400911527e+02 4.124401161538312977e+02 4.179952298032778799e+02 1.586299902582092329e+02 3.818037396425307861e+02 4.550544144266245894e+02 4.126003726411727257e+01 8.181194127807273162e+02 3.495140755406050630e+02 3.843271451924410940e+02 9.784481535879465355e+02 1.950514672835045644e+02
2.326144293323364476e+00 2.697719158501665788e+02 8.498833298597794510e+02 3.013602600288119220e+02 2.763323375697511892e+02 6.772551039586297748e+02 3.423705784361591213e+02 6.741256412244488274e+02 8.175283077678661812e+02 3.189453047351312307e+02 7.416280041705100530e+02 6.838973450680805399e+02 1.559114433800234281e+02 9.733292974406082294e+02 1.663298414624718475e+02 3.335069479418961009e+02 2.769988970183995889e+02 1.405810480004770113e+02 4.552921666886822436e+02
1.951202796463836098e+00 5.004276265115885280e+02 8.148403964192659714e+02 1.820816363968769735e+02 3.336388088782737782e+02 5.314699848244192708e+02 4.094697502017691022e+02 2.744964918578464790e+02 7.721094259668039967e+02 4.250018590641938090e+02 7.768488895261058360e+02 3.119240391331414912e+02 4.671717182274824722e+02 5.894740420212626759e+02 8.963059301379859107e+02 2.931235040414364903e+02 3.997550651394678312e+02 2.493913095911845801e+02 2.945391071325312851e+02
2.351827086200301675e+00 8.997194009599664923e+02 5.412154186849613779e+02 4.426417491713681329e+02 4.915296008498690981e+02 8.630734383134113159e+02 4.170907410811569207e+02 8.048182609536860355e+02 4.986824898019344232e+02 4.025786067242950139e+02 2.204145751613566517e+02 4.810049899731373557e+02 3.956737118443673467e+02 3.588879383027408494e+02 1.482415987315548591e+02 4.774526484213861295e+02 2.760711002790774273e+02 2.447617343602576057e+01 3.037448343432006936e+02
1.935738254341467179e+00 7.819408035109072443e+02 4.640649815946214858e+02 3.490101753932088400e+02 4.432936006811763150e+02 5.330681621993379622e+02 2.402976907326660410e+02 1.553950088866274939e+02 4.260088963085726164e+02 4.899151668761536484e+02 5.910535476533785868e+02 2.060905225737165836e+02 4.648622008189351504e+02 6.953704275127358869e+02 8.482225839365939919e+02 4.599946382709218256e+02 7.974655963395982781e+02 6.459763934961785026e+02 4.498860566379260035e+02
1.740790025722598555e+00 7.962768192724793153e+02 7.159741988365531142e+02 4.055595083560672833e+02 3.062018765702943028e+02 7.601824509976978561e+02 4.063607234737209524e+02 5.970575582061219393e+02 7.606722507171078860e+02 4.179367083615629781e+02 8.353250381226147283e+02 3.199523004905231574e+02 3.815836503606217320e+02 4.208302365233624300e+02 9.121711008921085977e+02 2.392009501789420085e+02 2.758416138259096897e+02 2.366949129311596494e+02 3.418689892124446601e+02
1.849925205943719675e+00 1.270261286567638734e+02 6.839846736732172303e+02 3.329864134775884281e+02 6.592873729539875285e+02 3.313482025558145665e+02 4.812927083873869947e+02 4.208824248639884331e+02 6.163295590154722277e+02 4.874986484140090965e+02 7.520050135010023951e+01 4.429280489190593926e+02 4.093567263816357809e+02 6.433390637630257061e+02 6.828397914747122286e+02 2.025407987290835479e+02 4.137474759539659885e+02 1.024051048784260161e+02 4.044454110492723657e+02
1.878365725130285435e+00 1.701391290978993993e+02 7.769536697224880299e+02 4.339863175389448884e+02 6.380601008014505169e+02 5.843287341937924566e+02 2.411998345255046559e+02 1.080487239423130177e+02 6.805772235297758925e+02 2.450710852610227164e+02 2.925711713201143311e+02 2.974755846247438740e+02 3.288854165320038874e+02 8.532397236231211082e+02 7.248694115353828238e+02 2.626805130218257318e+02 7.272221154402664069e+02 2.914234049118812209e+02 3.284133802743320416e+02
1.769103431679191818e+00 6.614784488621940000e+02 2.318721435081963591e+02 2.501698660873000222e+02 6.534856409446549605e+02 6.627489856311465246e+02 4.545744768186235660e+02 2.754862695248281170e+02 4.289052805280945790e+02 4.354585095214795274e+02 3.407079263572176160e+02 6.622654257672044196e+02 4.685938563652956645e+02 5.031743497864508186e+02 1.142924183111706498e+02 3.949087844488680048e+02 5.304805218200855279e+02 9.070608246827596588e+01 1.698958933930837816e+02
2.118444250960823005e+00 8.870906672805433573e+02 3.705356741302214232e+02 3.032308836287061808e+02 1.340306755767607001e+02 7.916063840494573469e+02 3.271926217896402136e+02 3.638360733629374408e+02 7.299315315239632582e+02 1.480462082743342194e+02 8.039119221426328750e+02 8.019823051509915786e+02 2.629965851266223353e+02 9.818437937780724951e+02 6.222761417367280501e+01 4.955001368624616020e+02 2.035121679862710380e+02 1.982359767364661138e+02 4.096455392486991514e+02
2.493215883527024168e+00 1.828272217848992511e+02 8.348434861124679855e+02 4.287520694498531384e+02 6.283242225663702811e+02 5.672810302149578092e+02 2.311371842209247802e+02 1.156155612055230222e+02 6.866728420811203932e+02 2.358221028284244198e+02 2.417245032205310054e+02 1.505069970520079323e+02 3.146180868397821087e+02 9.343327696415748278e+02 7.105183412703343038e+02 2.391958017117237318e+02 7.811450905639893563e+02 2.831431417906658794e+02 3.119856538833831792e+02
2.132486601048280139e+00 7.391286180184705472e+02 8.742604201244645310e+02 4.219646451092020243e+02 4.206900312610563901e+02 6.426464586585007055e+02 4.413046593339677770e+02 3.362418027216679093e+02 7.920483092801150633e+02 2.194275325771081668e+02 7.713319571617844304e+02 2.619721654077135327e+02 2.335723678018781584e+02 6.511698365365743939e+02 2.450104600285194465e+02 2.395971401803285517e+02 3.432073405735789038e+02 2.796540845848365393e+02 3.115505252818873601e+02
2.013280019035978086e+00 8.917401076753947109e+02 6.987339571583935367e+02 3.866667024767897374e+02 5.184038935455458841e+02 6.556968032525027468e+00 3.034052195141286461e+02 2.676863383209574749e+02 7.666233692705939120e+02 4.188079854947690706e+02 8.508545035658231654e+02 1.220393366612108252e+02 2.429737563536191658e+02 1.467957305862666999e+02 1.887382590718761151e+02 1.609176838935093485e+02 7.544356454479947161e+02 2.568435464002783988e+02 4.429753923113526639e+02
2.228477772709754667e+00 4.837391575506006802e+02 5.680836968388058494e+01 3.162686665971316984e+02 7.959144033819361539e+02 7.236555691862704407e+02 3.190885207007661393e+02 2.417606133346349679e+02 6.229922320077064342e+02 4.695813449564376469e+02 3.332366934535164660e+02 6.125515813097136970e+02 2.764618105195224871e+02 8.220411614345622411e+02 1.001021742541029198e+02 4.197336473224468136e+02 4.192290751804689535e+02 2.526186478661294927e+02 3.820162795720237341e+02
2.115200962047379285e+00 2.287905355999168364e+02 2.588360045271216450e+02 2.295185734287614423e+02 8.318722522098512400e+02 6.117461106358746292e+02 4.756071349724161337e+02 4.361658324768598050e+02 4.124401161538312977e+02 4.179952298032778799e+02 1.586299902582092329e+02 3.818037396425307861e+02 4.550544144266245894e+02 3.375513757781177446e+02 8.181194127807273162e+02 3.495140755406050630e+02 3.843271451924410940e+02 4.314084156876989482e+02 1.950514672835045644e+02
2.057387198283898933e+00 5.404776119745832830e+02 2.770823240296940639e+02 2.607015049062908929e+02 7.549088925295889112e+02 5.805291748919523798e+02 4.661872356608965333e+02 7.083598880068939252e+02 2.890935293394741734e+02 4.686324127040493295e+02 2.780316687080885458e+02 7.345538894801895822e+02 4.755837886169867943e+02 6.866200202246818662e+02 6.111602866943954950e+02 2.710630762297874981e+02 5.038443969343705930e+01 2.096213277322057706e+02 1.998792776695811142e+02
2.040458116883400841e+00 5.903356754555610451e+02 6.007460335762571049e+02 2.885431991840795831e+02 3.274277049923673530e+02 7.553659435232752912e+02 3.665640455229455483e+02 6.576523981155788761e+02 6.501521420376523110e+02 4.900663514306143043e+02 7.853423321285511349e+00 6.313396859175009013e+02 4.072142806446287864e+02 7.000046874728998318e+02 1.120376824816458310e+02 4.668639661989672049e+02 2.299107235958780393e+02 2.469314312127113169e+02 3.765616223191652807e+02
2.029565597028667678e+00 8.655564992752179023e+02 2.559453222126672074e+02 3.010860398615385520e+02 6.931112030574327321e+01 7.377580700033040557e+02 3.226526389183601964e+02 3.520475424504780904e+02 8.876668322716540160e+02 3.673506601606694630e+02 9.093452385029600009e+02 7.866117308258315006e+02 4.039098700631465135e+02 8.601628466523733323e+02 1.627645302847410278e+02 4.740429148127446410e+02 2.867384703791725542e+02 2.398290824485997916e+02 4.283633893126577163e+02
1.553107062335997712e+00 7.702830646215935531e+02 2.475036671421304391e+02 4.604639511424306306e+02 3.276249412105670444e+02 6.640166543684908902e+02 4.255736649112718055e+02 5.754482186797904433e+02 6.774360073986944144e+02 4.806070813750353068e+02 2.938164446820306921e+02 4.299678547329417029e+02 1.377871770687818298e+02 6.085585618630727822e+02 3.523452767626065452e+02 3.244769115278521667e+02 1.853666653987481823e+02 1.544454960165040802e+02 3.007158126303517633e+02
2.068112414186946246e+00 7.651397955091134691e+02 4.127077709840396551e+02 3.959392842680637727e+02 1.536876532174005661e+02 7.540527100269357561e+02 3.678211549379172993e+02 8.930231654779299788e+02 8.496396584932926999e+02 3.884686337339887814e+02 6.431896104195936914e+02 1.105235549175114187e+02 1.847169850892720717e+02 2.053397010588445823e+02 9.340272417161905878e+02 3.848389084553455177e+02 1.170779300939033192e+02 1.758025217775732472e+02 4.432601526326611747e+02
1.840498554781162310e+00 5.515749500973251997e+02 3.661009588823318950e+02 1.420667791858524822e+02 8.089231882327892436e+02 5.191172912778902173e+02 4.560864741058250615e+02 7.290892127830849176e+02 3.309017193599560756e+02 4.274789611542124135e+02 2.726690416459668995e+02 6.680539947635714952e+02 4.848416754708464396e+02 3.658564608083831899e+02 7.113021585480001932e+02 2.818753661123468532e+02 3.030139489137268924e+02 2.593688467323746636e+02 2.795243552885777376e+02
2.331685131968271651e+00 4.665220082950220899e+02 1.275288787428994937e+02 4.172128615472769297e+02 1.122683400567058811e+02 8.356919138733007912e+02 4.130526443082118817e+02 9.700238860455989425e+02 6.853625792588690047e+02 4.799873574137606624e+02 8.068433987447290292e+02 3.526702899778049414e+02 3.250385253953388656e+02 2.703906275453682611e+02 4.653532415131609241e+02 2.612795981248778503e+02 1.770126547076399390e+02 1.786467173086514322e+02 1.673321546099203658e+02
2.163342593187283391e+00 5.611954037680879992e+02 9.792296363949044462e+02 2.373383831486432882e+02 8.309714377810649921e+02 4.520604197798243149e+02 4.940741913319620267e+02 2.321910530443985579e+02 7.236203780785695017e+02 2.578586577479636048e+02 3.152781448190547167e+02 3.809225191023308810e+01 4.489439372891382618e+02 1.636867398377563916e+02 3.532446398198141537e+02 2.433666280447050951e+02 3.811374528468089125e+02 2.615729637440675788e+02 2.400728587583432159e+02
2.066099028351815470e+00 3.223706770892435429e+02 4.095220098349255977e+02 3.101134038924179208e+02 6.844300671157423039e+02 7.116650580081061435e+02 4.440186101272199721e+02 6.864290526163392769e+02 1.518149125677541633e+02 4.534882631773508024e+02 7.328510301337568080e+02 9.553512244117462160e+02 2.833837809648146049e+02 1.691178461729396076e+01 1.159340337358116813e+02 2.473985251749094516e+02 1.976610471329178154e+02 8.574260506968764730e+02 1.360512626350533196e+02
1.910511054093361638e+00 2.019807667462582117e+02 4.523316661096265534e+02 1.850416006974598133e+02 2.700465706274567310e+02 7.744300704448841088e+02 3.738128574668511419e+02 6.553997878937104815e+02 9.366787959745845455e+02 2.121659862602694204e+02 8.158730501283283729e+02 6.873701207777012314e+02 2.001285349768255912e+02 7.385035473652629889e+02 1.761914680159639204e+02 4.403763225817451712e+02 2.305543878478752902e+02 7.801631046970152283e+01 4.704315355642049212e+02
2.394251262891125887e+00 3.433280593116325008e+02 3.220265260298739349e+02 4.617274568347716013e+02 9.505288107697627993e+02 6.463790028572243500e+02 3.782040236654268597e+02 9.836777267872521406e+02 1.846870527624590181e+02 1.598763381003782627e+02 4.550989880696368459e+02 5.882315581344109887e+02 2.668905367021768598e+02 4.790046160755431401e+02 2.005332064330136745e+02 4.100318902218406834e+02 4.389201525898055252e+02 9.480320853298790098e+02 3.530701077747494878e+02
2.128137446583871828e+00 4.085643391260106227e+02 2.592961124630307381e+02 3.762564640488487839e+02 3.823672260286106166e+02 3.847536364692596180e+02 4.376625680793012521e+02 2.891404774650843024e+02 8.343892074421906955e+02 3.152970240978009997e+02 9.230223306702620221e+02 5.226800907309001332e+02 4.664616023259656004e+02 8.026900665287791981e+02 7.787078436375406909e+02 1.847597855210875650e+02 4.709202154809229341e+02 1.440932619992172192e+02 4.345511515544969257e+02
1.985048931439278075e+00 7.649179335915985121e+02 7.550786027759518220e+02 4.994968491457449886e+02 2.296165521717170463e+02 7.804845089140656000e+02 3.869586793482010307e+02 7.401258462098387554e+02 5.559282160839679818e+02 4.145533246283131916e+02 7.202314323551269126e+02 2.071669923294143700e+01 2.998809961474425450e+02 1.139798485723743795e+02 1.514074198112725753e+02 3.795654797609405477e+02 2.381652560712304592e+02 1.739704253980152089e+02 2.771883812305919719e+02
2.098121922140124163e+00 2.750586685418073785e+02 2.380317344804461754e+02 4.540117074426717636e+02 6.161594885939435926e+02 2.843717871554753174e+02 3.942281716766081558e+02 6.047758236684002213e+02 3.177912426924910960e+02 1.586051867861296500e+02 1.606857577060653739e+02 7.181367635889829444e+02 3.617955738729412474e+02 3.467595282096286837e+02 9.738884636853833854e+02 4.055057334979117059e+02 7.412392669870305326e+02 5.143696971319860722e+02 3.323676843809592469e+02
