6.553530871873642027e+00 2.238291484083744933e+02 9.574875071031704010e+02 2.389485971803527207e+02 3.225712566190845223e+02 2.955932469158377671e+02 2.825820965297349971e+02 7.000636437393500273e+02 4.967918620209845812e+02 3.226933832598077743e+02 4.722825663489018666e+02 6.593569529978747141e+02 4.076378262717635153e+02 5.345886974127658959e+02 5.055823990249983808e+02 3.393513558344243393e+02 6.856174004034819518e+02 3.630143800620237471e+02 3.875332403328774262e+02
6.695330352201890101e+00 8.506478240914308344e+02 1.431338404992193887e+02 3.543624559106279435e+02 2.088002616127745057e+02 2.427986609036827588e+02 2.178968799709854522e+02 8.831468933987594028e+02 1.680844872306929005e+02 3.374533107521472175e+02 6.638410761559588309e+02 1.032944771988194077e+02 4.554302860845267560e+02 5.060033718806517413e+02 5.664381063875719065e+02 3.164326869718740909e+02 8.601710791088673886e+02 2.192296841214900383e+02 3.654234119821439890e+02
6.687780569452651314e+00 6.434792248230230598e+02 6.879601171650690503e+02 3.193059351479622592e+02 6.120298646402102349e+01 2.052429537965380177e+02 3.715778076879721539e+02 2.691814222514820472e+02 1.321670869632268079e+02 1.848473641514008250e+02 6.836766322990745266e+02 2.109397041341530041e+02 3.397644954034245757e+02 5.799970237623402909e+02 2.666124456289926457e+02 3.505358573876592345e+02 6.042543819870326161e+01 7.679143774735911165e+02 3.866870997021704852e+02
6.802873966207799938e+00 6.010377151246862013e+02 3.580441051591589599e+02 3.621423215213328035e+02 8.241223454899668468e+02 7.494960393118929005e+02 1.113662703383289454e+02 5.005283646303959131e+02 4.539956926341861845e+02 4.317023562720258383e+02 7.888335325089061598e+02 7.113642794038976263e+02 1.114334779939772773e+02 4.268533641363500237e+02 3.372562790824464400e+02 3.603783957052103233e+02 4.398801931736784354e+02 2.170906184371918357e+02 2.654582676854421379e+02
6.740717989336966198e+00 3.603428010218192981e+02 9.758097293538514805e+02 4.219659425996269420e+02 4.644171287306979821e+02 8.161321750633085230e+02 3.558985741261229805e+02 8.908898051044000113e+02 9.537900868658705349e+02 2.100412678949712415e+02 6.736883238480454565e+02 4.933110424067840540e+02 3.593347103721752660e+02 8.747505076770488586e+02 4.706275645934921954e+02 3.274218823158773830e+02 6.457251117020459787e+02 7.832423143166190584e+02 3.606373031587283435e+02
6.700133177214716795e+00 4.620055111386382123e+02 6.233430018481844854e+02 4.262701829330994769e+02 6.421646945675422558e+02 4.505656509938262957e+02 3.955895834674078628e+02 4.865501353745827942e+02 4.421277783084636326e+02 2.023172456966126731e+02 6.206870426085852159e+02 6.669624512673468644e+02 3.129992896950166710e+02 7.792914205354369415e+02 3.327945228757815812e+02 1.434617724451336187e+02 6.246785367404946783e+02 5.100455360363718569e+02 1.767626756226288762e+02
6.624046644064583766e+00 2.972090458650465621e+02 6.425370939551650054e+02 3.669032681681430859e+02 3.887968561005284869e+02 2.491705231508477141e+02 2.118332171859758546e+02 5.296199523450775359e+02 5.038508073890950527e+02 1.584539730913457731e+02 4.874731037466826251e+02 2.267197128325359472e+02 3.632891489206650135e+02 6.746465867826934755e+02 5.088849508679213614e+02 3.660439951884424090e+02 5.854265591522078012e+02 1.506686080666468115e+02 1.843891743439899642e+02
6.625864944675832646e+00 8.020955586104917074e+02 1.345041574363223162e+02 3.687628721032705812e+02 3.806204470003158349e+02 2.029508972423212185e+02 2.753580035474508350e+02 1.740630302457323353e+02 3.849979148583698816e+02 3.859682780290227697e+02 6.019169617529345260e+02 1.607521904061911471e+02 2.713479487600523044e+02 7.623861455459270928e+02 2.361536459694904693e+02 2.216531374517802817e+02 6.624870726605809068e+02 7.405350754228099959e+02 3.929232035968047398e+02
6.569644095121020655e+00 6.853784127057668911e+02 7.271626918302324611e+02 3.181807567155993866e+02 4.125569277245494959e+02 6.811817725835308011e+02 2.113914330755142146e+02 7.280514598076127868e+02 3.788386198444840147e+02 3.728518971321411186e+02 5.636626412024124875e+02 6.047914208758982113e+02 4.639630082733140739e+02 6.903941465774189510e+02 1.085176457991898644e+02 4.369259305296997695e+02 4.702957850837163960e+02 6.743142795048285052e+02 3.296230375384587887e+02
6.773078660283450958e+00 7.259787617675918909e+02 4.709589749727845174e+02 4.685448920874935084e+02 6.572527918181235691e+02 3.184037654427027064e+01 3.130301626046477850e+02 3.237568218138720795e+02 8.603898149768107828e+01 2.718141028542013373e+02 4.305840737015731747e+02 4.197962372716813775e+02 3.883727761793001036e+02 5.251654934135355006e+02 4.950238026779608731e+02 2.653566439993936115e+02 4.588940257623017942e+02 4.219754629330785747e+02 3.152258568669100214e+02
6.916321255839993576e+00 9.879480502215062643e+02 8.208751202438525070e+02 4.589687359938463942e+02 5.117020997664334345e+02 6.191425246912885996e+02 3.593188177817289102e+02 8.559129376182310125e+02 1.353241786162867015e+02 4.001298046400680732e+02 1.099450050624301127e+02 3.875073203552886980e+02 4.095894313670086717e+02 1.867420026181478079e+02 6.714652064225788308e+02 3.279700266045113040e+02 3.172554769311063865e+02 4.320514275054228506e+02 3.932653732490094853e+02
6.703288557811578841e+00 2.572839578191141641e+02 6.693468398939626240e+02 4.115364956092140574e+02 6.028011297854809527e+02 6.367338972014705405e+02 2.702617443072991819e+02 5.924560184709049508e+02 2.825270385577555885e+02 4.034280582904506787e+02 8.258802305134128119e+02 6.258142886962662033e+02 2.232463929992583758e+02 3.996166308629728974e+02 3.838012511223967067e+02 4.439466518293394302e+02 3.772095164105376739e+02 5.136879190816860046e+02 1.499151034977946324e+02
6.823462263791530980e+00 6.794172620592271414e+02 6.904095214740137862e+02 3.041575527998513166e+02 9.072576676792051558e+02 2.885117210527242833e+02 3.243764729275827676e+02 4.417401422891944094e+02 7.551425063198687440e+02 2.479426590883025483e+02 2.247623899197875517e+02 3.579147650481175447e+02 3.845099858857309414e+02 2.010444149434665349e+02 7.505032298735332006e+02 2.376329360213146060e+02 2.971898181931449017e+02 6.426846916569029418e+02 2.598572465308653250e+02
6.681932609332729811e+00 4.080696889114728947e+02 8.875154144927399784e+02 4.860389114978371481e+02 5.778275029314579569e+02 3.554447650459447345e+02 3.335511355914109117e+02 6.896287071857144610e+02 2.369285110383680149e+02 2.997627090070427016e+02 4.184386553429564515e+02 5.684777867311426007e+02 1.822736338954562711e+02 6.017679238816714360e+02 5.907575653019559923e+02 2.036035927266754584e+02 8.229184423294753969e+02 6.371398721306562720e+02 2.710227005548063630e+02
6.582648306803628557e+00 9.297084222062932213e+01 3.831195473831508025e+02 4.908611544938803490e+02 4.266258621781094575e+02 8.331168358588552110e+02 3.715565652597161375e+02 8.326590875959022924e+02 7.202670066036220078e+02 2.685271390083420897e+02 7.874104541264464387e+02 5.426357564841064232e+02 3.975085854551628586e+02 7.390373729536489691e+02 5.488041044178364700e+02 2.985243172656917068e+02 7.493812390587559094e+02 5.396439921772018806e+02 2.905002685432557428e+02
6.703278494807700660e+00 7.981972679503741119e+02 6.701341315604046258e+02 3.861403390599736554e+02 2.413269127334692143e+02 6.223204068706377257e+02 3.698461744371764439e+02 4.240384718644786517e+02 7.126153619812190527e+02 1.564787676039906330e+02 3.574269628037337725e+02 3.668944878472775031e+02 3.836338320786991289e+02 4.553396178197456265e+02 8.514237970652948206e+02 2.180458966075923399e+02 7.270295966739959113e+02 2.206524600688507007e+02 3.122293359001251929e+02
6.552350544400999510e+00 3.566810216804797165e+02 1.300308428697829868e+02 4.492780896809645128e+02 5.750997100902752663e+02 5.621866786279085773e+02 2.805864018437713980e+02 6.297451730518349677e+02 4.483515762232739235e+02 4.927020118697979001e+02 7.137573581458709668e+02 4.672731403719077434e+02 2.831131918439804735e+02 3.807216884167372655e+02 6.906519475698393080e+02 2.986597000762268976e+02 7.889255892539702018e+02 4.462754485300385454e+02 2.217779753419692668e+02
6.945100376744474779e+00 7.428768305030749843e+02 6.672298116433680661e+02 1.586430836409548988e+02 5.102595103263095098e+02 6.051868065486150954e+02 2.785012216918321997e+02 7.438394899500082147e+02 6.869542133746051604e+02 3.703644944478023717e+02 2.869750303706202885e+02 6.085394538841843541e+02 2.458413817249261797e+02 9.492414119575438463e+02 8.172156602335481921e+02 2.373873797330768696e+02 4.237993734138069044e+02 9.003425949048476014e+02 4.872361543923404383e+02
5.973986337410953418e+00 4.996165467461725029e+02 7.135574409916105196e+02 3.229113933230793805e+02 5.442554442121409011e+02 6.923876463157110948e+02 2.555967550842600247e+02 7.655427893571107916e+02 7.430003006490816233e+02 3.962015682405819916e+02 5.980020205045049124e+02 6.310648771584144470e+02 3.974465443351702447e+02 7.299204824506417708e+02 3.859001625870086514e+02 3.387777371566408533e+02 7.866453608300877249e+02 6.842177773030851995e+02 2.076699348864439685e+02
6.835848297487382652e+00 6.222743998755720440e+02 7.152231344565126392e+02 3.519697478966349422e+02 9.664763943559479458e+02 3.992217025907520451e+02 3.787993507309290635e+02 6.486357594475034603e+02 4.240107576440261710e+02 3.329457578440241150e+02 7.403659812325179246e+02 3.802283187925002039e+02 1.531301964051555160e+02 3.000917963373041744e+02 8.751098477482864837e+02 1.907195257516801234e+02 6.783505779755753338e+02 4.417453123287076551e+02 2.054608598764144460e+02
6.759917401063120224e+00 9.585111082287983209e+02 2.240998928103280718e+02 2.843964241790922642e+02 6.041863205762847429e+02 5.543996614966506513e+02 3.587124113207431151e+02 6.693242768956890814e+02 7.318536309339890522e+00 4.831866618654631793e+02 5.661755399200544616e+02 5.987246204877117179e+02 3.640106772776915705e+02 7.427653289122220031e+02 7.515379051642929653e+02 4.206759412705623618e+02 5.576899393310551432e+02 8.142558490327787695e+02 1.113657985375531041e+02
6.821259013675559757e+00 1.258332858157310739e+02 4.954985483603960006e+02 3.772252170590772948e+02 7.556294595701970138e+02 1.900015990358236877e+02 2.929024775354463372e+02 6.112625793052420704e+02 3.147070189226051866e+02 3.545675326539463299e+02 8.952321963949988231e+02 6.157386454707141183e+02 4.481399135390838069e+02 1.617450780349756201e+02 4.289190668307591636e+02 3.539668189114919983e+02 1.577890058804734679e+02 9.280472575031661790e+02 4.958120312179322582e+02
6.872293612791345652e+00 1.205910800646461212e+01 8.303381743755281832e+02 3.884988297359611806e+02 7.883497452953877200e+02 4.788611199992645879e+02 3.265889284159795238e+02 2.137311242584451634e+02 6.824279606927752866e+02 3.432846958575178178e+02 5.086658043648989747e+02 6.703675115756686864e+02 2.692676648092581786e+02 4.757282794498328258e+02 3.194389498609467637e+02 3.756813888281930645e+02 7.876768451182564377e+02 4.061783452042560612e+02 2.150283432930239655e+02
6.664862271790439330e+00 6.354031333763018665e+02 3.155843577537961551e+02 3.623249430235538284e+02 2.933333877966507544e+02 5.274391362320276357e+02 4.153204800984364624e+02 5.111852729215631257e+02 1.449551536571557051e+02 2.375079714693105473e+02 7.140380019966870577e+02 5.560794700172110652e+02 3.730539255612803800e+02 6.750506258021588337e+02 3.143993622550108284e+02 1.786004109308933039e+02 6.730431006689942706e+02 8.085548926208939520e+02 2.843182609421081679e+02
6.880685025432240920e+00 2.009862394767877731e+02 6.678785439412331471e+02 3.218438394080636726e+02 2.908343764734593151e+02 5.371162139835419111e+02 1.785257180224814988e+02 4.878398284200688408e+02 5.153695489007708375e+02 4.097517256795641174e+02 6.759274931903743209e+02 4.083835234674406252e+02 3.071555935612769872e+02 6.468860084131417807e+02 1.794556454373641259e+02 2.876747672057280738e+02 2.353848926936886983e+02 9.697561812986427867e+02 3.348103427312622671e+02
6.816345104195165483e+00 5.632288953508998830e+00 5.200097106540097229e+02 2.446296435408626166e+02 6.558770585266690887e+02 3.350860566530336087e+02 3.493691455572242717e+02 8.792102215029829040e+02 1.872193654327908519e+02 2.048828337874688543e+02 3.196904891945134750e+02 5.617027046162203305e+02 4.181439995397893767e+02 1.982054468724765570e+02 6.933004795437864232e+02 3.120879681856699790e+02 6.815688404323969962e+02 1.496408139321382862e+02 3.683959387425901468e+02
6.611782018591850552e+00 5.565004476725822542e+02 4.291131933427973308e+02 2.799857309957582174e+02 8.039205673552448843e+02 6.316519262487569222e+02 3.269720733432473594e+02 3.685590182881134069e+02 4.438792279479933995e+02 4.459170969870401109e+02 6.649805546244327843e+02 5.442354169329804563e+02 3.498060039922341389e+02 3.189184184627578702e+02 1.990639037504511748e+02 3.609369972239946378e+02 3.410539046667709044e+02 4.373498557221541319e+02 3.505208277642452686e+02
6.726565618488214326e+00 3.717682049242769153e+02 4.692675158889558702e+02 3.090164426679891676e+02 5.845974143941333523e+02 6.212677337109188329e+02 1.522458109431759112e+02 6.127705804807245613e+02 3.142219030502397459e+02 3.528312189898852580e+02 7.994397069542337704e+02 5.758914501153385572e+02 2.369144192345926854e+02 6.787116588756985038e+02 5.846387560176341935e+01 1.655909964694310474e+02 4.349814997886832089e+02 3.756535010948343825e+02 3.504542683540694270e+02
5.940900238607147443e+00 2.181792104612621301e+02 5.602170721969198439e+02 3.391365610842548790e+02 5.518148548279675651e+02 5.348526790922371674e+02 3.332315184521228844e+02 5.116638946735832292e+02 3.045762937944132318e+02 4.548678717902179756e+02 2.822598778113455751e+02 6.901779879494195029e+02 3.293078101366926944e+02 2.458791230476529677e+02 4.070730179667964990e+02 3.922666335439784007e+02 4.035732928530389358e+02 6.053980493184038778e+02 3.461438276859199732e+02
6.763968180345417025e+00 7.937620818331080272e+02 5.140675358048724775e+02 3.836163074335465808e+02 5.184929152573894271e+02 7.451041579319846733e+02 2.653755661998133633e+02 6.003661895247781786e+02 6.098806475007480685e+02 1.955912421440602031e+02 3.493511944432466407e+02 6.261038518034519029e+02 3.083742717113901790e+02 4.927158811960606499e+01 6.426312756230485093e+02 2.572486355615767479e+02 3.411520535718763085e+02 3.026011876446038400e+02 4.173980656892319985e+02
6.560270947581529732e+00 5.199353858745266734e+02 5.199596440734819680e+02 1.515294613387098366e+02 4.332098499414500452e+02 5.670972296686012442e+02 1.237430164868533780e+02 6.342073785985503491e+02 5.865778118815881044e+02 2.612727811569446885e+02 2.153896374718189577e+02 6.273351625639727445e+02 2.191362249567773119e+02 3.643575735705354646e+02 3.560544550641383239e+02 3.254831731185421404e+02 4.750211194711197322e+02 5.046366422359647004e+02 4.933630080704868988e+02
6.517145680590388679e+00 7.411437697468047645e+02 8.208267883272642393e+02 4.049681226689907589e+02 4.861284413848578652e+02 5.301252221074682893e+02 3.785649705453241722e+02 8.359363971394175223e+02 3.391266385499334035e+01 3.069056826756603868e+02 5.178659879857799524e+02 6.609382398629448971e+02 3.120819354232591536e+02 5.815414638527304305e+02 2.841116937057183804e+02 3.789513812880411479e+02 5.118332212260826282e+02 5.342769918261985822e+02 3.207434720461610596e+02
6.892565588390801246e+00 4.505487610014444044e+02 2.686896666294920806e+02 3.806753348889352537e+02 2.412788080747679658e+02 6.197384186713223926e+02 3.188665180763338185e+02 3.362001775076934678e+02 3.877495482510843772e+01 3.424746861493489405e+02 7.872451097966785483e+02 1.993330121442312191e+02 3.921580407311201952e+02 9.438719817136137635e+02 1.357957508659648056e+02 3.572778304222516681e+02 4.992786957079761123e+02 9.008147340235049114e+02 4.548495540762493192e+02
6.447689319097213101e+00 6.273661899559020867e+02 5.408157469705668063e+02 3.336590185990716009e+02 5.802204904865391200e+02 6.411693965622866926e+02 3.560237151560553457e+02 3.406093890568917004e+02 5.998608583511264669e+02 4.556743135703217149e+02 5.952926218306951114e+02 7.715735405004943459e+02 2.387390914272019415e+02 3.170347763117579802e+02 7.869900191590120357e+02 1.462925280555255085e+02 1.592406557347296996e+02 5.329104230103814643e+02 3.428165407884087585e+02
6.740978071240494529e+00 7.076710094281631882e+02 1.832601189022363144e+02 3.476024640890224759e+02 9.462473072157929437e+02 4.611991438974608855e+02 4.000586046034043761e+02 7.446523069712243341e+02 2.704147795398308745e+02 3.344636819551018334e+02 8.695520514191911161e+02 8.520288626190563264e+01 2.798179548469870497e+02 8.093761008542775244e+02 5.363697235907699223e+01 2.675165419763898171e+02 2.411720742311262313e+02 4.584636415029043519e+02 4.148266963001866543e+02
6.596061899638260506e+00 8.901470335989788509e+02 1.920027902762440419e+02 4.213536973050467509e+02 5.594722001253545614e+02 6.699150313442210063e+02 3.698987683152731734e+02 3.864716997545313006e+02 3.002593643059850592e+02 3.251425684494667507e+02 7.022533637241008364e+02 7.066048358933878717e+02 2.336306575161521550e+02 3.952080760917716589e+02 6.241686994557696835e+02 3.950308545262035977e+02 6.784860933189889920e+02 6.323739118901800111e+02 1.898782601991889294e+02
6.767962676953724888e+00 6.319286256561631490e+02 5.151905843159599954e+02 3.477385193734295399e+02 4.447571525234656065e+02 5.441432471938603612e+02 2.746774680336726533e+02 6.433847491119149709e+02 1.536973858226551215e+02 3.041777327076570714e+02 9.096236021135053988e+02 7.377527065459651112e+02 2.873465026631477031e+02 7.824134973717943922e+02 1.632659897407541507e+02 1.621111404483491185e+02 8.966864316037159597e+02 1.525477099144304702e+02 2.862014339552118258e+02
6.598931376930929460e+00 2.322927109460184170e+02 5.339378997489593530e+02 3.516161362453170227e+02 3.909761057928573109e+02 4.206129805898379459e+02 4.810079804727383248e+02 4.002436508328966056e+02 4.118408794248652498e+02 1.427727231821447162e+02 3.525009357704745412e+02 4.827044221041725223e+02 3.430248039550878616e+02 7.116460948515427845e+02 1.585093880734412153e+02 2.834579267987310800e+02 6.192583945296449883e+02 3.800529798960944277e+02 3.211921311716546370e+02
6.648678412461019427e+00 4.187093733121229775e+02 9.122209403410581672e+02 2.937419743315048208e+02 4.367667339694790485e+02 7.034093250520462561e+02 1.818839990856748727e+02 5.347796408478875492e+02 5.830356869046055408e+02 3.492672328196644003e+02 5.259316634332556077e+02 7.268397954357736808e+02 1.367011940547637323e+02 6.938161489878636985e+02 4.422676147505128483e+02 2.725623773262137775e+02 4.689024053467723547e+02 8.601004415568348804e+02 3.627706063745256415e+02
6.605653228146344702e+00 8.323480651249996072e+02 5.930723456950117907e+02 2.334790555961483847e+02 7.295908798395362282e+02 3.727315576327549707e+02 2.155555690372210620e+02 5.828912946527933627e+02 4.955551530826410840e+02 3.396170973982424925e+02 4.848052934742157163e+02 4.216259947988739896e+02 3.614224775570488646e+02 2.038542840961882519e+02 5.979275500520085416e+02 2.544173672242085615e+02 5.419969235700440322e+02 3.209366481471556654e+02 3.583521290301899853e+02
6.592644836480225479e+00 7.572223335813946505e+02 6.650921225924259943e+02 3.333635748935420224e+02 7.538341836618795924e+02 1.975482814317572036e+02 2.714014094968605377e+02 2.192937042732184523e+02 1.979649071266559872e+02 3.350398224076923839e+02 1.455563656963375649e+02 2.019712763284192647e+02 3.492794201437953348e+02 5.414826557824994779e+02 2.582280320499046411e+02 4.031300883811369999e+02 5.817325341019152347e+02 4.332543000036851026e+02 3.210097737051276567e+02
6.552415653185732047e+00 2.562946689536804570e+02 3.974984852589131492e+02 3.040671620526813399e+02 6.725920920668576173e+02 6.289303655058643017e+02 3.457108893980064863e+02 1.970915201518803030e+02 4.291791047813718478e+02 3.887709340959403903e+02 6.506135584135196268e+02 6.224919740247701156e+02 2.538184689009215447e+02 2.340779801274107115e+02 8.227340160453964018e+02 4.825663064630047074e+02 4.777771166307617250e+02 6.033500269617424010e+02 2.568110787065759268e+02
6.427858503577443372e+00 5.941404544930542215e+02 6.136794897198675471e+02 3.544908545200677850e+02 7.456837143348052450e+02 1.336283905905239635e+02 2.992485842378370080e+02 6.190773638323504429e+02 9.149864622889112979e+02 3.247567064061476003e+02 9.295166968157527663e+02 3.682742551886101410e+02 4.236256897447749452e+02 6.233682220653830655e+02 5.092690290056104914e+02 3.171369571472487792e+02 6.970732644899494517e+02 3.563994966806158118e+02 3.420743061290619949e+02
6.634618465383073982e+00 3.415000299387500036e+02 2.834912739928222436e+02 2.643737747200962076e+02 2.038470943313780026e+02 3.789936734033885841e+02 3.855518014906446069e+02 1.711183834728417423e+02 6.816348454235042027e+02 1.198916469821835449e+02 6.570724833118988499e+02 5.110722322783991558e+02 3.437716946482912590e+02 5.460383602856733205e+02 5.700998521115024005e+02 4.109914521696703105e+02 6.286527896254719963e+02 8.480031678487644058e+02 2.305809465725196503e+02
6.953646111826394360e+00 7.166538699029756572e+02 9.263203004030707461e+02 2.417146885543946269e+02 5.367532465726313831e+02 5.867963152945109186e+02 3.918972486350936606e+02 5.274153547556114745e+02 5.018752534811717965e+02 1.942766166633844023e+02 4.887372689167593762e+02 9.129987711000155741e+02 3.420975613098099188e+02 3.944855153447863358e+02 3.678610479380702145e+02 3.094030953690586330e+02 2.218086950040104739e+02 9.752534960058204661e+02 3.557838411265551031e+02
6.501619345092823465e+00 4.916339558566158416e+02 5.807064444633026596e+02 4.157080259412078362e+02 7.575978698865686738e+02 2.642148764337400735e+02 2.929349681650717230e+02 5.771069442605727318e+02 2.917569447404073344e+02 1.837346282770153323e+02 4.570970302388558366e+02 4.709075027108005429e+02 2.138636678228035066e+02 4.540843848346289633e+02 7.246290290318765983e+02 3.417944608467083754e+02 4.637250220762603021e+02 2.029568774735190573e+02 3.364102640809391005e+02
6.759229346176161002e+00 7.291440160575141363e+02 1.728067997086657499e+02 2.229739405333052105e+02 1.142121351659140203e+02 1.688901414697785981e+02 3.014331429662179289e+02 2.951912713146289207e+02 2.485959400922612303e+02 4.621513207481002041e+02 8.174667274443553424e+02 4.080287264856511342e+02 3.030335157688621166e+02 5.162553360693290188e+02 6.138533788695897329e+02 3.561125698836212337e+02 3.077016087870277374e+02 6.598787551415485950e+02 2.001535203507564802e+02
6.258673525310930685e+00 5.022339658694402260e+02 3.482560698094568465e+02 2.496391698888202200e+02 3.503561792057885782e+02 6.154184368371209075e+02 3.024902708159794997e+02 4.860480551554481394e+02 3.463816913481668962e+02 3.991229065669414240e+02 4.851364513983027109e+02 3.742294734742370110e+02 3.289281596925836766e+02 6.518757168046161041e+02 2.189897486687970627e+02 3.599342806841277138e+02 7.430852776390564713e+02 6.325922524780360163e+02 3.841667180962243719e+02
6.158426430086406000e+00 6.537609759040241215e+02 7.885754895038948007e+02 3.727278542429052095e+02 6.170900062598180966e+02 5.433148332995233432e+02 2.631886339175567855e+02 6.944459702834991504e+02 7.078216654035500142e+02 4.277177106327191609e+02 5.873994356143142568e+02 4.124679025082162411e+02 2.406977750851053770e+02 5.315140603316260695e+02 6.037891255427900887e+02 3.307681056875443346e+02 6.737521144131814026e+02 7.169402509071686609e+02 2.997080138036054677e+02
6.629417668736017788e+00 5.287422662490561152e+02 1.926614078875300606e+02 3.014346134562810562e+02 2.727871960929081752e+02 6.336510712485317072e+02 3.940483679424332308e+02 4.659670829052440695e+02 4.078910241386235498e+02 3.778251994965040694e+02 3.015188674483100044e+02 4.698476572961649254e+02 2.724836316700883572e+02 6.735403686244446817e+02 2.453372552210135780e+02 2.125445569832863271e+02 7.004261522056810918e+02 3.099682620899973244e+02 3.049264797580838149e+02
6.390859026319698266e+00 5.022339658694402260e+02 3.482560698094568465e+02 2.496391698888202200e+02 3.503561792057886350e+02 6.154184368371209075e+02 3.024902708159794997e+02 4.860480551554481394e+02 3.463816913481668394e+02 4.387966495271436997e+02 4.851364513983027109e+02 3.742294734742370110e+02 3.289281596925836766e+02 6.518757168046161041e+02 2.189897486687970627e+02 3.599342806841276570e+02 7.430852776390564713e+02 6.325922524780360163e+02 3.841667180962243719e+02
6.623818117372737291e+00 4.943482301027509038e+02 8.913075267039937444e+02 3.151827547260156166e+02 6.323633951566379210e+02 5.043825570965389602e+02 3.182755848340278249e+02 5.337360860179865085e+02 2.963254726436133524e+02 3.078608333988309482e+02 5.311413417300896072e+02 8.353667965075434267e+02 3.073858432276251733e+02 3.898066882928316090e+01 3.960405727261828588e+02 4.299672981809147814e+02 7.402809085382706371e+02 5.397415697088838442e+02 3.366455275667415208e+02
6.824116599025741081e+00 8.862463197198949274e+02 5.053727868524267706e+02 1.536219264288724276e+02 8.124620827427519316e+02 8.751698176317652269e+02 1.931395584633769147e+02 2.899266206605799994e+02 5.049439102021862595e+02 4.957357861770104819e+02 5.480042091074751625e+02 9.369747317532289799e+02 2.597058947440516476e+02 6.450342802026679010e+02 5.554100954521857147e+02 3.255463318016122116e+02 3.656023315270306284e+02 5.602819292750859859e+02 3.375269331504009642e+02
6.697404744614985361e+00 9.876794080061958994e+02 6.182277934552618035e+02 2.736943787209164043e+02 6.116747938731584782e+02 4.919501995879196556e+02 2.556280728629258761e+02 4.829845242609358706e+02 4.998531832572730309e+02 4.385623304587188045e+02 5.922857513771809863e+02 2.272445634289161376e+02 3.066867508958324606e+02 4.699063900874427304e+02 6.369659343839330177e+02 3.077484384686126759e+02 6.775668436496820277e+02 4.368678238733454577e+02 4.297751200955079867e+02
6.988162755002696791e+00 6.475474838356142300e+02 8.174033227748384434e+01 1.074168627470540542e+02 5.513791439806847166e+02 9.065881382180898527e+02 3.710016867253572173e+02 6.885701520604739017e+02 3.324374397595131541e+02 4.648317344037108114e+02 5.264663635940329414e+02 2.011661388436858147e+02 3.351561033143526060e+02 5.034171564234288780e+02 7.631790907576157679e+02 3.523512303524279332e+02 1.289607508105655711e+02 1.691439429756783852e+02 3.069590976684115731e+02
6.456023886226312847e+00 4.421708862700641021e+02 7.358695043740458459e+02 3.619911824179567930e+02 3.798175572870527503e+02 4.506415586078860542e+02 3.038773647884566458e+02 5.045728023778530087e+02 3.771947701010229821e+02 2.411657481470391247e+02 7.723878090425504297e+02 5.516327880483007675e+02 3.653922519150191306e+02 7.470516635245091948e+02 2.977012895580882628e+02 2.977597745997902621e+02 6.749124237203886878e+02 8.126617990297730785e+02 2.688192943743149499e+02
6.783986239808667662e+00 5.343964893137333547e+02 4.789337808884221772e+02 3.030891158998624064e+02 8.147258013864116037e+02 3.823874887168569217e+02 3.640938904699397654e+02 4.364738014327409132e+02 4.813817819437730918e+02 3.793979973194308855e+02 7.842208966208843322e+02 1.354388291075492248e+02 1.637178409862870296e+02 6.368860228349628869e+02 8.005008964973999355e+02 3.766334360334936946e+02 4.108754587108717260e+01 5.991372627590648108e+02 4.396620223560433374e+02
6.413199598009509117e+00 3.378544991472475090e+02 8.318669207351495061e+02 1.268263705590062500e+02 4.203958826081900497e+02 2.629598364777437496e+02 3.172788800230506467e+02 7.531327606537145130e+02 6.324182126809793090e+02 2.807663442520668013e+02 4.803637511367418256e+02 6.235229323050249377e+02 1.406763790849361158e+02 4.685038115944827268e+02 6.981412665876441679e+02 3.645095768954343498e+02 5.306566298654623779e+02 5.633562561310943693e+02 3.893977707121504181e+02
6.697771019304154194e+00 7.884973144658866886e+02 1.722893872944741531e+02 1.913405152322065419e+02 3.467081529865898801e+02 2.281742759822803350e+02 3.522119073820649646e+02 7.744577189464506546e+02 2.449630063112582548e+02 2.932559433099479520e+02 1.399559625598989214e+02 5.833857786499244185e+02 2.060272350881813281e+02 6.022886992566975550e+02 4.165649570590799726e+02 3.718634872431724716e+02 2.277468497395609575e+02 3.369185632569623294e+02 1.297228394260523032e+02
6.452641770864068427e+00 6.036872881251739500e+02 1.689339247576463663e+02 3.676469050458300671e+02 4.688662116636013479e+02 6.537575210700996422e+02 3.623882505116223456e+02 6.227221383158627077e+02 6.767402215983388487e+02 3.664973266081906331e+02 6.666417216866151421e+02 5.535308899190989678e+02 3.216817674908523941e+02 7.757270734339630280e+02 6.593413644719363447e+02 1.646994747297200661e+02 2.128453519936811631e+02 2.346071263416505701e+02 2.430427681862065867e+02
6.843850164448440410e+00 9.043253116189832781e+02 2.402671959395526073e+02 3.823493696805259674e+02 7.459782703018245229e+02 8.311575042286781354e+02 4.484078698192000161e+02 5.018319405579874228e+02 5.724525117980140294e+02 4.965042816091394684e+02 5.989679321587750565e+02 1.558531709369423197e+02 1.698590751638434995e+02 6.370723777842912341e+02 3.458557402222089081e+02 3.492927380522774001e+02 7.254732039251985043e+02 9.595603360815797487e+02 2.966781437906176961e+02
6.184633674720457996e+00 6.253819411798834835e+02 5.793891909012172619e+02 2.818987600907033766e+02 3.661787284973294163e+02 3.254261680599706210e+02 2.807847532105708410e+02 8.038966433245626604e+02 2.688182831270245288e+02 2.835409862309692812e+02 5.631847194023159773e+02 3.311255607468606286e+02 4.172773365245429318e+02 4.395194052503720741e+02 4.410048104862877949e+02 3.541502254100334426e+02 4.427861872931667335e+02 4.354753797585938173e+02 4.003178215211585780e+02
6.720040195933961513e+00 7.446746640109158761e+02 6.209465416296229705e+02 2.945682567701140897e+02 6.250397071188201608e+02 5.155227357508626937e+02 2.675246602595804006e+02 9.239648484631968586e+02 9.615137071181241879e+01 2.793521851950176824e+02 6.205693973812319655e+02 1.706577204338406659e+02 3.937199300659331129e+02 6.543861907508085096e+02 3.047593691313691124e+02 4.475999179700821742e+02 6.839537902814726067e+02 6.722253404869375117e+02 3.211000965726435084e+02
6.645447640548867163e+00 4.815985963742624563e+02 2.746829616162119692e+02 4.888455342692739123e+02 5.934277542427652179e+02 5.454263560441946765e+02 3.355194978173810796e+02 6.682727423620166292e+02 4.975663737938255053e+02 2.176011152502365462e+02 6.855333997991860997e+02 3.541407623605200001e+02 3.650869253548536335e+02 2.655777944346407935e+02 7.396287531363363996e+02 2.225999843265026357e+02 3.730602059795173773e+02 2.126909759368652999e+02 4.261142432726271636e+02
6.366264845967515740e+00 5.132808456194014752e+02 4.106108822438720836e+02 3.463853924257285826e+02 2.457484533586140287e+02 6.796637783485481350e+02 3.753086265511263377e+02 7.446291085676040211e+02 6.722993473743593995e+02 2.766928375452393425e+02 4.393307293568576597e+02 5.563054990659559280e+02 2.311918019607238648e+02 7.352321872473809208e+02 3.662663221089117087e+02 3.895432422058432280e+02 3.301771445678541568e+02 1.277207771765666848e+02 3.544306285164684027e+02
6.772591348994454030e+00 6.750828971636551614e+02 7.165705613881913223e+02 2.224286859931299318e+02 3.870664831133568669e+02 1.219035463004255178e+02 2.054972089309684975e+02 7.743911537534576155e+02 3.965356160976220963e+02 3.472366171318326451e+02 5.424324922693299413e+02 5.251228873092740059e+02 2.278547134520933071e+02 9.777683486799784305e+02 6.231418884210188480e+02 3.510840250823450788e+02 4.659808139700913330e+02 7.061026551819104498e+02 3.539330551041140893e+02
6.741124338329646193e+00 8.854235871075245541e+02 3.338064418283843224e+02 3.491769726034401060e+02 5.013931406254935155e+02 5.834070902868176063e+02 4.787889023421694787e+02 2.447388160742325454e+02 8.005530849773288082e+01 4.433126621412096711e+02 6.319604561494072641e+02 8.323022422300538210e+02 2.378873116711926343e+02 8.982600163589139584e+02 7.569184918101610720e+02 1.180147157145740096e+02 5.814085900341153774e+02 6.332220414577880092e+02 3.489921244781760379e+02
6.819660377753913316e+00 2.565008511046933677e+02 8.267147191392184595e+02 4.087298728377772932e+02 6.192411719813067066e+02 3.530349290310850279e+02 3.075557802051419003e+02 7.107374192577765371e+02 2.837513437236851814e+02 2.583674810946088201e+02 4.677681593549965555e+02 4.504434626978506344e+02 2.251012748487665078e+02 6.730995786018414719e+02 5.821363369307429139e+02 1.767277790153536046e+02 8.270677527604957504e+02 6.051538047602913366e+02 2.918302470704566076e+02
6.634016974816743684e+00 2.669996011986813187e+02 5.691305051862341315e+02 3.921259229693808948e+02 7.475138405620915591e+02 2.944157015455184023e+02 2.802906905024809703e+02 2.846966046149328804e+02 4.209488062836915674e+02 1.290605062870639586e+02 7.018752343266089611e+02 3.329200379224176345e+02 2.028819699073800962e+02 6.288881605587888544e+02 5.144088881771150454e+02 3.278810932113591434e+02 2.769477793201093050e+02 2.465146983596183645e+02 3.910040399458970910e+02
6.681873020845126909e+00 6.080329603541516690e+02 7.173638217176919625e+02 2.875879980470176633e+02 8.395018605060604386e+02 2.330395394685029373e+02 3.151088728687082039e+02 2.524081261873557196e+02 5.423462913234237703e+02 2.570462029250844580e+02 5.776761340849146791e+02 7.839230705945723798e+01 4.798887134243944388e+02 6.813404168044971811e+02 4.281165076108264884e+02 3.306188637641797641e+02 4.763538418218862489e+02 5.115983458590871464e+02 2.402443442357808578e+02
6.678889762271966291e+00 7.842277443118393876e+02 2.413098283639402553e+02 2.789748951229287286e+02 2.375836041237479321e+02 6.989825072436419759e+02 3.797111986182192140e+02 3.798386012356411356e+02 2.869149256955522560e+02 4.655293325556486934e+02 6.911830232965859295e+02 6.502294503270437644e+02 3.062197471202471206e+02 2.590196460008477857e+02 4.642846276835741719e+02 1.811480909802459962e+02 2.541490077638057414e+02 8.291332908975025475e+02 4.337667395913100563e+02
6.377294361210740448e+00 6.174700213646164002e+02 3.971344746743068868e+02 2.614266170641586200e+02 6.844597701819592430e+02 5.275977655309915235e+02 3.776142138696961865e+02 8.247447396954835312e+02 3.979920679688663085e+02 4.268694600994928692e+02 5.603728604438180128e+02 4.943694647500558403e+02 3.445132681883277428e+02 6.834224786070619757e+02 8.004101905479915331e+02 4.048633211702984340e+02 3.270950364850205005e+02 5.584014228017001642e+02 2.882101568509222034e+02
6.515841358755505297e+00 6.214804637441311570e+02 2.443316706415000112e+02 4.211270031517304915e+02 4.036573142472605014e+02 3.195631826219489540e+02 1.940774319231818197e+02 6.228970596227175065e+02 2.079774267545506632e+02 3.552710881068622371e+02 6.098013084367549936e+02 2.870462441148697508e+02 4.404052725766751450e+02 6.665523364380138673e+02 3.904557439409979906e+02 2.392431564622953033e+02 8.224490636171010465e+02 3.976943502523385519e+02 1.426237044309796431e+02
6.441778990323651755e+00 3.203623679034474208e+02 4.973530572274312931e+02 3.603564026969569341e+02 6.097798137104925900e+02 4.298513353406153783e+02 2.844995472391864269e+02 6.561034098979190503e+02 3.308443172354424178e+02 1.487166922857518330e+02 4.688776801168453972e+02 7.137930300999096289e+02 3.880289669895422549e+02 6.745359649668686188e+02 4.825301813032305631e+02 3.506940513679267042e+02 5.891619625394895365e+02 1.665985734689818969e+02 2.341457319507596821e+02
6.778638619872020321e+00 7.342109618494632741e+02 6.243758293909322674e+02 4.800663839230854819e+02 9.991715207567172001e+02 5.243487334087612908e+02 3.251948793351068048e+02 2.369567638886054510e+02 1.386258777991089914e+02 4.108318571164023751e+02 7.069909175858298340e+02 3.687885490238602415e+02 2.219808987424246425e+02 6.767990751070219630e+02 3.736376297081717439e+02 3.452467734621441764e+02 2.802302376688311938e+02 6.695169156675368640e+02 2.693228541301259611e+02
6.583970558858512234e+00 3.965488219081186116e+02 8.162060042943063536e+02 3.507987958439562135e+02 4.439396150462047217e+02 6.033928597111369072e+02 3.365160711741202704e+02 8.645187674002029325e+02 5.323179935196916404e+02 2.625606077072607718e+02 5.228655740715367983e+02 5.612954045048477383e+02 2.742497458861085988e+02 2.931294067701273320e+02 6.557637058303782851e+02 2.851494364694082151e+02 7.868757102919914814e+02 7.590264555271893414e+02 1.741242193800597420e+02
6.756538230169086390e+00 6.334027001060591147e+02 6.805447428615846093e+02 3.706256598323884646e+02 6.459208458903727887e+02 3.516841900258575606e+02 4.138336048286832352e+02 2.361219407405521906e+02 3.564725192954994100e+02 2.340670651002174054e+02 5.225033336292851800e+02 8.710697541107593906e+02 2.949240160788091885e+02 8.106836793279252333e+02 5.909492116790357841e+02 2.988220969066533144e+02 3.768429956225620003e+02 3.981362581510413747e+02 3.518672389418368311e+02
6.269058637681663271e+00 2.776942541461529004e+02 6.056654135717353711e+02 3.779977625999256929e+02 6.344056381044232467e+02 3.558970885732585430e+02 2.211846466027090798e+02 5.745512991455539122e+02 2.418398765973519460e+02 4.309347131371690125e+02 7.261110595709981226e+02 5.391217480951294192e+02 4.703966755377668960e+02 4.383753396539328264e+02 2.676007590795643409e+02 4.282729881405210222e+02 7.597947535952337148e+02 5.480520804121995297e+02 4.835866029438720943e+02
6.589021655771910346e+00 8.518302659115066717e+02 4.399863396975242722e+02 3.041786712854139978e+02 2.689264049643770136e+02 7.466355693560822147e+02 2.896918615846702210e+02 7.336612425291215231e+02 8.380433154531979199e+02 4.232794857396440875e+02 4.688156226804173343e+02 4.984841915185138532e+02 3.770177982811771926e+02 4.568873062676650534e+02 2.754011138213401182e+02 2.973912704474299176e+02 4.218038338124785014e+02 2.532241578798985415e+02 3.745704570221663516e+02
6.643279492552791154e+00 5.515852976922286643e+02 6.023098624695784338e+02 2.876627281146978703e+02 4.483677930772141167e+02 7.116633620117338523e+02 3.152439614429559924e+02 6.070631967448346131e+02 2.638868219747677131e+02 3.893706895257639076e+02 4.971431313562408150e+02 9.767402430190086307e+02 4.225611328631954962e+02 7.234313184144069737e+02 5.823638312900145593e+02 3.930033351254290892e+02 8.969725293195801896e+01 7.100467455102723306e+02 2.976800912573836513e+02
6.372966677704741123e+00 1.998034052812855634e+02 5.085283520904628176e+02 3.592077996149189971e+02 5.273473755983485489e+02 1.620353228561453989e+02 2.611459148332598943e+02 2.513349991010688882e+02 1.368357814907209331e+02 1.535809982000960758e+02 3.467006966137323616e+02 2.993191481344169347e+02 2.946478378172608359e+02 5.611420590749663688e+02 3.541771094839614307e+02 3.853239347950838578e+02 3.640685509927790235e+02 1.563475935107603618e+02 4.861088023786638246e+02
6.743328549100302993e+00 6.163465244669908998e+02 8.670418693610267837e+02 3.593585022599106082e+02 5.991535002819670126e+02 4.267805439577664401e+02 3.550648042225798235e+02 3.609212304697413742e+02 4.189819432389584222e+02 2.627572461327015390e+02 1.739080462004442325e+02 7.396129804784181943e+02 4.536667583137987094e+02 4.152809357550959248e+02 7.569079135842953292e+02 3.228013716463330525e+02 3.060839995051303504e+02 4.827744692017359966e+02 1.918841574611094813e+02
6.915827672848466001e+00 3.896981461036854171e+02 6.981588419805751755e+02 4.525878172215849418e+02 7.718270814533545945e+02 2.265496441343063054e+02 3.377479066405057324e+02 2.001893979681566407e+02 9.249857366456348018e+01 3.455572768609387708e+02 5.536035936377265898e+02 8.200941005848637815e+02 2.533823569417102703e+02 4.195623616322507701e+02 6.146606666888386599e+02 4.476848358283749576e+02 9.711451932860600209e+02 6.279744838738060935e+02 3.426940539593362018e+02
6.595524921930350004e+00 6.089419671185573861e+02 1.949571125127195899e+02 3.615953493048204450e+02 4.246930721793285102e+02 8.796420360460389247e+02 4.175426230545545536e+02 8.276597330215748798e+02 2.350724085149533096e+02 2.084559961689797944e+02 6.601587737799434308e+02 2.725503889599929153e+02 4.183913990869792201e+02 3.777042223600763009e+02 2.145862198410589770e+02 3.555850931612365002e+02 7.109830208871127297e+02 2.983000609292559488e+02 2.767091240348916017e+02
6.860226624582821842e+00 9.248990399749354765e+02 8.879969706751082867e+02 2.922428577982603315e+02 8.510801554548427248e+02 6.143080702229419785e+02 4.518872205536075626e+02 6.567826314111783859e+02 2.945685579141584753e+02 3.031950026322166991e+02 4.440398435999831008e+02 8.458441670327986230e+02 4.482105867324474389e+02 6.962069821113020680e+02 7.282279222794766156e+02 2.745446398597334792e+02 3.750922623499305928e+02 7.964138442157570807e+02 3.996737679891140829e+02
6.441478886685906957e+00 4.331533934793707203e+02 3.838220439221564675e+02 3.732094364677815292e+02 3.947647921836809815e+02 2.419227072791028093e+02 2.089863156130975312e+02 5.329910707983505063e+02 3.961403418999942119e+02 2.075750457255518313e+02 7.186472822751172771e+02 1.208625912230283461e+02 2.343788420049043566e+02 7.642161333718212290e+02 1.204285970700275499e+02 4.911057392514851472e+02 7.200224711020531458e+02 2.601490317856862475e+02 2.645631595902028721e+02
6.635804881746333983e+00 7.259110739612101497e+02 3.011306464416948074e+02 3.897538403316341942e+02 2.643749204123166692e+02 6.363691898586853313e+02 4.076650609651888431e+02 4.575072643897480589e+02 3.485317928952196098e+02 4.217807132883326062e+02 3.046254997427802778e+02 6.034786444694669854e+02 4.440590659132947167e+02 5.748163401281275355e+02 2.678048831823649607e+02 2.625605801792135026e+02 6.639551781951464591e+02 3.623262951595311279e+02 2.686177956164046918e+02
6.614888358201328700e+00 5.583746602297094341e+02 1.319894285109376710e+02 3.682431511041608019e+02 4.679222574007391131e+02 2.283470887870707600e+02 2.533377350933075434e+02 2.030062519119567810e+02 6.256828517099979763e+02 3.668746242129836332e+02 6.488223829981726567e+02 1.629022606799153436e+02 2.728803951298523316e+02 8.256132273919540694e+02 2.467287037624109587e+02 2.887444413866131185e+02 6.566503443611379680e+02 6.856553350960728039e+02 4.876294576861862993e+02
6.818422026909416900e+00 1.547209861580412280e+02 6.931555311458610049e+02 3.680498034341346738e+02 3.134985358581826063e+02 3.648414554502687679e+02 2.975540806888909628e+02 5.268393748955438696e+02 5.303297216674532137e+02 2.260486516458440178e+02 3.784216690367247793e+02 5.324949454535545783e+02 4.431586865407315941e+02 6.431278838951948273e+02 5.611153205686846377e+02 4.542675166143741308e+02 3.741473091694143704e+02 7.816067464353754985e+02 2.301326599682834910e+02
6.608252546816374640e+00 5.253815826485845264e+02 4.799294722839530891e+02 3.212432020464353855e+02 4.936737919303645299e+02 6.700825923749083586e+02 2.741835798987513613e+02 5.519955659244699291e+02 5.611976292821725565e+02 2.606980465532399762e+02 7.838728650755761009e+02 9.260454970275707183e+02 1.996206469170163871e+02 4.287965588543507351e+02 2.520739928173513533e+02 3.003720579070027270e+02 5.383849730491602941e+02 3.904433919808441260e+02 3.475575747575194328e+02
6.754281783586192134e+00 6.961913245749040016e+02 7.692278279177029390e+02 2.651972307072069270e+02 8.173942469410468448e+02 3.529318223483615498e+02 2.915836375484488485e+02 2.535306970287556965e+02 5.528707474601746981e+02 1.990600440405002871e+02 7.485238331097427817e+02 4.598040462665029509e+02 1.948781765720334249e+02 6.621797767713335361e+02 2.737890037091814861e+02 3.194939633132579502e+02 9.722784939800433790e+01 3.653966479404643906e+02 3.813232066118189891e+02
6.651782501812989246e+00 8.529233246494725336e+02 6.342901492655610127e+02 3.277804690729448680e+02 1.269980857074249343e+02 7.142464702081125552e+02 4.941965161388994829e+02 7.608982547893490391e+02 5.078855817382317355e+02 2.916028735870156652e+02 2.526854197737239360e+02 6.384988246356306263e+02 3.020477114016136966e+02 1.543515729141651036e+02 4.832665588698226884e+02 4.914385345892737291e+02 5.474326494269814702e+02 6.837906309890133798e+02 3.935252142349810356e+02
6.715178667759737152e+00 6.137672445178279759e+02 7.885947839786282429e+02 1.462373999581283783e+02 7.876998268239490244e+02 5.077302409327438113e+02 4.241227280433771512e+02 4.522273819495719067e+02 5.225588187311884667e+02 3.645915944225168914e+02 2.188264230028074735e+02 3.449415101481890815e+02 3.321802755570938075e+02 4.780962421427935851e+02 5.064234635183664182e+02 3.026039969295467245e+02 5.633967851952317005e+02 6.346336612696391057e+02 2.794475479951443049e+02
6.540821816327963667e+00 4.701732665247440082e+02 7.757866527648445754e+02 3.615553961682314252e+02 3.071884397464327776e+02 4.211538096245189422e+02 3.244764243711808831e+02 4.833567775971622495e+02 2.898208864324355432e+02 2.370206739801855917e+02 6.999607612833921166e+02 5.633394135473990900e+02 3.040405234009955393e+02 6.637001730313861572e+02 2.989285781166148581e+02 2.470355503992877857e+02 6.595345842064576800e+02 8.091227911653052161e+02 2.725981936729529593e+02
6.614209884080902491e+00 2.379170828597508489e+02 6.109604048860901457e+02 4.022027351375030548e+02 5.418346637134161483e+02 1.962582921787784187e+02 3.029320351927315755e+02 2.645554403604538720e+02 4.223996709664768900e+02 1.014199848193484144e+02 7.463592750908643438e+02 3.177058579920012562e+02 2.197195343237626162e+02 6.239268041070492927e+02 5.443057362833485513e+02 3.406962639033672531e+02 2.298946267772679448e+02 2.394643023895762326e+02 4.005682133000985345e+02
6.238639756330514707e+00 5.119115426497551766e+02 1.755535977104431140e+02 3.672741132854731063e+02 2.927033344445262628e+02 3.345011649554494397e+02 3.356589008637312190e+02 5.369671418380887644e+02 2.458067891181314337e+02 1.543897767827584744e+02 4.226399848068344909e+02 2.316604705757695797e+02 3.718021196387330747e+02 5.946454337578597915e+02 5.274383649756131263e+02 3.075415305649239031e+02 5.833495335395473376e+02 1.461053787234477284e+02 2.016102483082046319e+02
6.576757260658363080e+00 4.857841007371437740e+02 3.160944320403453958e+02 3.379264359401146294e+02 6.942988442905077591e+02 3.463588257560538182e+02 3.469040978495737590e+02 5.788596270083130548e+02 7.025921461406669550e+02 2.084375751082286854e+02 4.357475733889875755e+02 6.645942015012502679e+02 1.231139749524532618e+02 2.963287147329507434e+02 7.531244686815235809e+02 3.287654792202090448e+02 2.193065463983926975e+02 1.524464525094784904e+02 2.001084430044333828e+02
6.076007235264969886e+00 2.786557867869183269e+02 6.147590099831139696e+02 3.687628721032705812e+02 7.499646732953362971e+02 6.539950199126728876e+02 3.504618165544218300e+02 5.416893396360608222e+02 5.602780161080868311e+02 4.327994290684890757e+02 6.019169617529345260e+02 7.204187887586201668e+02 2.407210256662206973e+02 3.068506143830932160e+02 5.512816187906347523e+02 3.405680761186261520e+02 3.251645983476361721e+02 6.865484436823760461e+02 2.605495414964299243e+02
6.521583812903366528e+00 9.624772657769840407e+02 5.823023599035429925e+02 2.740865863456692182e+02 6.770409996597164763e+02 5.184891736729500735e+02 2.370889192384740625e+02 5.020789465635575652e+02 5.784896785590017316e+02 4.422928972088869841e+02 6.574700943604234453e+02 2.167086004797276360e+02 3.619033065584536644e+02 5.449227315312534756e+02 2.124361088314749964e+02 3.534002402490648933e+02 6.914068992122199688e+02 4.400529309513665339e+02 4.263741107267337611e+02
6.555960057272009145e+00 6.036293306151620754e+02 6.922533753361369691e+02 3.149529995395079141e+02 5.657287480433510609e+02 6.071720414489199129e+02 2.206820620771716790e+02 7.085770203410695558e+02 2.338297926935056807e+02 3.420478182541563683e+02 6.967965234477529748e+02 3.319392280377339830e+02 2.915770306007836439e+02 1.131343544560592136e+02 7.979273631381601035e+02 1.218094447607563495e+02 8.370855926328839587e+02 1.152058308318125057e+02 3.091870022890877863e+02
