6.898922306906630553e+00 6.727936385130082044e+02 7.738180335683257454e+02 2.850330788189506279e+02 3.225712566190845223e+02 2.955932469158377671e+02 1.982807518228944161e+02 2.936820182173035505e+02 4.329060718774902625e+02 3.226933832598077743e+02 3.657378920042095842e+02 2.516676862615997265e+02 4.076378262717635153e+02 1.049647641531433351e+02 8.792456860155973573e+02 1.935847439942069173e+02 6.856174004034819518e+02 3.147759550633448384e+02 4.081558104057286869e+02
6.824457918646214871e+00 7.161655533579556732e+02 3.615523820013393106e+02 2.865155595521320038e+02 4.633329667321506236e+02 8.449302635619490047e+02 3.016274845938577300e+02 1.811232991940624970e+01 7.808972476852625277e+02 4.145280069274142534e+02 5.580762342760631327e+02 5.994854045504779378e+02 3.640443475286581929e+02 3.440353367411607906e+02 3.783954496767038336e+02 4.403892608818416079e+02 6.028417976574482964e+02 1.214689063761312013e+02 1.986564004293342691e+02
6.686860569452651504e+00 6.434792248230230598e+02 6.879601171650690503e+02 3.193059351479622592e+02 6.120298646402102349e+01 2.052429537965380177e+02 3.715778076879721539e+02 2.691814222514820472e+02 1.321670869632268079e+02 1.848473641514008250e+02 6.836766322990745266e+02 2.109397041341530041e+02 3.397644954034245757e+02 5.799970237623402909e+02 2.666124456289926457e+02 3.505358573876592345e+02 6.042543819870326161e+01 7.679143774735911165e+02 3.866870997021704852e+02
6.874016337732927084e+00 7.718154568099141954e+01 7.542799139213187800e+02 3.593651988256156642e+02 5.403035391251436295e+02 6.985949616478254711e+02 3.509284609237283803e+02 7.224162149342930661e+00 3.867849521521824840e+02 2.906125247873827107e+02 2.574213161469070883e+02 7.174778429295010937e+02 2.194299425288076293e+02 5.667422332295323031e+02 4.324961728060317228e+02 3.673942090473211692e+02 6.065485699140729139e+02 8.349047403425979610e+02 1.809658175370443587e+02
7.084512887883549048e+00 3.398355294670308808e+02 6.066272385874127622e+02 3.317383998889158647e+02 4.644171287306979821e+02 6.532715064413670234e+02 4.836883789115402692e+02 8.497428029220019425e+02 7.961865568136945512e+02 2.238206925410883912e+02 5.667865432145134719e+02 2.041722079959686766e+02 3.731090801389177045e+02 8.747505076770488586e+02 8.774307600888056413e+02 2.341046540258417110e+02 6.457251117020459787e+02 9.494788133021428393e+02 4.605652551323731245e+02
7.013412422007632152e+00 3.119645875919013065e+02 6.233430018481844854e+02 4.286498085610977569e+02 2.272058284578510552e+02 6.399484726260433263e+02 3.454308590651179998e+02 1.013490113078264017e+02 1.210565034700488241e+01 3.551198609734665297e+02 4.847738226696293964e+02 3.333624481723792314e+02 4.430066627012173512e+02 2.121302696258536002e+02 7.803241332413165310e+01 3.190211847299020178e+02 3.349775740434577642e+02 2.635948146334873172e+02 1.767626756226288762e+02
7.169256484804892082e+00 1.204867209243268178e+02 6.043639825545666326e+02 3.312706509897170690e+02 5.429887580910789211e+02 6.761280788316415737e+02 4.638701373028112585e+02 8.757917024216038726e+02 8.346757334603543086e+02 2.066364041066531740e+02 6.090014223352277440e+02 2.061072712423204507e+02 3.744882818717376836e+02 9.316548813384731602e+02 8.869483121024341017e+02 2.944868275671912556e+02 6.318447718791411489e+02 9.000870470080794803e+02 4.566342903029828904e+02
6.625944944675833170e+00 8.020955586104917074e+02 1.345041574363223162e+02 3.687628721032705812e+02 3.806204470003158349e+02 2.029508972423212185e+02 2.753580035474508350e+02 1.740630302457323353e+02 3.849979148583698816e+02 3.859682780290227697e+02 6.019169617529345260e+02 1.607521904061911471e+02 2.713479487600523044e+02 7.623861455459270928e+02 2.361536459694904693e+02 2.216531374517802817e+02 6.624870726605809068e+02 7.405350754228099959e+02 3.929232035968047398e+02
6.887414014874130963e+00 7.618728339775552740e+02 7.202537988081046478e+02 2.457730024774965045e+02 3.085770331693694288e+02 3.089085919144741297e+02 1.893714854150474594e+02 4.518547929941885286e+02 8.182458661869179650e+02 4.612885235918641911e+02 5.916799533170343466e+02 2.361939997150078625e+02 1.981671717731393016e+02 6.903941465774189510e+02 2.535800434765303919e+02 3.142486191795747459e+02 4.549960457250559784e+02 8.191425789796852541e+02 2.640106587564037568e+02
6.912908299951461721e+00 2.262601333026563566e+02 3.215232197552854814e+02 3.618818622448411588e+02 3.888890541591192118e+02 4.520971038315161650e+02 3.135360744321535549e+02 2.010754534751748679e+01 5.747641137252492172e+02 2.931706758607103893e+02 5.370717376093441544e+02 4.907358429336887866e+02 3.525873930549231545e+02 1.925409563314172487e+02 9.627898854718015400e+02 1.926551171911860649e+02 8.446818656399353813e+02 2.830895950246409711e+02 2.853061994882553449e+02
7.063896153016504975e+00 1.052226973351014720e+02 6.046097240574088119e+02 2.740230441019095338e+02 7.776997068968446456e+02 8.139610291657568268e+02 3.387367668064303530e+02 7.711090212557111272e+02 2.440362114399141547e+02 4.319287083586967242e+02 8.975557541592137341e+02 4.270640444178403072e+02 3.810738941899355154e+02 2.409718137540357645e+02 7.628862374532067179e+02 4.546787860159817569e+02 2.182721213613145892e+02 2.282872808628859786e+02 2.193653753909825355e+02
7.089291644344164034e+00 6.873579797627482613e+00 2.340596534258250472e+02 4.624469222076966730e+02 7.415055632104010783e+02 1.478405421969394524e+02 2.249988807006772618e+02 6.358599912472433289e+02 4.254057594425123625e+02 3.705171755771746120e+02 4.768251769734611685e+02 4.502520137128033184e+01 2.629576868339591442e+02 6.112258850131586314e+02 5.866466199548237910e+02 1.865346616117709857e+02 8.073576567577053993e+02 6.509372667459583681e+02 1.362077536988625468e+02
7.007655903055986180e+00 7.983445413903973531e+02 4.460256895818411635e+02 4.108948922880222199e+02 8.922728526210117934e+02 7.991350930360353004e+02 1.664764608917873829e+02 5.480147108042681339e+02 8.076417277935514676e+02 1.216206928224374479e+02 3.433520606089112448e+02 8.975757012965013928e+02 3.655048796596848888e+02 7.008174419111068119e+02 5.353178565567749274e+02 4.463538913479505936e+02 7.770260529669837979e+02 3.484924279770831390e+02 2.660666508109177926e+02
7.096928017513896236e+00 2.764311695887975588e+02 6.182526998702544461e+02 4.996440797698933238e+02 7.749331240140006685e+02 2.755158967427844914e+02 3.083512550923456956e+02 7.238590086897306719e+02 3.461198011294042232e+01 1.754047455316915602e+02 1.174966652815716088e+02 6.213507033524957706e+02 4.974760959526324768e+02 4.467622946718678918e+02 7.681359805230306392e+02 4.752271173286130761e+02 9.549848771617188277e+02 8.948373998742496269e+02 1.797731306047095927e+02
6.628805142545082241e+00 2.924848460916188060e+02 1.683122812063061247e+02 2.587125592663252860e+02 6.580654702102767715e+02 6.913471201574106999e+02 3.433688002700114907e+02 8.842707099813509330e+01 1.509164954386710065e+02 1.447080852469147203e+02 1.454332839732110756e+02 5.873958321148078312e+02 3.018110153437104373e+02 6.292023257648558001e+02 6.320267937260325652e+02 3.208881781724367102e+02 7.118850537781409002e+02 5.128649814817144943e+02 3.461161044023592126e+02
6.730901673312713385e+00 5.786744690760116328e+02 6.701341315604046258e+02 3.146058158145024208e+02 2.413269127334692143e+02 3.693241843799744970e+02 2.133797333556436797e+02 4.385403970090879966e+02 2.363352018880509604e+02 1.564787676039906330e+02 3.574269628037337725e+02 6.365233266271131924e+02 4.000237824088263778e+02 1.863031296537981234e+02 5.126221016783919140e+02 4.558290952047183850e+02 7.270295966739959113e+02 2.206524600688507007e+02 2.718008097049820435e+02
6.706036598573463792e+00 8.015884733310189176e+02 3.449096636004437073e+02 3.679422697037738317e+02 1.759519129937658590e+02 7.804911876192982163e+02 4.376932677154012481e+02 7.480959262470187241e+02 4.274297694903754063e+01 3.682105192657853081e+02 7.939598327991103588e+02 2.621551138575183586e+02 2.593929363557679153e+02 3.092179445410753402e+01 1.933176072601985709e+02 2.461813495745973057e+02 7.520733807839509382e+02 5.955913762953746300e+02 3.291680472985112829e+02
6.949240376744475256e+00 7.428768305030749843e+02 6.672298116433680661e+02 1.586430836409548988e+02 5.102595103263095098e+02 6.051868065486150954e+02 2.785012216918321997e+02 7.438394899500082147e+02 6.869542133746051604e+02 3.703644944478023717e+02 2.869750303706202885e+02 6.085394538841843541e+02 2.458413817249261797e+02 9.492414119575438463e+02 8.172156602335481921e+02 2.373873797330768696e+02 4.237993734138069044e+02 9.003425949048476014e+02 4.872361543923404383e+02
7.084943932264826216e+00 1.335391785662083350e+02 1.575770520980235290e+02 2.739976197776830418e+02 8.255658364129076290e+02 2.117592054370950336e+02 1.910527823566371808e+02 4.661352762801653853e+02 9.991699765141535181e+02 4.522341174897977112e+02 3.767573450627349416e+02 1.228634983373140273e+02 3.553391405095378559e+02 7.910464044181489953e+02 1.201932817598351306e+02 1.519827738563157595e+02 7.198107013404746795e+02 1.225897087042015983e+02 3.471152421548705433e+02
7.112876752779808243e+00 4.345807233517129475e+02 2.718603683565483493e+02 2.098344480579648348e+02 7.515574648833955962e+02 5.971930808077020174e+02 3.180332090592727354e+02 7.093834327411456115e+02 3.414930319763784041e+02 4.811655100425060141e+02 9.516164191651807869e+02 4.130686557540983586e+02 4.796478714929986609e+02 1.892588708598833591e+02 7.110046939671836981e+02 4.543285255280256933e+02 7.986279924109132935e+02 9.556862043310493959e+01 4.734926355176414745e+02
7.048365620352504024e+00 7.206259727063877563e+02 1.177378227873242622e+02 2.503868735600377988e+02 1.815586716203429773e+02 5.705644499267997389e+02 4.452200776104538704e+02 1.148513384251665315e+02 5.201890952026209334e+02 4.067826744098151721e+02 1.706687184036040890e+02 5.563493053197726113e+02 3.522988678989080427e+02 3.831042426417455431e+02 2.176253039054022054e+02 2.533450800521920030e+02 5.966082654227412831e+02 3.798018569586879494e+02 4.461604662562910448e+02
7.186670888859232775e+00 4.361421963698123250e+02 5.042256637706117317e+02 4.918210294361725801e+02 4.096673825708148797e+02 4.438041731957155207e+02 2.983619565998482130e+02 2.426470174841384733e+02 4.746317437287490293e+02 3.312607206025680284e+02 5.418495561907488991e+02 1.763026222547933060e+02 1.618213073122043966e+02 8.198449709838741910e+02 2.937998053984048852e+02 2.220423157717314666e+02 2.723308744258932279e+01 8.880002536781221352e+02 2.096335740225544555e+02
6.905444181729800235e+00 5.804387247522558937e+02 3.741629368239820792e+02 2.526286137431112593e+02 6.333338681412968754e+02 6.554397366461272441e+02 4.052884961988521013e+02 8.411886186987394467e+02 3.936801095052921937e+02 4.147768452363120559e+02 5.730708207085123149e+02 5.023603756161288629e+02 4.101927102317662843e+02 7.672144208039933346e+02 8.197977377556181864e+02 4.709157802092436214e+02 1.422899001512933808e+02 5.770610092459303360e+02 1.188785413103933308e+02
7.030949780290764117e+00 1.738183147513883000e+02 1.028027804645875705e+02 1.851544538774296029e+02 2.828365132619628071e+02 5.171229813868014844e+02 1.923316501348869849e+02 3.716926381212014689e+02 5.420703474953614887e+02 2.080912843355579867e+02 5.535330210990044861e+02 2.783118145357980211e+02 3.529511809536145392e+02 1.436906548730590885e+02 9.170114266258522662e+01 1.541074364113977708e+02 3.333220419674465518e+01 6.156849758146192926e+02 4.175846324729377557e+02
6.991109226165244550e+00 7.660527799003640439e+02 1.478178318335510539e+02 2.846463362224740763e+02 1.304720327759522434e+02 6.961986394483665208e+02 2.448867278744991438e+02 8.778238777326175750e+02 1.642876648151365657e+02 3.176611300400508640e+02 4.072661174160351720e+02 4.012718878375179088e+02 4.917514260671269994e+02 5.289968974013480647e+02 7.406036217427207475e+02 4.008508254178726133e+02 2.755531370572448395e+02 4.832189540254381086e+02 1.624487996871146720e+02
6.816325104195165352e+00 5.632288953508998830e+00 5.200097106540097229e+02 2.446296435408626166e+02 6.558770585266690887e+02 3.350860566530336087e+02 3.493691455572242717e+02 8.792102215029829040e+02 1.872193654327908519e+02 2.048828337874688543e+02 3.196904891945134750e+02 5.617027046162203305e+02 4.181439995397893767e+02 1.982054468724765570e+02 6.933004795437864232e+02 3.120879681856699790e+02 6.815688404323969962e+02 1.496408139321382862e+02 3.683959387425901468e+02
6.860651056795581404e+00 4.898730705735617335e+02 7.460324573482553205e+02 2.958530016019812479e+02 1.206515243982408947e+00 3.345855067488491841e+02 2.337564356648965429e+02 5.569923273972779043e+02 1.736590022209751396e+02 1.975547795054545190e+02 5.911963919556847031e+02 1.035164003323850181e+02 4.300165221054024869e+02 5.588234815234956159e+02 4.884458835115094644e+02 4.789837551812090624e+02 6.391649635172072976e+02 4.823456709383380030e+02 3.505208277642452686e+02
6.838049625436153356e+00 3.876609017829819663e+02 1.875606259943398300e+02 3.360815914782194227e+02 8.091857219289988734e+02 3.595685614404505941e+02 3.188046317418247213e+02 1.400264149690587772e+02 3.676602047111429670e+02 3.920085419193493976e+02 7.300990461034703003e+02 4.977037397026800818e+02 2.110170156320196213e+02 3.812111343295856614e+02 2.358318035746125929e+02 1.761353429143863991e+02 3.468175400565338578e+02 9.835037480449977920e+02 4.738994944504963200e+02
7.080347720014942503e+00 5.933654021063144910e+02 6.482040512355396231e+02 4.805640113443918153e+02 5.832196970398513258e-01 2.380558196429817315e+02 4.340358693630461175e+02 1.524996963034249688e+02 9.953828465157250776e+02 2.328867421439861687e+02 2.589857385499449833e+02 6.731004760466119023e+02 1.514486567943500575e+02 2.415894434960800368e+02 4.274463501162082935e+02 4.415437223045865380e+02 1.602085874515007617e+02 9.694679075436451967e+02 4.599242858817344768e+02
6.947470370630600911e+00 7.937620818331080272e+02 1.780296286988882741e+02 1.694539646295511943e+02 1.395263188954790508e+02 1.183907833173959432e+02 3.773869494887779297e+02 7.502113360213004398e+02 2.638868518473855715e+02 2.875312698794299990e+02 7.725358055660768741e+01 6.261038518034519029e+02 1.390055112783051072e+02 6.194806033956067495e+02 3.405558875653864561e+02 3.650639881651563883e+02 6.906154857522535622e+02 3.026011876446038400e+02 1.220463796117290372e+02
6.937798843826123552e+00 7.832390172444236214e+02 1.370435965607229036e+02 2.183093259575275056e+02 4.332098499414500452e+02 2.833798513488981712e+02 2.270562342406362006e+02 6.342073785985503491e+02 5.865778118815881044e+02 3.371335278493276633e+02 6.703580303639203066e+02 3.964655322163728215e+02 2.074426152865399331e+02 8.847149412916760411e+02 6.635434799766719607e+02 3.992018594729577217e+02 6.874777086841147593e+02 8.802425200608840896e+02 4.933630080704868988e+02
6.516685680590389218e+00 7.411437697468047645e+02 8.208267883272642393e+02 4.049681226689907589e+02 4.861284413848578652e+02 5.301252221074682893e+02 3.785649705453241722e+02 8.359363971394175223e+02 3.391266385499334035e+01 3.069056826756603868e+02 5.178659879857799524e+02 6.609382398629448971e+02 3.120819354232591536e+02 5.815414638527304305e+02 2.841116937057183804e+02 3.789513812880411479e+02 5.118332212260826282e+02 5.342769918261985822e+02 3.207434720461610596e+02
7.156876282659048627e+00 1.552989307474495035e+02 7.992071343467357565e+02 2.575693107329690292e+02 8.816471973893193308e+02 2.749148581079826386e+02 3.731759928039908232e+02 6.427353948571308138e+02 5.261086476003301868e+02 1.573403098501877935e+02 5.429091313642978776e+02 4.632434450536367194e+02 1.348614628189198470e+02 3.048992110013005572e+02 7.329593219498466397e+02 2.631696781760251724e+02 7.891335331891006035e+02 2.879569167490481050e+02 4.148173811963853836e+02
6.712731482128478255e+00 6.737797645897881011e+02 7.450030014974727237e+02 3.739227161412539999e+02 8.661157902135150835e+02 2.652048840239364154e+02 3.233935414929495664e+02 2.501700264435330325e+02 5.776948053416588209e+02 3.071859747724200815e+02 5.952926218306951114e+02 7.982500563869114103e+02 4.138483713155257533e+02 6.854345131640980071e+02 4.364683616869810976e+02 4.112051031994843129e+02 8.549747994596459648e+02 5.506774285795160040e+02 2.133459488086425608e+02
6.771603559270401362e+00 8.124267196624620055e+02 6.594630551679238124e+02 3.431695170537187778e+02 6.267102557008406620e+02 4.611991438974608855e+02 3.473780310092506625e+02 4.771183124388500119e+01 2.704147795398308745e+02 2.505028346928296514e+02 3.536733355533472150e+02 8.595695593864375041e+02 3.800751719802160551e+02 7.997491595787158758e+02 5.625288526127365003e+02 4.068650027932003468e+02 6.813240747378390552e+02 9.954592774262200692e+02 1.790964903321761312e+02
6.998468626862203834e+00 5.925583514480396161e+02 9.973465306620526007e+02 2.126460688582320131e+02 6.372389024690646693e+02 5.152160725649121105e+02 2.396597302635868232e+02 8.178085193180729675e+02 8.143244100177892051e+02 3.533370213300105434e+02 6.445158248796333282e+02 2.485492418283740790e+02 2.812482019312142256e+02 5.804785607944706953e+02 5.707948282422564716e+02 2.392102039659588399e+02 3.825429624720225092e+02 9.403362141401986491e+02 2.065245018510397585e+02
7.159901095478533151e+00 6.165966725819102976e+02 5.151905843159599954e+02 3.314050277764491739e+02 9.768136384212895109e+02 7.887389807726249273e+02 4.878632299590727825e+02 5.716866474907824340e+02 8.234262852134199875e+02 1.555790322380092334e+02 1.631052375341649849e+02 6.945045463820862324e+02 1.753974785050810397e+02 3.729069495155057439e+02 8.637218456382404383e+02 2.713550725082030795e+02 9.751952689010674931e+02 8.684290085172983709e+01 4.100800182038939283e+02
6.869994294467018925e+00 9.506845104161970994e+02 5.967063445561994968e+02 4.863717245095131716e+02 7.176503889615662501e+02 5.728216083516419985e+02 3.990658233615823747e+02 5.202167183422774315e+02 2.525275935915597074e+02 2.763875123937308445e+02 2.046140077504811643e+02 3.884688035929483476e+02 3.550434500020426185e+02 2.038401862087089285e+02 5.639585322430343695e+02 1.024978354419928763e+02 2.068229717594036856e+02 6.761422279863647873e+02 3.588940682519566963e+02
6.981054130461752827e+00 6.044966227947890047e+02 4.400697625583972581e+02 2.445995720157403071e+02 8.277514118348697139e+02 5.247938059409655125e+02 1.051327639111409837e+02 3.463263608393465347e+02 8.286553375697728825e+02 2.219087762837855564e+02 7.399972678913300115e+02 1.335025224106211681e+02 3.365444560232425601e+02 4.112587531969653583e+02 8.884440682390140864e+02 4.141182579282847769e+02 7.710913809596121382e+02 3.112945949275061253e+02 3.069378738538269431e+02
6.895357723313678910e+00 3.456926606124292221e+02 1.573119165464264029e+02 4.880015227041408821e+02 7.359304933693196062e+02 7.416174774774897287e+02 1.261426893996866880e+02 5.250572447163017387e+02 7.695228594202745853e+02 2.887126627720746797e+02 2.538799981507530106e+02 6.403258403156047507e+02 3.194002528916746542e+02 3.824303599741650714e+02 4.461192989099465080e+02 1.458435854105287603e+02 4.766604524625165595e+02 7.318651730002446811e+02 2.057481971110042878e+02
7.134036414068638088e+00 3.591347420767887684e+02 6.889017172428139020e+02 4.083142370897597289e+02 5.720598272109735944e+02 2.123530130976409964e+02 4.501079033623644818e+02 3.717469904103164140e+02 3.102997826668358243e+02 2.926330564057903985e+02 3.552777959164208141e+02 3.110962135166395370e+01 2.363084761850857376e+02 8.159318248608694830e+02 1.376511147269494018e+02 1.285058143414389065e+02 2.109325593266312353e+02 9.161649474106127400e+02 2.061648749038229198e+02
6.905314472061994557e+00 1.434543777185466809e+02 2.978835856492975154e+01 3.230918463244429404e+02 4.037215214584138039e+02 4.808793815770803235e+02 2.964556659142319859e+02 6.137371575727805748e+02 6.916681344445873947e+02 3.135730860508932096e+02 6.506135584135196268e+02 2.127587330982966023e+02 3.417647165449128011e+02 8.230943195157899481e+02 6.605977261404445926e+02 4.604960782856737751e+02 5.169850039582624959e+02 6.033500269617424010e+02 1.621371407281928612e+02
7.059428141222563902e+00 6.640415464205816534e+02 4.197878698326699123e+02 2.608915834287265056e+02 6.345994651746514137e+02 4.211265050622266699e+02 4.554790648389509897e+02 6.577758185432031723e+02 1.382125699097525739e+01 4.162563910525169604e+02 6.521905431937831281e+02 5.066654651228624573e+01 2.061312483310360335e+02 1.341465610122297107e+02 6.500442919185010169e+02 1.472637024464792717e+02 5.437598057974571475e+02 7.022030781002811182e+02 3.718933767175806224e+02
6.920119015995515710e+00 7.801503551587586571e+02 2.834912739928222436e+02 2.079356121895181388e+02 8.402854190828886658e+02 2.617975334338675566e+02 2.023456959099345056e+02 7.515850158406890387e+02 4.298932137152102086e+02 2.992870262413570117e+02 7.203008488220882555e+01 7.814199633615902485e+02 1.246508565282687755e+02 6.509980200339784915e+02 1.970694585036468425e+02 3.464857446327534944e+02 7.194791554988029247e+02 7.302135802374926925e+02 1.985260891685869069e+02
7.105200835989070818e+00 6.702711809198308401e+01 2.075923065985131188e+02 1.747660208611592907e+02 9.870943864541602863e+01 5.952410517905058214e+02 4.142382964148261522e+02 8.874224917719932364e+02 3.102908970234603885e+02 1.231973022457343490e+02 8.169038539261264305e+02 7.196931120341049564e+02 4.211344633422173729e+02 8.968414669854180374e+02 6.854551296333916071e+02 4.058821358812563744e+02 6.463425333569482518e+02 3.313182002802748229e+02 3.989129906661912059e+02
7.049676487621709953e+00 2.859839234721555385e+02 4.948205826440179180e+02 2.968069708883676299e+02 4.181756812486998456e+02 5.177330427444943552e+02 3.612839651619168535e+02 1.310211050037187590e+02 7.091274436180567591e+02 1.069896956463407776e+02 7.841991878435558192e+02 4.555728680665324646e+02 4.335452166103881382e+02 5.206862069123270658e+02 6.716138065547643237e+02 4.228940028037434899e+02 1.588994095986926141e+02 9.429207634838072636e+02 2.503168027158196480e+02
6.962435422250882411e+00 5.719759247423985471e+02 4.127520864454779144e+02 4.588612013902977651e+02 2.744933852709826851e+02 3.617270894775627994e+02 2.072515020349676433e+02 1.475117471271829572e+02 3.445985059188576543e+02 1.704170294423243490e+02 5.463153301071619126e+02 1.242993464015454919e+02 1.738338439612544448e+02 2.671845823864258591e+02 5.082871192787437167e+02 3.716985853957641552e+02 5.415510399894377542e+02 3.043618541225719127e+02 2.060388982030259513e+02
6.927255694330341385e+00 5.521702501797001332e+02 7.141913017386806359e+02 2.519166146530797903e+02 7.435514452718585972e+02 7.195138660822132124e+02 3.613376584259377751e+02 4.651967853791995253e+02 3.916092397884346497e+02 4.698727782714171326e+02 7.403087334004109152e+02 5.518937729800993566e+02 3.951282210958310088e+02 9.719891903913664919e+02 1.593947580452843624e+02 4.721648766125618408e+02 4.127605500677107102e+02 9.169492315922067291e+02 1.937790276880535600e+02
7.081805407380095119e+00 8.402209037794660844e+02 4.100788811784521499e+02 2.078111324773259412e+02 2.218345022673900928e+02 8.269329843397359809e+02 2.409242321976881840e+02 6.285099080668725264e+02 2.417918674371010184e+02 3.977258343338028794e+02 7.882128155920503332e+02 1.181134821323388593e+02 3.224115964906357021e+02 2.806161222397819301e+02 7.811316418872530676e+02 4.541568066161229922e+02 3.584400898756599076e+02 6.741351431252030579e+02 1.168938855943907527e+02
6.629837668736016987e+00 5.287422662490561152e+02 1.926614078875300606e+02 3.014346134562810562e+02 2.727871960929081752e+02 6.336510712485317072e+02 3.940483679424332308e+02 4.659670829052440695e+02 4.078910241386235498e+02 3.778251994965040694e+02 3.015188674483100044e+02 4.698476572961649254e+02 2.724836316700883572e+02 6.735403686244446817e+02 2.453372552210135780e+02 2.125445569832863271e+02 7.004261522056810918e+02 3.099682620899973244e+02 3.049264797580838149e+02
6.554433667844187461e+00 3.935259393080011137e+02 5.992840550584099901e+02 3.378348718110351570e+02 3.470551560077473141e+02 4.744337707121694621e+02 3.351101362693742090e+02 4.354236049631498986e+02 6.985848374064840982e+02 1.060790143889616957e+02 2.829169436535796649e+02 4.408746822219980004e+02 2.743289465874760253e+02 2.017377242940335407e+02 6.261139239496100117e+02 4.611647721856501221e+02 1.852368018122632520e+02 4.104339143527962506e+02 2.697837380885464427e+02
7.091544135079312916e+00 5.283502946941275695e+02 3.083137841746389540e+02 3.734512849955282263e+02 8.789905823454132587e+02 3.822737849361282088e+02 2.039918581274899907e+02 9.093658056658887290e+02 3.059829376050612950e+02 3.016276521748227992e+02 1.808614885075743075e+02 6.316069094300326014e+01 2.233236027963968979e+02 6.437908529731994349e+02 9.371059647939798651e+02 4.151018659837710629e+02 3.905977465865298655e+02 4.728421531810628267e+02 1.747282181010461954e+02
6.824576599025739654e+00 8.862463197198949274e+02 5.053727868524267706e+02 1.536219264288724276e+02 8.124620827427519316e+02 8.751698176317652269e+02 1.931395584633769147e+02 2.899266206605799994e+02 5.049439102021862595e+02 4.957357861770104819e+02 5.480042091074751625e+02 9.369747317532289799e+02 2.597058947440516476e+02 6.450342802026679010e+02 5.554100954521857147e+02 3.255463318016122116e+02 3.656023315270306284e+02 5.602819292750859859e+02 3.375269331504009642e+02
7.009882921617450968e+00 3.575060512879483667e+02 1.964023042179565550e+02 3.301439801010578208e+02 1.273424556966775754e+02 3.707117722140351361e+02 3.188452710929505542e+02 5.253329278232737352e+02 4.779687660380143370e+02 4.910781117140104470e+02 7.992814017681495216e+02 2.012084274288804409e+02 1.650997579546780116e+02 4.377805107313802182e+02 6.369659343839330177e+02 3.389363631894079845e+02 5.626409593991938891e+02 9.336737107018742563e+02 2.204248332433258497e+02
7.093934566867027947e+00 5.266469259527590339e+02 7.645749131867230517e+02 4.485446176717853746e+02 3.053829530860411978e+00 6.503566761463642933e+02 1.661595440679820967e+02 9.101492564043628590e+02 1.003321173826101926e+02 2.863410974420344246e+02 3.218611178099373547e+02 3.935434508622710155e+02 4.581074902019585124e+02 2.696370568167232022e+02 9.424067920496154329e+02 4.366075912127455467e+02 6.624717112620834314e+02 6.792091478679509464e+02 3.503390008338516850e+02
6.454563886226313052e+00 4.421708862700641021e+02 7.358695043740458459e+02 3.619911824179567930e+02 3.798175572870527503e+02 4.506415586078860542e+02 3.038773647884566458e+02 5.045728023778530087e+02 3.771947701010229821e+02 2.411657481470391247e+02 7.723878090425504297e+02 5.516327880483007675e+02 3.653922519150191306e+02 7.470516635245091948e+02 2.977012895580882628e+02 2.977597745997902621e+02 6.749124237203886878e+02 8.126617990297730785e+02 2.688192943743149499e+02
7.075266130689317201e+00 1.341133159564670336e+02 3.845609406603303455e+02 2.912061491381529095e+02 1.681999472547607866e+02 6.723927257328065252e+02 2.706171812214602710e+02 6.005821038697038148e+02 9.342781401211910861e+02 2.169837701250191060e+02 7.958460321607934702e+02 5.482890420022491753e+02 2.640560616100706284e+02 1.543592834718531606e+02 2.839197707742005150e+02 3.718168454728183860e+02 7.812735131566844302e+02 5.845161584721438430e+02 4.248703997026220804e+02
6.411919598009507837e+00 3.378544991472475090e+02 8.318669207351495061e+02 1.268263705590062500e+02 4.203958826081900497e+02 2.629598364777437496e+02 3.172788800230506467e+02 7.531327606537145130e+02 6.324182126809793090e+02 2.807663442520668013e+02 4.803637511367418256e+02 6.235229323050249377e+02 1.406763790849361158e+02 4.685038115944827268e+02 6.981412665876441679e+02 3.645095768954343498e+02 5.306566298654623779e+02 5.633562561310943693e+02 3.893977707121504181e+02
6.693351019304153660e+00 7.884973144658866886e+02 1.722893872944741531e+02 1.913405152322065419e+02 3.467081529865898801e+02 2.281742759822803350e+02 3.522119073820649646e+02 7.744577189464506546e+02 2.449630063112582548e+02 2.932559433099479520e+02 1.399559625598989214e+02 5.833857786499244185e+02 2.060272350881813281e+02 6.022886992566975550e+02 4.165649570590799726e+02 3.718634872431724716e+02 2.277468497395609575e+02 3.369185632569623294e+02 1.297228394260523032e+02
6.750258722356723418e+00 4.020363714706835481e+02 7.534760667250457118e+02 1.189998323976383432e+02 6.357900529086042525e+02 6.199345962597366224e+02 2.664264965081923151e+02 9.723860182604328202e+02 6.782060805206881469e+02 1.232601914845571685e+02 2.568908364303807161e+02 9.829933019084637635e+01 4.920772809959719325e+02 3.525636717205139803e+02 6.564004475984913825e+02 4.426644402129467721e+02 5.831162833228343061e+02 6.685956864920948419e+02 3.747025524934230702e+02
6.884334693533668670e+00 2.280893085546731527e+02 3.710488944840810746e+02 2.504419938287658169e+02 7.459782703018245229e+02 5.391472851393904193e+02 4.484078698192000161e+02 5.713064068151878701e+02 4.779120726814808791e+02 3.157278593358257126e+02 4.815584179336422039e+02 6.439135177275751403e+02 2.916667788453306116e+02 9.946083681730058288e+02 2.777540105251579234e+02 1.846424676401291265e+02 4.199353803147283202e+02 2.515604655303012294e+02 4.800028633454491569e+02
6.875738991258938171e+00 6.253819411798834835e+02 7.905417879239789727e+02 4.935186975949867474e+02 5.838995241826113443e+02 4.787950993873429866e+02 4.123610525444110522e+02 8.912825612011122303e+02 3.773577545197872496e+02 3.427181094997013133e+02 3.306536000032238576e+02 6.801617147888350701e+01 1.333199952945256541e+02 7.524495441711371768e+02 6.175088063433885281e+02 3.338122326536085893e+02 6.094960198524606767e+02 1.468205059661249550e+02 1.972716010683723766e+02
7.121910767928183894e+00 2.123974580141302795e+02 5.232465250310555120e+02 2.835032779977235577e+02 6.886497627158970545e+02 9.559699125229365109e+02 4.762282578622786104e+02 8.881103932865423758e+02 1.479197965050908010e+02 3.604147027118464166e+02 8.294000058046235608e+02 9.827332008542111907e+01 3.655863715126273519e+02 1.709073670741662738e+02 7.003175548921226437e+02 2.987886376235879311e+02 7.152555385553131373e+02 4.429557384587222373e+02 4.271655834664327926e+02
6.815751636173138728e+00 4.815985963742624563e+02 7.301475352474841429e+02 4.888455342692739123e+02 5.613874607356322031e+02 6.391437332163302472e+02 2.962570996935681933e+02 5.713473063988428748e+02 2.357042058724384219e+02 4.448232862028845602e+02 7.765507265013727647e+02 7.438486127295581127e+02 3.997455511095477618e+02 3.282849761428029183e+02 3.924224794936097851e+02 4.708224655406613124e+02 3.730602059795173773e+02 5.456739864520509400e+02 1.291075569821443878e+02
7.163626668225433036e+00 8.654136682552550610e+02 9.732581312687500485e+02 1.973409424862348089e+02 4.299882511454731002e+02 6.280699639523049882e+02 1.331807238110981189e+02 9.545893117130411838e+02 4.709353119223800377e+02 1.132908418074627548e+02 1.614121662591022073e+02 8.902058082389487481e+02 1.763449713257987241e+02 3.944608318268483913e+02 4.186375318198599871e+02 4.943985971504276904e+02 8.881186839846178600e+02 5.386986815162451876e+02 4.488149990004076244e+02
7.015930590990271831e+00 6.331390478348497197e+01 4.554740191865678867e+02 1.918290749196676757e+02 6.276226960095468712e+02 3.238378893643841252e+02 3.051105869944041160e+02 5.250133784036197540e+02 8.162029038459133972e+02 2.801523168258273699e+02 6.538881226192979739e+02 9.568978460059350937e+02 2.103280610599084639e+02 2.452403011282007697e+02 7.315862390811028035e+02 2.603356487548782638e+02 5.700399249329173017e+02 8.666917242617375905e+02 4.580254938812803402e+02
7.047871365326703774e+00 2.510151267807822251e+02 6.913085248927181965e+02 2.953108813045951138e+02 8.097863438749579927e+02 8.033303166880233448e+01 3.039584425406890205e+02 3.222211509607662947e+02 6.035917328594309765e+02 4.395139723135669669e+02 4.944217237493850803e+02 8.323022422300538210e+02 3.467443056248077937e+02 7.806635780782501115e+02 8.039112848883405604e+02 1.228456355972314213e+02 2.146333271618765082e+02 4.432797492111467932e+02 3.693492372397481063e+02
7.111302030323715329e+00 2.320050045464425637e+01 4.490407379881598899e+02 3.135912678636724422e+02 5.747715455297966400e+02 2.528460397588818296e+02 1.451435989450341424e+02 2.701754869011649021e+02 4.627202448973566788e+02 3.075570676666343388e+02 4.768204631876551503e+02 3.023876655697546312e+02 1.802948620346058703e+02 6.829652729630404338e+02 4.696003910985187417e+02 4.842984728617743713e+02 2.543544807409508337e+02 6.103611201026233175e+02 1.777948865538759833e+02
7.150772784780082603e+00 5.979657660227809401e+02 9.597669502024675694e+02 3.947140935409078679e+02 7.650932731086438707e+02 3.302350773424929002e+02 2.041981092104400943e+02 6.606002962759193906e+02 6.190842480748326579e+02 4.039141065997854412e+02 6.215981381606927698e+02 6.766866019478023873e+02 2.165859423590233064e+02 3.980672893155957013e+02 5.935732372763173998e+02 2.583447102520519252e+02 4.948103751900617908e+02 9.775315005713443952e+02 1.412720796575855218e+02
7.044340727533086266e+00 6.669818724825671552e+02 6.579419305710130175e+02 3.930164616670219857e+02 6.143875122739041217e+02 7.973547210160425038e+02 3.716623528957926510e+02 3.516719186061702658e+02 5.354672685108041605e+02 1.190101260455212469e+02 5.390246615229297049e+02 5.885394393763435801e+02 1.163610779730214233e+02 9.828460392836780102e+02 9.856059185568320800e+02 3.566326041913019367e+02 4.578673707895638927e+02 5.926722821865103015e+02 4.268660061092467686e+02
6.940112552070217156e+00 9.440173347023542192e+02 2.756742544481196546e+02 3.729370757309164333e+02 7.166369993763337334e+02 7.933161188277204019e+02 3.793441013626825224e+02 4.753637081495025996e+02 2.562447179314118557e+02 2.761852408427544106e+02 8.503787534259304266e+02 1.682771722147388402e+02 1.884515949677237359e+02 6.867253736970106957e+02 4.642846276835741719e+02 4.900615933182009485e+02 9.464068184669778248e+02 1.058532049997125171e+02 4.157078327322072937e+02
6.470849324257168078e+00 6.051552940286957210e+02 4.064576558011734733e+02 3.454573309927574201e+02 5.953326153621701451e+02 6.189846681617143531e+02 4.520299660746300106e+02 7.917190894399541321e+02 1.807344536062022371e+02 4.062808390754809125e+02 7.231398022202970424e+02 6.091549263868372464e+02 4.295804301642281189e+02 7.650846042348820220e+02 1.995529623066243801e+02 2.034821743137628971e+02 3.270950364850205005e+02 4.588485363929366372e+02 3.608810399336801993e+02
7.024037036866822348e+00 8.370381782486097109e+02 2.443316706415000112e+02 2.712902279943681378e+02 3.256148063076535237e+01 5.477777270192639207e+02 3.062686809903344169e+02 9.516652934152577927e+02 9.117552164203273151e+02 2.528468776176591177e+02 7.038486738705835251e+02 8.397086015481893355e+02 4.422126921823377756e+02 6.426281558449802560e+02 4.241339994635784478e+02 1.286368103254765742e+02 6.552434063625119052e+02 3.976943502523385519e+02 3.144920552088836985e+02
7.055801686831602026e+00 6.504229379922999215e+02 8.935171206949837597e+02 4.586578207119183617e+02 5.821414966466711576e+02 9.487788353198197910e+02 2.836415188791691548e+02 6.561034098979190503e+02 3.388875618271638359e+02 1.801898543209584886e+02 5.048900088298333912e+02 6.735192426443757086e+02 3.227413955218100909e+02 2.491683740454149358e+02 6.070671070863680825e+02 3.140585476483336151e+02 2.785308821127997021e+02 1.999734886906776410e+01 1.300470391023001753e+02
6.979296005490475352e+00 6.268670908544202121e+02 6.243758293909322674e+02 3.033933693472877735e+02 9.991715207567172001e+02 3.875502233138938664e+02 3.454429320979238014e+02 6.780909091977905518e+02 1.386258777991089914e+02 4.108318571164023751e+02 3.400414812155696609e+02 3.687885490238602415e+02 2.206596845743640642e+02 2.013253837752495770e+02 7.217372333338923909e+02 2.186831146265426185e+02 8.623529412131206300e+02 3.811042712209063552e+02 2.693228541301259611e+02
7.311632891922169364e+00 6.898562617854812515e+02 2.010964598364024880e+01 2.077211598921948621e+02 9.262920862170959424e+01 3.579802342520832781e+02 4.354799778308289433e+02 3.244858538270852364e+02 7.237700004408623045e+02 1.776696401828409364e+02 3.726139583451717954e+02 2.095415559853371974e+02 4.323024456984941821e+02 2.093797259484843778e+02 2.397700169302241591e+02 1.887412660401251401e+02 4.717434968985303385e+02 3.602701328380857149e+02 4.595170503477938269e+02
6.962204113896805602e+00 6.334027001060591147e+02 5.171207027039250761e+02 3.369615139962685930e+02 6.972919666019631677e+02 7.398826491425999166e+02 4.778517671156041047e+02 3.377386917055409299e+02 1.129319319364188203e+02 2.138825340112543358e+02 6.759984141227959071e+02 3.949815427920109414e+02 4.566823181076172204e+02 7.371830930343385262e+02 5.909492116790357841e+02 2.014372978948569539e+02 1.396793390326036501e+02 9.116178248558087489e+02 4.526788656378827795e+02
6.894321135563979297e+00 4.175569604871277534e+02 5.330757523940374085e+02 4.197953045356417192e+02 7.278209768947527891e+02 5.585415875446235532e+02 3.887546386094628588e+02 2.791724367321583600e+02 4.617591498368325915e+02 1.864967687720771323e+02 1.215610515561689766e+02 4.796308603665767123e+02 4.417424439485112089e+02 7.757828453077793256e+02 4.316309249698730923e+02 3.759144119876648347e+02 8.348216164154604257e+02 8.474549444763130168e+02 1.262976195319605637e+02
7.004700759875412963e+00 3.728304226060419069e+01 6.441980355365228661e+02 4.461968729014156452e+02 8.766369895682341848e+02 4.006274803119611647e+02 2.678533969980167058e+02 6.545835648747734581e+01 8.258262142613375545e+02 1.617600320162431444e+02 1.222530370771767707e+02 2.479258601479709796e+02 1.489892186347310883e+02 5.132049443447103840e+02 8.990967375943107527e+02 3.098561769283203944e+02 6.148663326549335579e+02 6.251018648644097766e+02 3.727836953176236534e+02
6.806264665543451997e+00 5.515852976922286643e+02 7.917655303655265016e+02 3.448714832381547808e+02 2.433161853204577483e+02 1.303296056284907536e+02 2.854097435208329898e+02 7.952979688641773919e+02 1.899713857116342979e+02 2.592242232974756462e+02 2.484983463645261281e+01 5.958922184316115818e+02 1.406361668920188492e+02 3.510723922115560072e+02 5.823638312900145593e+02 4.043994376853009385e+02 6.093536142424346735e+02 5.166531581252000933e+02 3.139768227660046023e+02
6.369626677704741446e+00 1.998034052812855634e+02 5.085283520904628176e+02 3.592077996149189971e+02 5.273473755983485489e+02 1.620353228561453989e+02 2.611459148332598943e+02 2.513349991010688882e+02 1.368357814907209331e+02 1.535809982000960758e+02 3.467006966137323616e+02 2.993191481344169347e+02 2.946478378172608359e+02 5.611420590749663688e+02 3.541771094839614307e+02 3.853239347950838578e+02 3.640685509927790235e+02 1.563475935107603618e+02 4.861088023786638246e+02
6.906544665116311599e+00 6.163465244669908998e+02 3.048767775048828526e+02 3.608285931036283500e+02 3.153106876743664770e+02 6.316282458339334198e+02 2.789869137549740685e+02 6.926129218295744749e+02 5.713606275153833849e+02 2.183378097574273511e+02 1.739080462004442325e+02 3.560036067210206738e+02 2.046928669827379679e+02 2.224433940487222117e+01 5.378970399651515208e+02 2.269410441228183686e+02 8.311557273734538285e+02 3.335944312501236482e+02 4.162267943207556300e+02
7.142248945088383039e+00 3.896981461036854171e+02 8.099470842843462606e+02 1.247622015984629797e+02 7.837658347803424022e+02 6.446480539563689263e+02 3.643437531201071238e+02 3.728727994407662436e+02 2.991994256082830361e+01 3.402926782615937213e+02 8.578569808564657251e+02 3.636757214309143365e+02 1.917965143264408141e+02 6.577074151378651550e+02 4.727153692016490254e+02 3.983394979515241516e+02 1.072209920641355438e+02 1.320075554268371150e+02 4.755333997674972011e+02
6.809817672393743138e+00 2.002127241393666566e+02 2.692613944356195930e+02 3.635268441608050694e+02 8.032518318247117577e+02 3.827645306950884105e+02 3.765939882795606763e+02 6.812589642118100528e+02 7.282008329335347980e+02 3.455939561614245576e+02 3.217748625259962409e+02 9.262045706435326338e+02 1.640938422646848096e+02 7.062151958048060578e+02 4.966975034429393077e+02 1.528663057129817275e+02 9.036915064254690151e+02 4.602163777792477504e+02 3.484900779674966316e+02
7.078569978520043549e+00 4.858886751103855204e+02 1.232443596478010761e+02 3.637109386508394664e+02 2.884106509794905833e+02 3.553706860454327625e+02 4.214568097963593800e+02 7.595579171303579358e+01 3.109982337100277618e+02 1.708495493641552514e+02 4.610787207378307926e+02 2.217036929055910548e+02 3.833306662352786702e+02 6.301019365234002407e+02 5.579440612458696478e+02 1.337024203208922586e+02 6.003498276709768788e+02 1.911988451645979126e+02 4.433985642691399107e+02
7.117587901890012780e+00 7.992612409542514342e+02 5.197717577464784426e+02 2.785236594214592287e+02 3.947647921836809815e+02 5.863851970206203532e+02 2.089863156130975312e+02 1.549041084829374597e+02 8.405497164765963589e+02 3.922073329624697067e+02 4.383787757447762488e+02 6.019482424709154884e+02 2.343788420049043566e+02 7.642161333718212290e+02 4.756667307946568144e+02 4.911057392514851472e+02 5.255986864616768344e+02 8.900460526124561511e+02 2.645631595902028721e+02
6.991273415356057619e+00 3.107551749096779758e+02 4.317533564807708899e+02 1.476767006704881737e+02 5.945706426617768159e+01 5.980426727306922885e+02 3.809645392842594447e+02 7.184913497920570080e+02 5.909600665157622643e+02 4.887890009318101079e+02 6.603630585253008576e+02 7.261434758564855656e+02 2.896399480365045633e+02 1.559863656475723417e+02 4.595379541661601479e+02 3.925225837159188131e+02 7.202841751430574959e+02 5.215444059506351095e+02 4.193551269734007860e+02
6.617848358201328551e+00 5.583746602297094341e+02 1.319894285109376710e+02 3.682431511041608019e+02 4.679222574007391131e+02 2.283470887870707600e+02 2.533377350933075434e+02 2.030062519119567810e+02 6.256828517099979763e+02 3.668746242129836332e+02 6.488223829981726567e+02 1.629022606799153436e+02 2.728803951298523316e+02 8.256132273919540694e+02 2.467287037624109587e+02 2.887444413866131185e+02 6.566503443611379680e+02 6.856553350960728039e+02 4.876294576861862993e+02
7.033777569145591713e+00 3.673576627059051134e+02 6.642492170008367793e+02 3.583277865192172840e+02 1.351565080391168863e+02 5.467296763877984631e+02 4.043663240503829570e+02 4.889638182634298573e+02 1.313922300497347351e+02 1.599225151779250496e+02 6.915108221520949883e+02 6.325435632970207962e+02 2.332540794297785283e+02 8.862174037065394714e+02 3.161714685420571982e+02 1.728897676077558003e+02 1.436548639014064861e+02 6.431716096648012808e+02 4.227318389667530028e+02
6.606312546816375253e+00 5.253815826485845264e+02 4.799294722839530891e+02 3.212432020464353855e+02 4.936737919303645299e+02 6.700825923749083586e+02 2.741835798987513613e+02 5.519955659244699291e+02 5.611976292821725565e+02 2.606980465532399762e+02 7.838728650755761009e+02 9.260454970275707183e+02 1.996206469170163871e+02 4.287965588543507351e+02 2.520739928173513533e+02 3.003720579070027270e+02 5.383849730491602941e+02 3.904433919808441260e+02 3.475575747575194328e+02
6.952876131400166138e+00 2.324972143919944756e+02 3.036304256958540009e+02 3.056072420597672590e+02 6.073203755337330989e+01 4.835074433245966361e+02 1.862971527293771032e+02 7.875286824118904860e+02 4.848805133882839300e+02 4.731624523118031789e+02 6.952406844778521418e+02 9.475825129763971688e+01 2.728182584015305565e+02 4.308286197956315391e+02 8.217640233909557992e+02 4.685442104027829373e+02 4.828359387535706446e+02 6.315290708437928515e+02 3.286872623952532422e+02
6.869881089214075587e+00 4.036830531122429875e+02 5.528807391913502443e+02 3.587235926707796807e+02 4.466483561087708267e+02 1.292711573190708236e+02 2.840337588140645835e+02 2.277616382336346987e+02 3.975368852562377242e+01 1.489753602369254963e+02 2.662261991035564392e+02 3.123265098000817943e+02 2.264792505794568456e+02 4.685292918603852286e+02 3.555407634378798889e+02 3.289636856834144396e+02 3.469820626439667990e+02 1.524153625502405589e+02 4.903075793771504891e+02
7.212929592202910634e+00 5.607797861679941889e+02 2.229305148219846728e+02 4.784785112217492724e+02 9.812589187575850929e+02 9.557711954176315885e+02 3.253336791767809473e+02 2.236864909650261382e+02 3.232261114446265537e+02 2.026783292866060151e+02 5.377839765779634718e+02 3.287902782436098619e+02 3.037425358548018153e+02 4.418357704664238668e+02 8.686613037787916483e+02 2.060335192926504817e+02 6.296109298048826304e+02 4.640323512139248123e+02 2.793630825760395737e+02
6.840887117481273982e+00 4.701732665247440082e+02 4.090587142890038876e+02 3.592881230046154997e+02 4.995754997973830314e+02 5.887076084759540890e+02 1.210863471213120306e+02 7.508026209350879299e+01 6.178671097479460741e+02 4.105919779156453160e+02 9.720436651706042142e+01 6.775736230282213910e+02 4.752967942834184782e+02 6.016716614116946857e+02 3.912078693736890500e+02 3.204816796733941828e+02 6.990996993504859347e+02 4.579418179713980521e+02 4.629259658562582445e+02
6.614249884080901865e+00 2.379170828597508489e+02 6.109604048860901457e+02 4.022027351375030548e+02 5.418346637134161483e+02 1.962582921787784187e+02 3.029320351927315755e+02 2.645554403604538720e+02 4.223996709664768900e+02 1.014199848193484144e+02 7.463592750908643438e+02 3.177058579920012562e+02 2.197195343237626162e+02 6.239268041070492927e+02 5.443057362833485513e+02 3.406962639033672531e+02 2.298946267772679448e+02 2.394643023895762326e+02 4.005682133000985345e+02
6.235379756330514667e+00 5.119115426497551766e+02 1.755535977104431140e+02 3.672741132854731063e+02 2.927033344445262628e+02 3.345011649554494397e+02 3.356589008637312190e+02 5.369671418380887644e+02 2.458067891181314337e+02 1.543897767827584744e+02 4.226399848068344909e+02 2.316604705757695797e+02 3.718021196387330747e+02 5.946454337578597915e+02 5.274383649756131263e+02 3.075415305649239031e+02 5.833495335395473376e+02 1.461053787234477284e+02 2.016102483082046319e+02
6.577957260658363836e+00 4.857841007371437740e+02 3.160944320403453958e+02 3.379264359401146294e+02 6.942988442905077591e+02 3.463588257560538182e+02 3.469040978495737590e+02 5.788596270083130548e+02 7.025921461406669550e+02 2.084375751082286854e+02 4.357475733889875755e+02 6.645942015012502679e+02 1.231139749524532618e+02 2.963287147329507434e+02 7.531244686815235809e+02 3.287654792202090448e+02 2.193065463983926975e+02 1.524464525094784904e+02 2.001084430044333828e+02
6.073747235264969291e+00 2.786557867869183269e+02 6.147590099831139696e+02 3.687628721032705812e+02 7.499646732953362971e+02 6.539950199126728876e+02 3.504618165544218300e+02 5.416893396360608222e+02 5.602780161080868311e+02 4.327994290684890757e+02 6.019169617529345260e+02 7.204187887586201668e+02 2.407210256662206973e+02 3.068506143830932160e+02 5.512816187906347523e+02 3.405680761186261520e+02 3.251645983476361721e+02 6.865484436823760461e+02 2.605495414964299243e+02
6.693884443112743554e+00 4.053141788369293295e+02 6.931993366454519219e+02 3.752448611656176922e+02 6.770409996597164763e+02 3.701010362531910118e+02 3.360339028825359264e+02 5.961379008226850829e+02 1.494382378690133351e+01 2.834977705208664247e+02 6.126497532922301161e+02 6.111295249348590914e+02 4.640950630663765537e+02 4.145907943867993595e+02 5.959604697448528441e+02 4.139736090164428219e+02 5.017455262370409059e+02 2.525573029802221754e+02 2.994436699029492388e+02
6.721922603059338641e+00 7.231774309834730730e+02 1.964773431754628064e+02 2.747550110404241650e+02 2.818533925382243979e+02 3.768864850403929267e+01 3.043845805265126501e+02 6.840236321898775032e+02 2.338297926935056807e+02 3.105088290751132263e+02 9.753852442403690759e+01 2.889613402371216466e+02 1.869243309542609381e+02 6.881411852414372561e+02 2.997097511850356568e+02 2.928633708341315014e+02 2.829696801978935810e+02 8.198048493125309051e+02 4.273851037683785989e+02
