2.147746982633838453e+00 2.818740341997788050e+02 7.848407639828149058e+02 1.794218508522311311e+02 6.805456910953571423e+02 1.691133833049311761e+02 3.795856602273851763e+02 8.387195062796735101e+02 9.286018774331479335e+02 4.214667565340409396e+02 3.582520852927327724e+02 5.632618949032062119e+02 1.919092210839060613e+02 8.057247747606129451e+01 8.177123098239310366e+02 4.206816768836092706e+02 1.143553372550598510e+02 2.617250883167391748e+02 2.181263502007615784e+02
1.674989077994479381e+00 4.286110964442232216e+02 3.718266146597222814e+02 4.672688270633456114e+02 6.771756307753797728e+02 7.806646877891430449e+02 4.055844568785864794e+02 1.483127624742396904e+02 2.712356472183444112e+02 3.356529619650162886e+02 4.964686775820956655e+02 7.388540076207814309e+02 4.579920067472743881e+02 5.701938944874941626e+02 4.686018748867897443e+02 1.791063808239689763e+02 7.678475214178034776e+02 1.707111483798577183e+02 4.851360664776212843e+02
2.006519463829362859e+00 7.404896054398682281e+02 1.987605288156768495e+02 4.230746623065837753e+02 3.092311327298485253e+02 9.411059439618601346e+02 3.765559776987204827e+02 7.074504187282250314e+02 7.144429385557385785e+02 4.295485341585344372e+02 2.656797148304545431e+02 5.276976569256153198e+02 2.262944847012894911e+02 3.263668168857365117e+02 4.649921513436337364e+02 2.398579702865214074e+02 1.755578163160568010e+02 1.950744198564167107e+02 2.837721998814066069e+02
1.448377613853533363e+00 8.144420431442019890e+02 3.060673994607448094e+02 3.683628235562416080e+02 3.061437467226388662e+02 8.562009622262181665e+02 3.747701357537468425e+02 5.922641459125004531e+02 7.661521221253162821e+02 4.121734133594995910e+02 7.775939136339975448e+02 5.212882274287351265e+02 2.142429692400633030e+02 6.577902079604323262e+02 6.744380488158782327e+02 4.508046867160297779e+02 1.496503783452117489e+02 1.918677752520362674e+02 4.242044928354376907e+02
2.044740682318981762e+00 4.907493067809716649e+02 2.617050265725446252e+02 1.714650665484588501e+02 8.446441725399835150e+02 2.726899797470186968e+02 3.985546855068680543e+02 6.691477012064669907e+02 7.608371490594455508e+02 3.823896645940755548e+02 5.165487844578018439e+01 6.457231741606083233e+02 2.806662751078826545e+02 5.145886655156064080e+02 8.459292872354147903e+02 4.578317984893164407e+02 1.751949789588962290e+02 3.340183480734850718e+00 3.907483380210886139e+02
2.041044200773566963e+00 7.461362479404493797e+02 7.981143433916153072e+02 3.950287148369135934e+02 1.424314895465185771e+02 5.686524784995342543e+02 4.410056791596204562e+02 3.488223659653607456e+02 9.055868535567498157e+02 4.585692440752971493e+02 7.869891461320768258e+02 3.153068907352021597e+02 3.667680666058497536e+02 2.018158731153554299e+02 3.052129915816057064e+02 2.102840558963717115e+02 4.728308752717790071e+02 2.733553480359763057e+02 3.314418698139156163e+02
1.975217043642505166e+00 7.812109782343420648e+02 2.082482478311712271e+02 4.584003752879893341e+02 2.795683710004314548e+02 7.394406716494993361e+02 4.348581871904824538e+02 9.808272577927064049e+02 7.076405197266162759e+02 3.557613803134278783e+02 2.334055352554944420e+02 2.238117657941066909e+02 4.321324717400261761e+02 5.894131883541931529e+02 8.472166172520570626e+02 2.272061022785796638e+02 2.529124043579292902e+02 2.276393153445285975e+02 2.323783171149973157e+02
2.093960531066848318e+00 7.296281102182267659e+02 1.761648815990567414e+02 4.703961711591954895e+02 3.518001048362840493e+02 7.930282203197480158e+02 3.539725566134492283e+02 8.969086402508968376e+02 3.201362946280693222e+02 4.831850146763722478e+02 3.634604285952195255e+02 2.358099357432190857e+02 4.460502064696042908e+02 5.977883859471625101e+02 2.138840708825812840e+02 2.058077961839044576e+02 2.708106981589078259e+02 4.334830742524986249e+02 2.096835080591071971e+02
1.689905583988513760e+00 7.702830646215935531e+02 2.475036671421304391e+02 4.604639511424306306e+02 3.276249412105670444e+02 6.640166543684908902e+02 4.255736649112718055e+02 5.481062038505731380e+02 6.774360073986944144e+02 4.806070813750353068e+02 2.938164446820306921e+02 4.299678547329417029e+02 3.190762923722428468e+02 8.485545460594131555e+02 3.523452767626065452e+02 3.244769115278521667e+02 1.853666653987481823e+02 1.605079233828645897e+02 3.007158126303517633e+02
2.363606042775156624e+00 6.360957840534983916e+02 9.883353509814432982e+02 2.425525750127496281e+02 6.351832877398695700e+02 7.770339155569090508e+02 4.904858214312997120e+02 5.754148379404166462e+02 4.360108626267765430e+02 4.771237279840926817e+02 8.293860750627027301e+01 5.877638027085337171e+02 3.629881443938912753e+02 4.246228626979245746e+02 3.535642918059230055e+01 3.654022724700492972e+02 1.215549617416290005e+02 3.038872249413414011e+02 4.642493983498694661e+02
1.948172697945792287e+00 7.426464351439337861e+02 3.264116729852877938e+02 4.179720341070663494e+02 3.524048335048351532e+02 4.697769406845265507e+02 4.728698106091565023e+02 7.055175852089407726e+02 6.820444467007922640e+02 3.739357386205336979e+02 1.393453393531510471e+02 9.014047180169505964e+02 2.438106027514254208e+02 6.182570405347012183e+02 6.970032150114817568e+02 4.776495113930197931e+02 1.579275466147594216e+02 1.062743376092570600e+02 3.325377836598481736e+02
1.859166625130580286e+00 7.760381614060647735e+02 6.442947521332254155e+02 4.235642364527251402e+02 4.252102987929836786e+02 2.578679816469088451e+02 4.493142918610624292e+02 5.694534733607347334e+02 7.713904075677595529e+02 4.173170407983620294e+02 1.496638651772796038e+02 5.650337126618557022e+02 2.670838649702593557e+02 3.811564871752052568e+02 5.482915151733641324e+02 4.916464777515309947e+02 5.258171684035105500e+02 6.919197887335207042e+01 4.731168822612909821e+02
2.368105418585684241e+00 2.652136248354378267e+02 1.838436740482437131e+02 4.439586214489921758e+02 4.042047555629335420e+02 7.660613763069496827e+02 3.569831154913606497e+02 8.891829414475980684e+02 3.103023570282046535e+02 4.755960977286134721e+02 4.156427408000466812e+02 4.755725612880742119e+02 4.465028093691396407e+02 3.197194440734006093e+02 2.078182303789237722e+02 2.184383585868691853e+02 3.150365362882756131e+02 3.828823832886822629e+02 2.334706917568773008e+02
1.934315851056797264e+00 5.160222606583083689e+02 6.901864427785114913e+02 4.141317365691508599e+02 8.555197946195792156e+02 6.576268375646905042e+02 3.889741630213210897e+02 2.312826420330634392e+02 6.791576310998307235e+02 4.318996658261494304e+02 6.896214992882341903e+02 2.834347354632449765e+02 2.929913940911318377e+02 4.761059541849667767e+02 2.782163871762207918e+02 4.351338208641861911e+02 2.126662334130111276e+02 3.987382660036113293e+02 2.992368820256579056e+02
1.845933350971644460e+00 3.732317661067132804e+02 7.541959808960712053e+02 2.786662485121893269e+02 6.404727679380786185e+02 7.570111522725824216e+02 4.273559134940035165e+02 6.803784139963157713e+02 2.197537622237016990e+02 2.664866432427652967e+02 5.088891855485146039e+02 5.301111785560473777e+01 2.783216061911541033e+02 3.338693946055545325e+02 3.045346080038019636e+02 3.931034535875607503e+02 3.980214109516854251e+02 7.413717732641669045e+02 4.322191041739496882e+02
2.080288947284723022e+00 2.342920438791144306e+02 7.003977544457461590e+02 2.591639093223880650e+02 5.525692623371892296e+02 7.300867908330155842e+02 3.210424181787361135e+02 7.491820869001506935e+02 3.974961122844538295e+02 3.325295897608675659e+02 8.524991326188936682e+02 6.276943005543367917e+02 2.301211820339497933e+02 5.427524125404561346e+02 2.693226168942176173e+02 3.242364943972685296e+02 2.622469575410788707e+02 3.074460995719232415e+02 4.385589777667204316e+02
2.001813098685478298e+00 7.512408445058002826e+02 3.905907307509503994e+02 4.122919734067009472e+02 2.189191133066260875e+02 7.526661462175302404e+02 3.428868242229753491e+02 4.292527012167508929e+02 7.604565497614826199e+02 3.908645437428193077e+02 7.767933713201600767e+02 3.157791408882192172e+02 1.803535429806022137e+02 5.153618604319153746e+02 6.589687607086660819e+02 4.498578474439343609e+02 1.582821602284200537e+02 1.584428623501508184e+02 4.210085742170016943e+02
1.654915713178253700e+00 5.962465684838500692e+02 6.489329600995370129e+02 4.496748588638955653e+02 3.727985063498663294e+02 2.898969221107013823e+02 1.123606031630459796e+02 6.100232876715017483e+02 4.828494560797433905e+02 4.191928127747547137e+02 1.969916776529329923e+02 8.244498134941072749e+02 3.746808622758773026e+02 4.171059445102338259e+01 1.967170896215632752e+02 4.707737235753093046e+02 5.068358021946654617e+02 1.945069352486688388e+02 4.464348480735749263e+02
1.860797782634731723e+00 7.448957711804517885e+02 3.350412827851629913e+02 4.157687591231660917e+02 3.325331154760916661e+02 4.982045176187674542e+02 4.623649450420325593e+02 6.938881267589315485e+02 6.988039678800423644e+02 3.753890281318792290e+02 1.897297664597953144e+02 8.223166017070067255e+02 4.393335913223889975e+02 5.088957495610525825e+02 7.207056176819526172e+02 4.683684510992523542e+02 1.538425849626738113e+02 1.132271560260886787e+02 3.436100205571294737e+02
1.456485953946133449e+00 7.996172977403737150e+02 5.377618396217322925e+02 4.441162503322269686e+02 3.655335383397197120e+02 3.579715416242660808e+02 4.381688797574219052e+02 7.336199235497431346e+02 7.823474281008620892e+02 3.694109810076198528e+02 2.256097733352123100e+02 4.758479467038974349e+02 1.213555400246265492e+02 1.346659371458105738e+02 7.644883918715165692e+02 4.632932540077839576e+02 4.893374870231818932e+02 1.149035507289645466e+02 4.580911548023063347e+02
2.338646624738568214e+00 7.752853053717628882e+02 6.690414139734298260e+02 3.891801450391118351e+02 1.094615673943139029e+02 5.853858533036318477e+02 1.417397225267797296e+02 3.626940404499848114e+02 5.000792193205832632e+02 3.264067900871871757e+02 8.640093668690841611e+00 4.295292597032370452e+01 3.579221194394053214e+02 3.753897936542745128e+02 8.394737308909100193e+02 3.051860973443936587e+02 8.547862926155950163e+02 1.832666549741377935e+02 3.988814290846888184e+02
2.055212431252001259e+00 6.621392448470089676e+02 7.309705852580271994e+02 3.234811412928285108e+02 2.494246146710030985e+02 7.515941576814635710e+02 3.403557747056926814e+02 8.059579271220339933e+02 4.931243903354175018e+02 4.607313634906141715e+02 2.813629261677946261e+02 4.698678902471399965e+02 4.603057145801303705e+02 4.659674909937406255e+02 3.874751673277895065e+02 3.219152258592339422e+02 1.985859909785336299e+02 3.445015729534006823e+02 4.573222319048894633e+02
1.857193071302511989e+00 8.302663259184739672e+02 6.669112741032098484e+02 3.769640433768847743e+02 4.746365950117962029e+02 4.442580041455981359e+02 4.638899728388310564e+02 7.488299618211501638e+02 7.823351387407581115e+02 4.434446011777181980e+02 2.516522142047442685e+02 7.144842547208784254e+02 3.006308178199902841e+02 3.027079848689757000e+02 5.872631627959700609e+02 4.827508054640585442e+02 4.426634309418860767e+02 1.133046528370140322e+02 4.711052963393362916e+02
1.855757929717819055e+00 2.621805639004277850e+02 6.347766985088900356e+02 2.178252060390882150e+02 2.216931900739327261e+02 9.552332951137705095e+02 3.936027573770731465e+02 2.097231990039384186e+02 6.500679269483446205e+02 3.540619918227791914e+02 5.170864904157944011e+02 8.496885446042657577e+02 4.898114745517804067e+02 2.914479573548772464e+02 2.318843015245312245e+02 2.835991942306080773e+02 6.353938189401281988e+02 4.316208484154146845e+02 4.898253589495483311e+02
1.864752201422439581e+00 7.477546460739804388e+02 8.045200367805790620e+02 4.904077244789647807e+02 5.028989919188193198e+02 2.132732791335912452e+02 4.870368284611538456e+02 5.536873772646074485e+02 8.119550863766868360e+02 3.928267754031224968e+02 5.710923443967706135e+02 3.688800979284025061e+02 2.802160174823121679e+02 6.018529468615929545e+01 7.265591878543059465e+02 4.652285373363349095e+02 3.921876971331499249e+02 3.600073024414636507e+02 3.856261214482281616e+02
2.019784353620804218e+00 8.467614829615520193e+02 6.802685487683654628e+02 4.631532401682900399e+02 7.397591903314651063e+01 8.735386589953507155e+02 3.939087211650041240e+02 4.845156648622191824e+02 7.788249222320689569e+02 4.956141082648781548e+02 8.032202163461562350e+02 3.133136635802999876e+02 3.079583417412383142e+02 5.794962525338676187e+02 5.538535729461284518e+02 4.718265153554481230e+02 2.787544612230165058e+02 1.678778829211383936e+02 3.198736949743451419e+02
1.819022664620245200e+00 3.061155762514659955e+02 9.787001032239129472e+01 4.087993569551574637e+02 3.041546906693715755e+02 6.249893598352402933e+02 4.385392277222510984e+02 4.178141233825186873e+02 1.832213343568024868e+02 4.114308753758111834e+02 7.833652630927025484e+02 6.547314447471592302e+02 3.999239791306264351e+02 9.552306995157709935e+01 7.359408183767101264e+02 2.712029918915410462e+02 6.159325333453529083e+02 2.582617812045688197e+02 3.442734931374893677e+02
2.089585406107166143e+00 9.255651941568389702e+02 3.064088817856860487e+02 3.821123477413642604e+02 4.501047158563383164e+02 8.883018708537910015e+02 4.904858214312997120e+02 6.850679908771796818e+02 7.332903091105179101e+02 4.701592802209673891e+02 8.293860750627027301e+01 8.781622959517294476e+02 2.319822353456046926e+02 9.855342921659233753e+02 6.587049273168253194e+02 4.936024291891739040e+02 1.530314187170802143e+02 1.270167820713223819e+02 4.365543610734693516e+02
2.219072426644808971e+00 2.102962435606093550e+02 6.972691234937358331e+02 2.532024906367219614e+02 3.573107781968446943e+02 3.636817735545631649e+02 4.562822903978506019e+02 5.513562401613778547e+02 6.970812233206413566e+02 4.458022041527032115e+02 6.499191517244480565e+01 3.888274750436135605e+02 4.424960249125947485e+02 7.376919483738576844e+01 6.947279637338072007e+02 2.014531284479795659e+02 6.927400808704596784e+02 1.626839033815411710e+02 4.684130200562368032e+02
2.180474538391800721e+00 3.521361685141229714e+02 7.812860477988175489e+02 4.090046202250020997e+02 1.229843400426599374e+02 6.496325164477034377e+02 3.031556984921668914e+02 1.124100688692313952e+02 7.235775156014833556e+02 4.755149658412539111e+02 8.984207745551652806e+02 4.005599794269436984e+02 3.868298384943012707e+02 8.372262254652060847e+02 9.197104276476228506e+02 3.612376398904161761e+02 3.343032072875466838e+02 2.967871877226389188e+02 4.281273753408240168e+02
1.938335808847007291e+00 2.046874873247198821e+02 7.864205940088509124e+02 3.060110548383510150e+02 7.078322591175931393e+02 4.252981304457323404e+02 4.425123176572444663e+02 3.535899514097051792e+02 5.319842772165158067e+02 2.594645722877667140e+02 1.381982141345316677e+02 3.932034564063001767e+02 2.927536465914885753e+02 7.017389396361895706e+02 6.309533778509994590e+02 4.928923106275237842e+02 5.794313594595303130e+02 1.404871087796861389e+02 4.373974503316176765e+02
1.781819898836553895e+00 9.125557596017611104e+02 7.286300285323113712e+02 3.425883383266368583e+02 4.230094649857835520e+02 6.789645864088799954e+02 4.645561858306580234e+02 4.529972454319736244e+02 2.427736437665988660e+02 4.862648637851242484e+02 7.506773401382964721e+02 2.262298825990033890e+02 3.577854008541876283e+02 2.662475029743231971e+02 6.985204004910793856e+02 3.118331769832319083e+02 5.561107234706586269e+02 2.384325583133700661e+02 3.700071846739033958e+02
2.212520401145397386e+00 6.618694581805877988e+02 6.542463826967501745e+02 4.130885919532401545e+02 2.852646995229516165e+02 2.195343462120083586e+02 3.339684948762658792e+02 4.637524103530838033e+02 8.038655421331073967e+02 3.648893491324874390e+02 8.410360436959078925e+02 2.135589960133704039e+02 2.439375027726281928e+02 5.204362361433373962e+01 7.732871446648191522e+02 4.510305213048224573e+02 5.218936289636627635e+02 1.297157476633017268e+02 4.622534405042620165e+02
2.016092836533013521e+00 7.614588232563038446e+02 4.958598860656456395e+02 4.181166658304901489e+02 2.000916997069550405e+02 7.297318384688494461e+02 3.643602041509961396e+02 6.920837600623603976e+02 8.108338400974630531e+02 4.350415672623472005e+02 6.488372323861385667e+02 2.373315042085569360e+01 3.309340179953509278e+02 5.418012364510988164e+02 8.623895609173556522e+02 4.067375336252297302e+02 1.464601672182951688e+02 1.345528551192248585e+02 4.678450679644146817e+02
2.307915746607566820e+00 1.958679034343178387e+02 8.607105533563443487e+02 3.114269702135578086e+02 5.631285427771113063e+02 6.676116003327211956e+02 3.417352367734251857e+02 7.053051690273649683e+02 8.331012097370003175e+02 2.899493545731235713e+02 8.396513941978909088e+02 6.052220290498826216e+02 1.595830106927814995e+02 9.157892224084368991e+02 2.596302381580269980e+02 3.255303383710322578e+02 2.515135265031276788e+02 1.691035053697609385e+02 4.738903888699311437e+02
1.885559801961312898e+00 7.863822986321598592e+02 5.179652289054560015e+02 4.785552890608703933e+02 3.808372775378989559e+02 2.721678556156740569e+02 4.704543655589789637e+02 6.809954190576042947e+02 7.685188030558560968e+02 4.814768823019152819e+02 2.967813281452698675e+02 3.155884870168078464e+02 4.729379348637251610e+02 1.829470005952398424e+02 9.762625246577156304e+02 2.582860952967646426e+02 6.187859673290106457e+02 1.613372137555342078e+02 3.738500851995909215e+02
1.807151920157626046e+00 1.703719770081449383e+02 2.209480425174297693e+02 4.482621289315688955e+02 4.185135519832133468e+02 6.938282603474457346e+02 3.100483599792248697e+02 5.867394595991606820e+02 7.372763149206197113e+02 1.697421998172318638e+02 8.119496226333259301e+02 3.601373636869141137e+02 4.822168498639483118e+02 7.546128938592568147e+02 6.656865755687166484e+02 4.891534520043343832e+02 3.258710589795219335e+02 4.897005367459333911e+02 2.980297444247595422e+02
2.104017634188870556e+00 8.380784169065462947e+02 2.071995238608479895e+01 3.800375191214691881e+02 3.949468328157038286e+02 7.737037575048227609e+02 4.265415297319828483e+02 6.421505872701715134e+02 6.101828844501452522e+02 4.633351283896616337e+02 2.157076991060021669e+02 4.964503637492140342e+01 2.961406775807998315e+02 4.650050233017177561e+02 6.826795331747019873e+02 3.144976725042618000e+02 1.344544251297219830e+02 3.969652516841844090e+02 1.336173632353822143e+02
2.054481489383436887e+00 7.843763271979562433e+02 3.132364211822069251e+02 3.341614923448109948e+02 3.891307133863513741e+02 8.416823595135257392e+02 4.264305856686165725e+02 6.573104286494253756e+02 2.276390612948135299e+02 4.635721131266340080e+02 1.203249994892790937e+02 7.825731257038879676e+02 2.279934161830043138e+02 8.680357654823575331e+02 5.578318639801925656e+02 4.738993925072863362e+02 1.721460380062565889e+02 2.336214761229086605e+02 4.140966179569034580e+02
2.005145969046321142e+00 4.346980249514988373e+02 7.660808753178139341e+02 4.217091859457412397e+02 8.934458427346223743e+02 5.827182598580516242e+02 4.311049521721392921e+02 5.903611027649617427e+00 7.358606573420279346e+02 2.178606296685239272e+02 6.301274425748201793e+02 3.499417356850460692e+01 2.754990348318351039e+02 4.405630746420728201e+02 3.406213748482372239e+02 4.532924187262759119e+02 2.076112987795037839e+02 2.638753831731729633e+02 3.064358202387023766e+02
2.035327192772107718e+00 7.776690997790103665e+02 6.399679151933466983e+02 2.709905391247622788e+02 1.884147417305071031e+02 7.642227306672403984e+02 3.440524675699049340e+02 4.207456659348155767e+02 4.587426188887782246e+02 2.086383604089995458e+02 9.357888003008533815e+02 9.854435128842417271e+02 3.432061671949940092e+02 8.148795441711405374e+02 2.128934120475607017e+02 4.682900886611428177e+02 3.141395832065499008e+02 8.381961478348632966e+01 4.326512309657134665e+02
1.976082558218732244e+00 7.997933782147482589e+02 2.215889290155758147e+02 4.616449993056066319e+02 3.325294200001662261e+02 6.709201065929128163e+02 4.255245648012155470e+02 5.106417079585847887e+02 6.630382096713323108e+02 4.557153506076413123e+02 2.451773207704187882e+02 9.940826574904775725e+01 3.276505132020520250e+02 8.479301391579198253e+02 7.460246477076523206e+02 3.042955788007395768e+02 2.757632260705922818e+02 1.540512621028983631e+02 2.371845725389241863e+02
1.811669659712644931e+00 5.977081912768845768e+02 2.034777529010260650e+02 2.878693324914173672e+02 8.601778001067036712e+02 3.342823638765885903e+02 3.220279749269922149e+02 4.387353812054578839e+02 7.858834524029165323e+02 4.599606862878151787e+02 6.583985127036701215e+02 6.756839104341077018e+02 4.063862866718413898e+02 2.390951687456030754e+02 2.022194311383490231e+02 3.829018875232832215e+02 2.307742537465349528e+02 8.782573041163308858e+01 4.128852450146781052e+02
1.639222970378605204e+00 1.311160978265523340e+02 5.915934346936550128e+02 3.083448784082257816e+02 6.077273212989269950e+02 3.583713931759104980e+02 4.851382092617438389e+02 6.103928570180567021e+02 6.594471350108385650e+02 4.357509444936108594e+02 6.892536583171710163e+01 5.393618316931213030e+02 4.707070790828580584e+02 3.576692685956941204e+02 7.624372145845288742e+02 1.782089929847677467e+02 3.811005458157528096e+02 1.482380678321464416e+02 3.771288384584351547e+02
1.981456325090150905e+00 5.661470994037092623e+02 9.107297084898262938e+02 3.106957304488879572e+02 3.553746973496643022e+02 7.303600266018920593e+02 4.815792922384721351e+02 5.044664709469517447e+02 4.353323810393043232e+02 4.700861444382032914e+02 7.474534172170504007e+02 4.194610862467867491e+02 4.517089166020969060e+02 7.369695501046968502e+02 1.319330874436784597e+02 3.345393573647938865e+02 2.118787672461576221e+02 2.676281993786815292e+02 4.884178384444651329e+02
2.263103281726712268e+00 3.655005681140378329e+02 1.933409122481126587e+02 4.548501691455649052e+02 3.919846882272383368e+02 7.032010806827839815e+02 3.955593438055165620e+02 7.550981687585511963e+02 5.122022835278730781e+02 4.610497862493019738e+02 3.257065998101673472e+02 2.272219841314506539e+01 3.235665674763463926e+02 5.960128839781109491e+02 2.624012006290183194e+02 2.125196828625904004e+02 3.213560797520198662e+02 2.462577357121406862e+02 2.333622754956128347e+02
1.502606265726303736e+00 3.046456100490355539e+02 3.823380868081544577e+02 1.347461325864836681e+02 1.735708921034585615e+02 8.662556013769421952e+02 3.473608526678693806e+02 8.121629007434894447e+02 6.596030880268348255e+02 3.742918725380768592e+02 5.214052900071990280e+02 4.792630429988395235e+02 4.484943277823080052e+02 2.413503636095978209e+02 1.883822569847247337e+02 3.510194517244927965e+02 6.187465401277768251e+02 3.138121227107769187e+02 4.448689940554737632e+02
1.788568631267604570e+00 4.748328887306454362e+02 3.715657343680760505e+01 4.485765804040354396e+02 7.928564197665555184e+02 1.529721677809101550e+02 2.365144901863897076e+02 6.073121312210174665e+02 5.545077826061374253e+02 1.649253834409276465e+02 6.819772072805081962e+02 7.149170091205888866e+02 4.692239265538854625e+02 9.545966066464254141e+01 6.613799371982663615e+02 4.587561420210760730e+02 1.680666391747102466e+02 3.930456885946334182e+02 3.984031098191670139e+02
2.369220685892142519e+00 4.466178113830736720e+02 3.683271631874258105e+02 1.186674091533871405e+02 3.979790698554658093e+02 2.163329277743883949e+01 3.251753867833549521e+02 8.191406229080807861e+02 3.657346868500151231e+02 4.464718961925192389e+02 4.108261059325474207e+02 5.024563149150959589e+02 2.236009479678987759e+02 5.744969199865653309e+02 7.401283608318229881e+02 2.694097396878701716e+02 2.403419718834072114e+02 6.702294701271778194e+02 2.317527506760347080e+02
2.018563155057685687e+00 1.297838231125875836e+02 6.911392129496292682e+02 2.579183375556800684e+02 6.531045879183262741e+02 3.191967887726472100e+02 4.683038056197490278e+02 5.688947234017305163e+02 6.992711159067505378e+02 4.309014650370924642e+02 8.783351753337399259e+01 2.773666179115859904e+02 4.780103235067496144e+02 3.346650197445734420e+02 8.467392629039551366e+02 1.788038722666805711e+02 7.134481752276388988e+02 1.936622335709433287e+02 4.884691148338806670e+02
1.709386031201460598e+00 2.528763479623382864e+02 7.333837339012552548e+02 4.459090273459680134e+02 4.737581011893094001e+02 6.530166636997313390e+02 2.494116242990001524e+02 6.241440507731481375e+02 2.625355728034966205e+02 4.706950173883382718e+02 3.180969669956604662e+02 3.763898258805043042e+02 4.046925952269701838e+02 7.682070049257770279e+02 6.929893728570121993e+02 3.194532014848109611e+02 5.519859727175600028e+02 4.218563852501002316e+02 2.167537591963276498e+02
2.072061752732061279e+00 6.938834109682804865e+02 2.412492980069908413e+02 4.617749132517301405e+02 2.455237206157788705e+02 5.802475900715647867e+02 4.174535795314941993e+02 7.612286852964958825e+02 6.206259862315891951e+02 3.882084053034211593e+02 1.550016122238763217e+02 7.552390393143690517e+01 3.738520262903615503e+02 4.477589114513630761e+02 8.083271637703826400e+02 2.229406037081129739e+02 2.655639277207700957e+02 1.624793127951674876e+02 3.879295612603537506e+02
1.923492036298548813e+00 2.134992248627625031e+02 6.920298569616957138e+02 4.299768899928194514e+02 4.828829293145011547e+02 3.845447841655740717e+02 2.844028958265635083e+02 7.850331438058327649e+02 7.285512840330537756e+02 4.895268709091189407e+02 7.187893489822306492e+02 1.180524671650871369e+02 2.895785385133656860e+02 6.160086364243197750e+02 4.532462491755871952e+02 1.373043990467936624e+02 3.463133730387829132e+02 2.003214547418661482e+02 4.064113231010151139e+02
2.056135287753948937e+00 8.680711119935554052e+02 6.494816428695908144e+02 3.954515496096278184e+02 1.262271485508424860e+02 8.474856962237651032e+02 3.854769015246611161e+02 4.766247810866644841e+02 9.613545643323166132e+02 4.273545201043629618e+02 1.781434046274521279e+02 2.003203196896947702e+02 4.470761585173486310e+02 2.091246126795792861e+02 4.137463685242551037e+02 1.330517848728001127e+02 4.993963598679750930e+02 2.077670729047444809e+02 4.512169976154377764e+02
1.523762219675333984e+00 6.891983891986301387e+02 7.245184657087113465e+02 3.542623393831160570e+02 1.747363446736618471e+02 7.646609001228868010e+02 4.043874733200057676e+02 7.474162726588015175e+02 6.711321131203510504e+02 4.144725337001931962e+02 6.227186082021066795e+02 2.347114817995024225e+02 4.479303123314834352e+02 2.767464892240079735e+02 4.924207336799066184e+02 4.363796537401790943e+02 2.213154402130647327e+02 3.069232421696155484e+02 4.664193192955702898e+02
2.009578096644996759e+00 6.793012570775774748e+02 2.790912948195884269e+02 3.422173008649041321e+02 8.951726842552129710e+02 3.738351345268760610e+02 2.959492403181484974e+02 3.734543188830097051e+02 7.611107833338980981e+02 4.526408593454228253e+02 7.666498601978138367e+02 5.344042266922764384e+02 3.979680247259478278e+02 5.267987234338186227e+02 1.105894767856663208e+02 4.057352812559272479e+02 2.527460299657158203e+02 8.336055653079162653e+01 4.276589018784014797e+02
2.231422737465611927e+00 2.232422976659458982e+02 6.991668231183675175e+01 4.726558360911164982e+02 5.703132219333303965e+02 2.040208728929171400e+02 4.679103101256090440e+02 2.338641885281082864e+02 1.965316597358487343e+02 3.280537304772385028e+02 7.332449429090208071e+01 7.822044878349572627e+02 2.596232062938018998e+02 8.183615395073784384e+02 6.934106361707016504e+02 3.609068931850379158e+02 4.194272743289088794e+02 6.542273733552303838e+02 2.274337701582619502e+02
2.222234632899209306e+00 7.676799641568868537e+02 6.378362261127957709e+02 4.649473711855380884e+02 1.391466276215491007e+02 8.599606000961460950e+02 3.876942177751760710e+02 4.400588172333395960e+02 7.635140956656296112e+02 4.788838901538310893e+02 7.979173131331770037e+02 4.440015845002067181e+02 3.228916459433144723e+02 5.338868582261845859e+02 5.838711200435975570e+02 4.720481553011777009e+02 2.750705490333908187e+02 1.876846719293064893e+02 3.355126172561978137e+02
2.065176252310470417e+00 3.754337221597894541e+02 2.876232864297961669e+02 3.128422456313448947e+02 9.534000739514901852e+02 3.438719745126557541e+02 2.992943057380500704e+02 3.648702091015666724e+02 7.501841860007151581e+02 4.442087294034686238e+02 8.246302070920662572e+02 8.008071439643376834e+02 3.984709168365426422e+02 2.178332324629720631e+02 1.038496540038246394e+02 4.197692394814436057e+02 3.018858501094578060e+02 2.713756657099568770e+01 4.540891059870349409e+02
1.882914733325062651e+00 4.099050947243949850e+02 1.976752822165711905e+02 2.215123228034839826e+02 3.996447209324811070e+02 8.036687200940434650e+02 1.644275312082239964e+02 7.864605329788221297e+02 3.607423935847378971e+02 4.920902053137515395e+02 5.903804725549903196e+02 6.019643416784758756e+02 4.698229495474888608e+02 1.627787771468363189e+02 5.909955112479522086e+02 2.097203744301275776e+02 2.605706313152351186e+02 4.012781368994960758e+02 4.255125127825131131e+02
1.542116074954374749e+00 8.034481313216248282e+02 5.516567361370314302e+02 4.494692465615784158e+02 3.890719700199773570e+02 3.139625229128583328e+02 4.459852936262557250e+02 6.855284357474808985e+02 7.748705136128143067e+02 3.672934640380232736e+02 1.792120136591699406e+02 5.164395457912736447e+02 3.157477297990670877e+02 3.934755013736294700e+02 7.456507418887749736e+02 4.720104035136104699e+02 5.306996600153239569e+02 1.081369983902302465e+02 4.597390439322668954e+02
2.007329055854408573e+00 8.168262568535801620e+02 6.654380442899814625e+02 4.618926023232633042e+02 2.931663484296569777e+02 9.125882240066457598e+02 4.064080874619481847e+02 2.044675403338685555e+02 5.597221734043479273e+02 4.363529402243605091e+02 7.744387611422507689e+02 1.881013823468366297e+02 4.875309274294972397e+02 1.234023094570371200e+02 1.712234061855972129e+02 3.786202658019348064e+02 1.968302524794034980e+02 2.081909245709362040e+02 2.767127440961007778e+02
1.865701405720441075e+00 2.212142864813665142e+02 8.453622908750933220e+02 2.865573331158599331e+02 7.058488429176398995e+02 3.905803593837798644e+02 4.548177210339690077e+02 3.884391472804031764e+02 5.215695683997203105e+02 2.518148661914733282e+02 7.019899523655033136e+01 2.568712990315149227e+02 2.744716757947650763e+02 7.659985652116509982e+02 6.061671927321306157e+02 4.949866879402771360e+02 6.169331394742825978e+02 1.154361460882269057e+02 4.330790650581449768e+02
1.812725766155902862e+00 2.933027963871928705e+02 5.368986520335736259e+02 3.235579679464526635e+02 6.585126606149995041e+02 4.712315293868239223e+02 4.864407315584402340e+02 3.748894625079894922e+02 6.979772435726567892e+02 4.985036358788120197e+02 1.677086990174754817e+02 5.168624007345637210e+02 4.148200607152988937e+02 7.668494605878177026e+02 7.047236934403839541e+02 2.640371291497288553e+02 3.797461823560767016e+02 1.412341416361794302e+02 2.274639220171974614e+02
2.069708578954677414e+00 1.358223505643123588e+02 7.989017374021522073e+02 4.788160471532734732e+02 8.778753429524713283e+02 3.258652922156925911e+02 4.531794239258414336e+02 8.399511283713648027e+02 5.666042569572708771e+02 1.472844707667796342e+02 1.379223689254649514e+02 3.524620658442822219e+02 4.342202305240689952e+02 6.827286149290664525e+02 8.445002853987767821e+02 1.949444043605321610e+02 6.355469114136634516e+02 3.963255035375639750e+02 4.422896181213263844e+02
1.771458771284114997e+00 6.043790184363525668e+02 2.973131055539330987e+02 4.257210622779757614e+02 3.457692497454141858e+02 6.726749759863065492e+02 4.310935415752419999e+02 6.052952966782057729e+02 6.312406026938853074e+02 4.610070374688210109e+02 3.545836841289658992e+02 6.790594876640027451e+02 1.214550956991173791e+02 3.320849888999745758e+02 3.621527502698041872e+02 3.289575952449509373e+02 1.752275728387973572e+02 1.262533593568008712e+02 3.255930039169537622e+02
2.054299991578874884e+00 8.732841742535514413e+02 1.515639215902957631e+02 3.455722780041061242e+02 7.700922820745528270e+02 8.445729392462855003e+02 4.005279356605832959e+02 9.481559193474636231e+02 7.835864548982165161e+02 3.088006338699627804e+02 1.300320900953313412e+02 7.076119234207766340e+02 3.069944748940076806e+02 4.126698588147359033e+02 2.237580774663520060e+02 4.570559456781831500e+02 1.466688661852794269e+02 3.253254249080001159e+01 4.062835365786105513e+02
2.092696166942823677e+00 8.856041475456191847e+02 1.736290394343027970e+02 3.820472602536666500e+02 3.305210770463682479e+02 9.108555717564263432e+02 4.388317448304060235e+02 8.583832294757366981e+02 2.713937134966157032e+02 4.208700394981667046e+02 6.718954190598367404e+01 7.300505665018049513e+02 2.840561919312875716e+02 8.798970882605261750e+02 6.467111480413855134e+02 4.694413332474613298e+02 1.686221207141764751e+02 2.556391607036321147e+02 3.974575787139400518e+02
1.755685462161724386e+00 5.046926322544211416e+02 6.307518183314061844e+02 1.122705107605489019e+02 2.965239280390817385e+02 8.576249518044817250e+02 3.678211549379172993e+02 8.786415556369915976e+02 6.917324277888160395e+02 3.884686337339887814e+02 3.717967650576425171e+02 3.666521328216325060e+02 4.556181606340769008e+02 2.604861062639657234e+02 2.769150564057966903e+02 3.178388349621484394e+02 5.547461034011462289e+02 3.684314701673505965e+02 4.257217380739875807e+02
2.139176714131213686e+00 9.223699725199691102e+01 7.557415749033046950e+02 2.205606994729937469e+02 7.134809889424059293e+02 5.126778698657728910e+02 3.165980038777663594e+02 1.003841088313204182e+02 3.269472896666220549e+02 4.535112723904543941e+02 3.883350055934377565e+02 7.450535214528890720e+02 3.281187241184725849e+02 5.291449923012061163e+02 2.094419136132502217e+02 4.899924265090265862e+02 2.509812991411335190e+02 1.191890078004566220e+02 3.714591245100631909e+02
2.031335200941686736e+00 7.651397955091134691e+02 4.127077709840396551e+02 3.959392842680637727e+02 1.536876532174005661e+02 7.540527100269357561e+02 3.678211549379172993e+02 8.626431490010218113e+02 8.496396584932926999e+02 3.884686337339887814e+02 6.431896104195936914e+02 1.105235549175114187e+02 3.861493354264509890e+02 4.720019057214450413e+02 9.340272417161905878e+02 3.848389084553455177e+02 1.170779300939033192e+02 1.758025217775732472e+02 4.432601526326611747e+02
2.108000530730047561e+00 9.067270807128686556e+02 2.588360045271216450e+02 2.295185734287614423e+02 8.318722522098512400e+02 6.117461106358746292e+02 4.756071349724161337e+02 4.699214063400911527e+02 4.124401161538312977e+02 4.179952298032778799e+02 1.586299902582092329e+02 3.818037396425307861e+02 4.550544144266245894e+02 4.126003726411727257e+01 8.181194127807273162e+02 3.495140755406050630e+02 3.843271451924410940e+02 9.784481535879465355e+02 1.950514672835045644e+02
2.188195307365553788e+00 7.866468361945745755e+02 4.719579587441597823e+02 3.013602600288119220e+02 2.083127721250403113e+02 7.254432005060559732e+02 4.176111139716910543e+02 6.741256412244488274e+02 8.971786885212947027e+02 2.210403551767263650e+02 7.416280041705100530e+02 4.982373023970308168e+01 3.997616996657020536e+02 2.678444010414717127e+02 6.174275633084753281e+02 3.758236073876370256e+02 7.785844457014343334e+01 9.352966699210342938e+01 4.351375095222272193e+02
1.955202796463836767e+00 5.004276265115885280e+02 8.148403964192659714e+02 1.820816363968769735e+02 3.336388088782737782e+02 5.314699848244192708e+02 4.094697502017691022e+02 2.744964918578464790e+02 7.721094259668039967e+02 4.250018590641938090e+02 7.768488895261058360e+02 3.119240391331414912e+02 4.671717182274824722e+02 5.894740420212626759e+02 8.963059301379859107e+02 2.931235040414364903e+02 3.997550651394678312e+02 2.493913095911845801e+02 2.945391071325312851e+02
2.360827086200302016e+00 8.997194009599664923e+02 5.412154186849613779e+02 4.426417491713681329e+02 4.915296008498690981e+02 8.630734383134113159e+02 4.170907410811569207e+02 8.048182609536860355e+02 4.986824898019344232e+02 4.025786067242950139e+02 2.204145751613566517e+02 4.810049899731373557e+02 3.956737118443673467e+02 3.588879383027408494e+02 1.482415987315548591e+02 4.774526484213861295e+02 2.760711002790774273e+02 2.447617343602576057e+01 3.037448343432006936e+02
1.859519593741203680e+00 8.963145904126899950e+02 5.360930393232143842e+02 4.463054746637973267e+02 4.432936006811763150e+02 8.375056540921812029e+02 4.207688688549999370e+02 8.041556460767635599e+02 7.511235839766806066e+02 3.797981752096027890e+02 7.106895766759857906e+02 3.136918238097766221e+02 4.222874026911432566e+02 4.774121121974305879e+02 9.656164612621099650e+02 2.582127351519513923e+02 2.619481389518642800e+02 2.584052538310580189e+02 3.324527128439271451e+02
1.738990025722598975e+00 7.962768192724793153e+02 7.159741988365531142e+02 4.055595083560672833e+02 3.062018765702943028e+02 7.601824509976978561e+02 4.063607234737209524e+02 5.970575582061219393e+02 7.606722507171078860e+02 4.179367083615629781e+02 8.353250381226147283e+02 3.199523004905231574e+02 3.815836503606217320e+02 4.208302365233624300e+02 9.121711008921085977e+02 2.392009501789420085e+02 2.758416138259096897e+02 2.366949129311596494e+02 3.418689892124446601e+02
1.868725205943719603e+00 1.270261286567638734e+02 6.839846736732172303e+02 3.329864134775884281e+02 6.592873729539875285e+02 3.313482025558145665e+02 4.812927083873869947e+02 4.208824248639884331e+02 6.163295590154722277e+02 4.874986484140090965e+02 7.520050135010023951e+01 4.429280489190593926e+02 4.093567263816357809e+02 6.433390637630257061e+02 6.828397914747122286e+02 2.025407987290835479e+02 4.137474759539659885e+02 1.024051048784260161e+02 4.044454110492723657e+02
1.868765725130285826e+00 1.701391290978993993e+02 7.769536697224880299e+02 4.339863175389448884e+02 6.380601008014505169e+02 5.843287341937924566e+02 2.411998345255046559e+02 1.080487239423130177e+02 6.805772235297758925e+02 2.450710852610227164e+02 2.925711713201143311e+02 2.974755846247438740e+02 3.288854165320038874e+02 8.532397236231211082e+02 7.248694115353828238e+02 2.626805130218257318e+02 7.272221154402664069e+02 2.914234049118812209e+02 3.284133802743320416e+02
1.631602933044278503e+00 7.340077954515107876e+02 7.602827854473931666e+02 4.915061083331804070e+02 2.937383012231504154e+02 4.545365501150203613e+02 4.784955339544025605e+02 7.433454279646729219e+02 7.850992194145943586e+02 4.486283927775304505e+02 2.446213209669275557e+02 5.912481459546861515e+02 2.496398326910675962e+02 1.513384351606528639e+02 6.969005152729548627e+02 4.832645310793029694e+02 5.944470369476555334e+02 1.412211793502046362e+02 3.811447935375828138e+02
2.134244250960823042e+00 8.870906672805433573e+02 3.705356741302214232e+02 3.032308836287061808e+02 1.340306755767607001e+02 7.916063840494573469e+02 3.271926217896402136e+02 3.638360733629374408e+02 7.299315315239632582e+02 1.480462082743342194e+02 8.039119221426328750e+02 8.019823051509915786e+02 2.629965851266223353e+02 9.818437937780724951e+02 6.222761417367280501e+01 4.955001368624616020e+02 2.035121679862710380e+02 1.982359767364661138e+02 4.096455392486991514e+02
2.284352492081413111e+00 4.873015565578456858e+02 2.491996197087754013e+02 1.666473699420425589e+02 8.234595840277515890e+02 3.122980965872856700e+02 3.915199130249176278e+02 7.124300402285030032e+02 7.675663720986885892e+02 3.842954298667124817e+02 9.341286215421831685e+01 6.091907349819697401e+02 1.057133043108861727e+02 2.715380446586412972e+02 8.628831722198822263e+02 4.499863639340725854e+02 1.379690232659683602e+02 9.430080585595721487e+00 3.055165659759242658e+02
1.789672706742312380e+00 7.391286180184705472e+02 4.119641468436395257e+02 3.537209986733914207e+02 4.520558910927485385e+02 5.484110957802890880e+02 2.493540760067879205e+02 1.485848553497384898e+02 4.205228396123625885e+02 4.982392510654921125e+02 6.368155489430035914e+02 3.383622513891789367e+02 4.777027975419347285e+02 6.223866860961275052e+02 8.611385471751376599e+02 4.811308784500135971e+02 7.489349187282475668e+02 6.534286303052723497e+02 4.646710103897800082e+02
1.834805463826076011e+00 7.474697502400174471e+02 7.182102492562224825e+02 4.189040445512183055e+02 2.909708871817348381e+02 3.056683441643054380e+02 3.249458744572929163e+02 4.548458418886844470e+02 6.788593859330269424e+02 1.617957699959076479e+02 8.508545035658231654e+02 1.220393366612108252e+02 1.104465055198321579e+02 1.467957305862666999e+02 6.212461942291284913e+02 4.969135349787134714e+02 4.085860833736894051e+02 9.643696892137049304e+01 4.399978601497892328e+02
2.222877772709754840e+00 4.837391575506006802e+02 5.680836968388058494e+01 3.162686665971316984e+02 7.959144033819361539e+02 7.236555691862704407e+02 3.190885207007661393e+02 2.417606133346349679e+02 6.229922320077064342e+02 4.695813449564376469e+02 3.332366934535164660e+02 6.125515813097136970e+02 2.764618105195224871e+02 8.220411614345622411e+02 1.001021742541029198e+02 4.197336473224468136e+02 4.192290751804689535e+02 2.526186478661294927e+02 3.820162795720237341e+02
2.111400962047380148e+00 2.287905355999168364e+02 2.588360045271216450e+02 2.295185734287614423e+02 8.318722522098512400e+02 6.117461106358746292e+02 4.756071349724161337e+02 4.361658324768598050e+02 4.124401161538312977e+02 4.179952298032778799e+02 1.586299902582092329e+02 3.818037396425307861e+02 4.550544144266245894e+02 3.375513757781177446e+02 8.181194127807273162e+02 3.495140755406050630e+02 3.843271451924410940e+02 4.314084156876989482e+02 1.950514672835045644e+02
1.639865950580999598e+00 8.337140761416000032e+02 5.446941315932583620e+02 3.817817399833010654e+02 4.958211835240280720e+02 4.046498873053311627e+02 4.709247453207814829e+02 7.055476227991141513e+02 7.756059157015150731e+02 4.415388359050812710e+02 2.098942304963061360e+02 7.510166938995170085e+02 4.755837886169867943e+02 5.356365926740127179e+02 5.703092778115026249e+02 4.905962400193023996e+02 4.798893866348139454e+02 1.072147557321531650e+02 4.725883965563007791e+02
2.036458116883401281e+00 5.903356754555610451e+02 6.007460335762571049e+02 2.885431991840795831e+02 3.274277049923673530e+02 7.553659435232752912e+02 3.665640455229455483e+02 6.576523981155788761e+02 6.501521420376523110e+02 4.900663514306143043e+02 7.853423321285511349e+00 6.313396859175009013e+02 4.072142806446287864e+02 7.000046874728998318e+02 1.120376824816458310e+02 4.668639661989672049e+02 2.299107235958780393e+02 2.469314312127113169e+02 3.765616223191652807e+02
1.976073591899771609e+00 7.845954788391861712e+02 2.559453222126672927e+02 3.190868909094617720e+02 1.349483087668862140e+02 7.377580700033040557e+02 3.235637437531965475e+02 3.208375070627726018e+02 8.614718147012561076e+02 3.634467868600432894e+02 9.093452385029600009e+02 8.699698450211850513e+02 4.092480214330318518e+02 7.864867929328397622e+02 2.318909816483488271e+02 4.740429148127445842e+02 2.822561572739312510e+02 2.524407515040217334e+02 4.331533421606791308e+02
1.550907062335997733e+00 7.702830646215935531e+02 2.475036671421304391e+02 4.604639511424306306e+02 3.276249412105670444e+02 6.640166543684908902e+02 4.255736649112718055e+02 5.754482186797904433e+02 6.774360073986944144e+02 4.806070813750353068e+02 2.938164446820306921e+02 4.299678547329417029e+02 1.377871770687818298e+02 6.085585618630727822e+02 3.523452767626065452e+02 3.244769115278521667e+02 1.853666653987481823e+02 1.544454960165040802e+02 3.007158126303517633e+02
2.063912414186946265e+00 7.651397955091134691e+02 4.127077709840396551e+02 3.959392842680637727e+02 1.536876532174005661e+02 7.540527100269357561e+02 3.678211549379172993e+02 8.930231654779299788e+02 8.496396584932926999e+02 3.884686337339887814e+02 6.431896104195936914e+02 1.105235549175114187e+02 1.847169850892720717e+02 2.053397010588445823e+02 9.340272417161905878e+02 3.848389084553455177e+02 1.170779300939033192e+02 1.758025217775732472e+02 4.432601526326611747e+02
1.686360338261892799e+00 7.321249588023290471e+02 6.480416449722559946e+02 4.599983448156058330e+02 4.624975568029328770e+02 2.913802193190676348e+02 4.460550843154476865e+02 4.885044457204702439e+02 3.309017193599560756e+02 4.258869160039802750e+02 1.744584843948077832e+02 4.222979916073965114e+02 2.698933120262238958e+02 3.658564608083831899e+02 6.677319660485337636e+02 4.669620682050419873e+02 5.483866787335800836e+02 6.631414238070144052e+01 4.787945959757209380e+02
1.855584989585483235e+00 1.842722300897464720e+02 2.822089982210777066e+02 4.834869842020441979e+02 3.399052701242318903e+02 6.071055282558969566e+02 3.050449114820260093e+02 4.921089542508327099e+02 6.528382411191455503e+02 1.745450063178379594e+02 6.860422196148662124e+02 1.924729070935598543e+02 4.503928526688056309e+02 6.051661739316430157e+02 6.700718551074701281e+02 4.636534167631058381e+02 3.276246319736949886e+02 4.279621474657532190e+02 4.522216558234277386e+02
1.866079438217133957e+00 6.598791112435048944e+02 2.292732632587037074e+02 3.641145059928170440e+02 6.210345086787648370e+02 5.433564438863227224e+02 4.940741913319620267e+02 7.774348364861934897e+02 2.755606373240872813e+02 3.820209802577297751e+02 3.104447342832705772e+02 3.809225191023308810e+01 3.092304254682115925e+02 2.231873813251398246e+02 7.469286530883266551e+02 4.539648015032798867e+02 1.550827421778027144e+02 2.765700602198252795e+02 3.280800330407697629e+02
2.065899028351815048e+00 3.223706770892435429e+02 4.095220098349255977e+02 3.101134038924179208e+02 6.844300671157423039e+02 7.116650580081061435e+02 4.440186101272199721e+02 6.864290526163392769e+02 1.518149125677541633e+02 4.534882631773508024e+02 7.328510301337568080e+02 9.553512244117462160e+02 2.833837809648146049e+02 1.691178461729396076e+01 1.159340337358116813e+02 2.473985251749094516e+02 1.976610471329178154e+02 8.574260506968764730e+02 1.360512626350533196e+02
1.653393577690747573e+00 6.190282875453805218e+02 8.435323622676651212e+02 2.835774528207808203e+02 2.700465706274567310e+02 8.017178643382187602e+02 4.854566357629495315e+02 7.032640193324604070e+02 4.583391594817630903e+02 4.164037178538266062e+02 8.158730501283283729e+02 5.132874287239294517e+02 4.277038480603296193e+02 4.617031423086621089e+02 1.503186545500469720e+02 3.248740581355570498e+02 1.568019805848546184e+02 3.318192839435414498e+02 4.704315355642049212e+02
2.057274973120372330e+00 7.340273311933239029e+02 2.707791830034450413e+02 4.926114059228225983e+02 2.148546072397281819e+02 6.481566984277451411e+02 3.782040236654268597e+02 8.467879726250239401e+02 6.261660254445424698e+02 3.419622687644143753e+02 1.653525409748178845e+02 6.977986899003316523e+01 4.053169123572757258e+02 4.564864389770857542e+02 8.334488926224764782e+02 2.279008020099265650e+02 2.619618428142616153e+02 1.921070482044889047e+02 3.931353712446417603e+02
2.121737446583872089e+00 4.085643391260106227e+02 2.592961124630307381e+02 3.762564640488487839e+02 3.823672260286106166e+02 3.847536364692596180e+02 4.376625680793012521e+02 2.891404774650843024e+02 8.343892074421906955e+02 3.152970240978009997e+02 9.230223306702620221e+02 5.226800907309001332e+02 4.664616023259656004e+02 8.026900665287791981e+02 7.787078436375406909e+02 1.847597855210875650e+02 4.709202154809229341e+02 1.440932619992172192e+02 4.345511515544969257e+02
1.985248931439277165e+00 7.649179335915985121e+02 7.550786027759518220e+02 4.994968491457449886e+02 2.296165521717170463e+02 7.804845089140656000e+02 3.869586793482010307e+02 7.401258462098387554e+02 5.559282160839679818e+02 4.145533246283131916e+02 7.202314323551269126e+02 2.071669923294143700e+01 2.998809961474425450e+02 1.139798485723743795e+02 1.514074198112725753e+02 3.795654797609405477e+02 2.381652560712304592e+02 1.739704253980152089e+02 2.771883812305919719e+02
1.652760073070411506e+00 7.982685442156007412e+02 1.945447596450459287e+02 4.826789897823133515e+02 3.012451481958023578e+02 6.794963283622821564e+02 4.246187293714441466e+02 6.047758236684002213e+02 6.903115534606556594e+02 4.242545005570292460e+02 3.089493352134459201e+02 7.181367635889829444e+02 3.625409144608522070e+02 8.141337543694165788e+02 5.692991273190931452e+02 3.215577939122995303e+02 2.242942073110378374e+02 1.903213484487915252e+02 3.045780812644215985e+02
