6.305986512695904267e+00 6.439155487029995584e+02 5.073534763508629908e+02 3.522392401767861543e+02 3.936185810296624368e+02 1.782352317137356863e+02 2.359821334128708941e+02 3.468212482135471646e+02 6.547479126722776073e+02 3.336713956195202968e+02 6.023424242624769249e+02 1.343930234127480219e+02 3.341030600586566948e+02 5.568568980307386482e+02 2.812565201970726889e+02 3.393513558344243393e+02 5.007674294611385903e+02 3.662123711474595211e+02 3.682149582219522017e+02
6.671175641263388023e+00 8.328673521719899782e+02 1.473272120550566058e+02 4.744121139230902600e+02 2.263623339251231243e+02 6.591004473190284898e+02 3.561757394270900932e+02 6.117093207717592804e+02 3.883433720996349052e+02 3.065337781850578835e+02 4.745171541588121045e+02 5.783775919785133510e+02 4.427983248563290317e+02 2.915816243052199184e+02 6.559238341744281797e+02 2.991985590048648191e+02 3.481762624357089635e+02 2.192296841214900383e+02 3.001142786393830306e+02
6.264787974288804406e+00 7.789620923406012025e+02 4.294874207361639264e+02 4.950407720478271472e+02 6.593231246609575464e+02 2.289529446363287661e+02 2.126636360501152581e+02 5.327314617288345744e+02 4.596122480175632745e+02 3.813158244782736119e+02 4.582485063953487270e+02 6.819793802107358260e+02 3.431138778911870872e+02 5.712926530550798816e+02 6.757377552463833581e+02 3.379072144809458678e+02 4.380137195456571249e+02 2.398551784117828447e+02 2.320959916077598564e+02
6.788326724880333174e+00 4.648406659243937611e+01 5.606485203597260352e+02 2.214659994134848660e+02 3.564456812076721235e+02 4.578773737360982636e+02 3.601938622732148474e+02 8.355649858942302899e+01 6.311182170411480001e+02 3.679302153217643649e+02 3.191570213288061950e+02 1.068896117278123938e+02 3.726252710102893388e+02 5.950361738558195839e+02 5.891564138912422095e+02 3.492645512611179015e+02 6.533856701423488857e+02 2.026318822145332774e+02 3.799850806294686549e+02
6.452619874693758639e+00 1.712614027610562175e+02 6.801797860405856682e+02 2.547422502058610121e+02 3.416458109425035445e+02 6.000544123699580723e+02 3.019803818495940959e+02 5.193980316884296826e+02 5.549861517786207514e+02 3.391582693531901782e+02 2.818768987836173210e+02 4.970993328745304325e+02 3.851561785765629793e+02 5.429824765651142116e+02 5.758494521456711936e+02 2.690317265676409875e+02 6.937706979109944996e+02 4.608404843296081026e+02 3.694139501528847518e+02
6.350631980808268295e+00 6.109790542708959720e+02 5.411446284615694822e+02 3.892034644099462071e+02 6.341277289448966030e+02 5.288107106696053279e+02 2.876327726439960202e+02 5.735861169580607566e+02 8.695212519683933579e+02 2.372507369686129834e+02 7.451089827503426477e+02 1.977359359852497107e+02 3.129992896950166710e+02 4.748231566547674447e+02 6.445039848516871643e+02 3.951572673263990509e+02 8.769297619251451579e+02 3.012730186514746720e+02 3.514982363891884916e+02
6.620426644064584032e+00 2.972090458650465621e+02 6.425370939551650054e+02 3.669032681681430859e+02 3.887968561005284869e+02 2.491705231508477141e+02 2.118332171859758546e+02 5.296199523450775359e+02 5.038508073890950527e+02 1.584539730913457731e+02 4.874731037466826251e+02 2.267197128325359472e+02 3.632891489206650135e+02 6.746465867826934755e+02 5.088849508679213614e+02 3.660439951884424090e+02 5.854265591522078012e+02 1.506686080666468115e+02 1.843891743439899642e+02
6.413063641976631146e+00 4.505349586685150598e+02 6.426532518787647632e+02 2.724092203380535011e+02 7.540861113196035603e+02 3.134626995638810172e+02 3.039071899468561924e+02 7.804384119837224034e+02 2.276466038573179276e+02 2.143557063502620963e+02 4.444728016747932315e+02 4.656846365423631369e+02 3.072862689194331551e+02 6.624817906661639881e+02 2.361536459694904693e+02 3.816440771163074714e+02 6.624870726605809068e+02 1.317958873131736368e+02 3.888053985499181522e+02
6.078611725940652022e+00 5.242300381641824742e+02 4.269345616567144930e+02 2.604385848920085209e+02 2.806731994732950852e+02 5.694530000308302533e+02 3.232280397959514744e+02 4.666845050969978956e+02 2.620891155548650318e+02 4.148884852222797122e+02 4.414345394035691470e+02 4.036764304307416751e+02 2.712228404008036478e+02 5.780418209834823529e+02 2.280881913162527894e+02 3.029926058751914297e+02 7.208901527332586738e+02 6.470601992687418260e+02 3.764108750226714619e+02
6.364036648414442610e+00 3.514203693356550957e+02 8.215917249494129919e+02 3.630083381933457076e+02 7.388246713385422026e+02 3.272613283131119601e+02 3.360554695962009077e+02 4.420429885863858317e+02 6.186467049661932833e+02 3.161200955883525126e+02 5.195223300804616429e+02 3.084669382326280243e+02 3.549087337089068228e+02 6.349149432820544234e+02 7.035850409053550720e+02 3.179470084727262247e+02 4.765496153724216128e+02 1.085920047334187757e+02 1.835873074983531978e+02
6.713170136334658977e+00 8.266350169124622198e+02 6.109568506245807384e+02 3.790938912072214748e+02 8.389473328413916988e+02 3.848147667812415875e+02 3.690419094461488498e+02 3.802590052404259495e+02 1.992828579588078242e+02 2.695302762999625656e+02 6.728392533170344905e+02 7.440145874125209957e+02 2.243183595899607496e+02 5.222153657710254038e+02 4.938013562182915734e+02 3.214590565932415984e+02 6.141562386842699652e+02 1.665056745563508116e+02 4.029046085239435797e+02
6.283918155152838914e+00 5.660737654992892658e+02 6.275847324204615916e+02 3.888597688102908023e+02 7.025659292794528028e+02 8.711788585077468952e+02 2.511708343002891581e+02 5.954467105957958211e+02 4.808744234547772294e+02 2.304704063498724622e+02 5.697964550362505634e+02 5.175091310715527015e+02 4.151631019256727768e+02 3.996166308629728974e+02 6.752154066585824239e+02 4.607618074487317017e+02 4.388354551678315829e+02 7.083422504401224842e+02 1.847038900980259939e+02
6.416363669692225713e+00 4.314794817695652682e+02 5.954925647424256567e+02 4.081012873300149977e+02 3.116959469407657366e+02 2.172283909177765509e+02 1.724965001513129437e+02 4.998169726223540010e+02 1.939075616120040308e+02 2.286482306256929178e+02 9.856531219696324797e+01 3.379407851746017855e+02 2.457407849681258085e+02 5.487746018628955653e+02 3.559853228630917101e+02 4.313040973437039156e+02 5.159198536627445719e+02 2.055231922480179492e+02 3.820310814783108526e+02
6.292656406395765956e+00 6.817598813978054295e+02 1.570645726456734792e+02 4.860389114978371481e+02 5.778275029314579569e+02 4.567009643703349298e+02 2.828819382519386636e+02 7.495531095246103632e+02 1.256680962308783762e+02 1.134795349597971779e+02 5.506896178649180911e+02 4.183847770739969292e+02 3.967045262170437354e+02 5.889736020207142246e+02 4.244103516183910187e+02 3.640130339859749142e+02 8.229184423294753969e+02 2.318134731958949715e+02 2.456518550202127074e+02
6.585128306803628817e+00 9.297084222062932213e+01 3.831195473831508025e+02 4.908611544938803490e+02 4.266258621781094575e+02 8.331168358588552110e+02 3.715565652597161375e+02 8.326590875959022924e+02 7.202670066036220078e+02 2.685271390083420897e+02 7.874104541264464387e+02 5.426357564841064232e+02 3.975085854551628586e+02 7.390373729536489691e+02 5.488041044178364700e+02 2.985243172656917068e+02 7.493812390587559094e+02 5.396439921772018806e+02 2.905002685432557428e+02
6.573810369524485608e+00 8.228076724732185312e+02 6.701341315604046258e+02 3.506702986670945847e+02 5.424523809782278931e+02 8.132678593291111611e+02 3.355382781159675005e+02 5.736920888187715946e+02 4.925468293511331126e+02 3.465746336331429234e+02 3.574269628037337725e+02 6.326202174572722470e+02 3.322012709202841734e+02 4.553396178197456265e+02 1.479133267243677210e+02 2.855400470063326566e+02 8.435782745088433785e+02 4.665295468400969412e+02 4.817556221967151941e+02
6.203210656157381209e+00 7.319310323308834541e+02 3.288570659802001046e+02 4.492780896809645128e+02 9.162821068055731075e+02 1.749958099022103113e+02 2.779763108703871808e+02 7.187419627166091232e+02 5.825375064969204004e+02 2.874247139375331699e+02 6.115965480000442085e+02 4.646258188574847168e+02 3.413664615476975541e+02 7.183437482133390404e+02 5.160161875790219028e+02 2.986597000762268976e+02 8.780755915001510630e+02 3.005419631153930595e+02 2.217779753419692668e+02
6.151556714493370492e+00 9.983098995604589163e+02 6.048113152674764024e+02 3.846242319680848141e+02 7.544720782079152741e+02 7.793321977909879479e+02 3.517913945265840425e+02 7.183707233764519060e+02 6.616590987472574170e+02 2.594666622533095506e+02 7.003921400566491684e+02 4.500764657019843753e+02 3.536567044315946760e+02 5.464619729728674429e+02 6.819613836298038905e+02 1.917446304297174606e+02 7.715492064693264638e+02 4.344450702307856318e+02 3.322139702637531400e+02
5.974386337410953374e+00 4.996165467461725029e+02 7.135574409916105196e+02 3.229113933230793805e+02 5.442554442121409011e+02 6.923876463157110948e+02 2.555967550842600247e+02 7.655427893571107916e+02 7.430003006490816233e+02 3.962015682405819916e+02 5.980020205045049124e+02 6.310648771584144470e+02 3.974465443351702447e+02 7.299204824506417708e+02 3.859001625870086514e+02 3.387777371566408533e+02 7.866453608300877249e+02 6.842177773030851995e+02 2.076699348864439685e+02
6.519694378737582952e+00 6.685735746140255742e+02 4.896555132093682232e+02 3.451317325840579429e+02 5.474516968667556966e+02 8.534374488183962058e+02 3.345629606388258139e+02 7.618988297830405827e+02 4.362317028854337195e+02 4.655806424841575222e+02 4.914323587503091630e+02 4.540371994969245293e+02 3.527226624193648945e+02 5.013218049598301604e+02 1.982521456689866000e+02 4.215649983927476114e+02 7.469179966297338069e+02 3.766262692444427103e+02 4.065166914396075981e+02
6.622576486101668714e+00 3.909406897964689733e+02 5.102612502450098191e+02 4.296503320312009464e+02 6.230424427014692128e+02 3.484571503366375396e+02 3.333115290207381349e+02 7.484685658939619088e+02 2.311124556674061523e+02 4.910959014230547268e+02 8.625094638769051016e+02 2.833786971924083673e+02 2.726428955645299084e+02 8.556096159890560102e+02 4.912519933081543400e+02 3.994573194153649069e+02 4.452346050393761629e+02 7.273479848118140580e+02 2.888606415035187069e+02
6.761437828796221794e+00 4.076814096909760110e+02 4.960216221259770464e+02 3.772252170590772948e+02 3.191338718490475230e+02 6.142775336629230196e+02 3.269855292107395144e+02 3.254066302520790259e+02 3.147070189226051866e+02 4.180160997730873760e+02 6.054303556532645416e+02 6.157386454707141183e+02 4.591781336741527184e+02 3.625532535257395352e+02 1.401443024905364894e+02 3.539668189114919983e+02 2.937674098036775376e+02 8.128816191320743201e+02 3.177015169282319675e+02
6.127647009574889836e+00 3.298896936646918903e+02 3.817539874557023154e+02 3.910582128076886761e+02 5.548875921353870808e+02 3.150316941650321496e+02 2.352715180085336613e+02 5.637013996459255623e+02 1.701766452204973916e+02 3.718670057494347247e+02 6.790815357418396161e+02 3.616738726414997700e+02 4.206562266153158589e+02 4.013875837172226397e+02 2.872559961101468389e+02 3.632472483774601528e+02 7.480821334237241444e+02 5.447353442966850707e+02 3.668164154477184979e+02
5.629884740064358795e+00 7.035605941330561564e+02 4.947989956648146972e+02 3.118539821704702604e+02 2.857214127019434500e+02 3.845274447164878211e+02 3.037386553912089084e+02 6.141932789128210288e+02 3.741134622257372939e+02 2.842372819461502331e+02 6.115987534655397440e+02 6.644513566643265676e+02 3.617458426927755681e+02 6.310334231208240681e+02 3.333357765795705632e+02 3.414096483193945915e+02 5.641591124591526523e+02 3.928503592805171820e+02 2.617212751598524960e+02
6.116176581980141691e+00 5.711591812242681954e+02 6.320867420648063444e+02 3.869408868415542315e+02 7.521383804854759774e+02 3.589602574348241433e+02 3.087191250678416168e+02 5.589684033198814177e+02 3.626801515318008455e+02 2.542947619691439627e+02 5.404269086408847897e+02 6.259454134294501273e+02 4.416812332092047768e+02 5.025474648719007860e+02 2.252289622912741436e+02 3.080322341239627804e+02 3.663872839289542185e+02 4.849988959717513808e+02 1.870750901347540207e+02
6.569182745866502415e+00 7.567650394379226100e+02 2.923719956319451967e+02 2.446296435408626166e+02 7.419577687613776789e+02 7.485706555700235185e+02 3.404581590015328061e+02 7.004774425719955389e+02 6.389235650904885233e+02 3.087860536926600616e+02 7.035604429813150773e+02 8.334975397927994436e+02 3.100753130122420202e+02 8.156547069991703438e+02 6.121541678320427309e+02 1.479781357681938232e+02 3.676224813612644766e+02 7.068029649505509724e+02 4.674578940716016859e+02
6.087798735425167251e+00 4.890089139109651910e+02 5.554106699589907521e+02 4.330874127551803099e+02 8.654354831868187148e+02 5.409397163086207456e+02 3.136784781329817520e+02 8.566605182060321795e+02 5.228054301940906043e+02 3.541975195575946600e+02 5.603971400135804970e+02 5.363161191464457715e+02 1.138567294028501351e+02 5.379581264420179423e+02 4.840213183926418310e+02 3.558479360307954948e+02 6.979482293123538739e+02 6.686064331724362546e+02 3.861660798124264602e+02
6.127695382119677348e+00 8.578091463101004592e+02 5.856001132268917218e+02 3.943118609437183295e+02 7.320585580031161044e+02 5.023069539809148978e+02 2.719403679770505278e+02 8.892558292153025832e+02 3.022727875295474860e+02 3.948605780387740083e+02 7.039439190465689080e+02 6.055112290619887290e+02 3.063563878003449759e+02 6.980699910029394459e+02 2.922887462137494481e+02 3.298022633871814833e+02 5.762158459243189554e+02 5.863257494706440411e+02 1.882335713503039756e+02
5.938180238607148276e+00 2.181792104612621301e+02 5.602170721969198439e+02 3.391365610842548790e+02 5.518148548279675651e+02 5.348526790922371674e+02 3.332315184521228844e+02 5.116638946735832292e+02 3.045762937944132318e+02 4.548678717902179756e+02 2.822598778113455751e+02 6.901779879494195029e+02 3.293078101366926944e+02 2.458791230476529677e+02 4.070730179667964990e+02 3.922666335439784007e+02 4.035732928530389358e+02 6.053980493184038778e+02 3.461438276859199732e+02
5.990215533997357511e+00 4.403989205967329781e+02 3.470225035991892355e+02 3.419767907406994709e+02 4.249080050247114286e+02 5.219846819281068520e+02 3.928565475080988563e+02 5.735545664138817301e+02 2.553703520759851244e+02 3.068829091590976077e+02 5.190046652407565944e+02 4.172360430814933352e+02 3.204397076135192037e+02 2.319827277159288883e+02 3.770602374446708041e+02 2.423442407902512059e+02 6.618796016679522154e+02 4.139846058510794364e+02 3.164987246410932471e+02
6.510027899637386817e+00 5.199353858745266734e+02 3.806249733051896555e+02 2.624860082755270696e+02 3.861024146448636429e+02 3.743848102493946044e+02 4.742034755235704893e+02 6.342073785985503491e+02 2.246692454932159535e+02 1.525328810255443841e+02 3.568986199570546205e+02 3.160034169328024518e+02 4.024148821847422255e+02 6.561991916317778077e+02 3.560544550641383239e+02 2.627402263016925872e+02 6.226916508424955055e+02 1.279877955656535278e+02 4.382525268343669040e+02
6.168345347823384728e+00 8.618544844251979384e+02 3.126952082116869178e+02 1.571402514188590374e+02 6.337251160381886166e+02 4.924068578469622253e+02 4.371014662757992255e+02 9.980867144667993216e+02 4.515390386301311310e+02 1.551287695420826367e+02 6.042323050341378803e+02 2.266085734908029963e+02 3.536897998944156143e+02 6.385280091402580638e+02 3.781727391310762982e+02 3.331469517475895259e+02 8.028199677372457472e+02 3.954629496638069668e+02 3.034711882955981537e+02
6.341627961672272384e+00 7.603179216363557771e+02 7.305960927550208908e+02 2.206280752397138372e+02 3.963301661548964034e+02 4.008653763361938900e+02 3.344502987023963669e+02 7.125110234319313349e+02 8.003888997187578980e+02 3.053421952948054923e+02 6.118053765780468893e+02 4.102366415978556802e+02 2.744478910536346916e+02 4.589118547750688322e+02 6.436914844307323165e+02 3.682746402243042780e+02 6.989763809381747706e+02 6.258363315887826275e+02 2.972785169104352008e+02
6.447149319097213116e+00 6.273661899559020867e+02 5.408157469705668063e+02 3.336590185990716009e+02 5.802204904865391200e+02 6.411693965622866926e+02 3.560237151560553457e+02 3.406093890568917004e+02 5.998608583511264669e+02 4.556743135703217149e+02 5.952926218306951114e+02 7.715735405004943459e+02 2.387390914272019415e+02 3.170347763117579802e+02 7.869900191590120357e+02 1.462925280555255085e+02 1.592406557347296996e+02 5.329104230103814643e+02 3.428165407884087585e+02
6.291504776681072997e+00 3.853721087706764479e+02 6.509933662490792585e+02 3.348219837310736580e+02 6.689026792811658879e+02 5.656049612677329606e+02 3.153351769439248642e+02 4.448369513295178308e+02 4.217832575354379401e+02 2.201423720847538164e+02 3.477026010201934696e+02 3.636122460202022353e+02 1.250407154140991963e+02 4.606545603615696791e+02 5.197457052505878892e+02 4.522304546300995298e+02 4.202336402522997787e+02 4.573285269770984769e+02 3.112776966487607524e+02
6.306349843903804597e+00 5.662825550167277697e+02 4.218125758329393875e+02 2.799403031774955366e+02 4.310614920497399680e+02 3.919182852071437537e+02 3.522471735238264614e+02 5.861345540640318177e+02 2.484644970353223812e+02 1.441930517225760298e+02 3.672727013175726825e+02 3.517554248335977718e+02 3.974545229488803102e+02 6.286139831610094006e+02 3.854002746662204686e+02 2.842048017540776641e+02 6.270479132604317556e+02 1.676581080329347628e+02 3.012566376607642837e+02
6.413358135641079372e+00 1.856801379033704222e+02 4.460756475606160620e+02 4.375549454414205570e+02 4.923344795144299155e+02 4.700853660941534145e+02 2.611635632490894068e+02 5.189730947515078014e+02 4.356886975949819885e+02 3.466057083389816853e+02 2.536449615300583673e+02 5.130782273256666031e+02 1.079151529962860536e+02 2.747217272991308050e+02 5.545034707663294284e+02 4.715145468694946658e+02 5.130493002950493064e+02 2.733214063261499973e+02 1.899476895521402469e+02
5.998739405779425660e+00 5.148533371281289419e+02 6.976181843126064450e+02 4.211270031517304915e+02 8.731187887608396068e+02 8.322753270317289207e+02 2.753940508932109879e+02 4.753351227598561195e+02 7.494858034353992480e+02 4.793887420290114960e+02 6.907152098475323783e+02 5.037538156428468028e+02 3.825213013460257798e+02 6.913810419547312449e+02 3.904557439409979906e+02 3.662307401960424045e+02 7.004950366171800624e+02 6.489226122170948656e+02 3.624571856127862475e+02
6.408073526852548163e+00 4.187093733121229775e+02 3.949297862187215742e+02 3.388328444683947964e+02 7.053889719823723681e+02 2.533494755345739691e+02 3.575562930424972592e+02 7.960563741552473402e+02 3.567307281086328317e+02 2.198968965339295494e+02 4.780177258111950209e+02 3.185633009959952346e+02 2.611947965814234749e+02 5.660288840855600938e+02 6.418921316862042659e+02 3.042829881869546966e+02 7.746513738216290221e+02 1.048331767666496717e+02 2.337213406225194490e+02
6.164547979316772341e+00 7.342589111054048772e+02 5.199123353782039203e+02 3.655895498500410667e+02 8.628646294161329706e+02 5.089587104225052485e+02 3.155980342964063539e+02 8.640029768513923045e+02 1.891887188581740702e+02 2.688207708375572338e+02 4.840504721133985981e+02 3.240848904143327900e+02 3.384942000308392380e+02 6.958924950391062794e+02 3.391467944917343402e+02 2.783179014783962657e+02 6.328157666454701484e+02 3.836527233478198582e+02 2.238153976011245732e+02
6.400941219732390941e+00 6.904661877161180428e+02 6.650921225924259943e+02 3.864388722064080639e+02 7.538341836618795924e+02 5.709225847768414042e+02 4.260846642748055615e+02 2.192937042732184523e+02 3.671989171372360943e+02 3.224618720656555979e+02 6.928650385570855406e+02 5.163987489551074077e+02 4.419261258708376090e+02 6.284174132402440591e+02 3.223737237861087692e+02 3.395097065585617884e+02 5.817325341019152347e+02 4.470433092981875234e+02 3.745174847743078317e+02
6.265058153367405680e+00 7.853884556755814401e+02 4.531781255980586707e+02 2.756066405188954604e+02 5.022996257569095633e+02 3.243646589929673496e+02 2.025971709962070122e+02 5.566443393766732015e+02 5.683375207943097394e+02 2.795915206716298371e+02 6.506135584135196268e+02 1.662653871855555963e+02 4.136282453757034432e+02 8.411181793218918301e+02 5.094221952007234222e+02 1.354305960011964771e+02 4.831652872339502665e+02 5.665648545359559876e+02 2.973085191570060601e+02
6.304888257941824392e+00 4.915850074399678533e+02 6.799906703823795624e+02 3.253453587434563588e+02 2.627738873716332364e+02 3.236985204276649029e+02 3.633623474450492949e+02 1.974424660330449228e+02 6.996368574036305290e+02 1.483921092604219609e+02 3.816038161529053809e+02 2.683567326864045413e+02 2.873625510439273398e+02 4.733630511900721558e+02 3.282139716146638193e+02 1.502099738670550551e+02 5.852100895448372739e+02 4.700084546045223988e+02 1.676391822436322343e+02
6.256018598672896225e+00 1.821634215093369846e+02 5.687664863622717348e+02 3.678015195059384723e+02 3.556962078213523455e+02 5.979817814319831086e+02 3.255553345630633544e+02 4.197265515554929607e+02 3.736067295514568514e+02 3.808918972499324127e+02 6.570724833118988499e+02 6.463338621196022586e+02 4.939429333303953058e+02 3.285478686080342641e+02 5.259941870280150624e+02 4.734554536365072295e+02 2.580019367561235413e+02 6.089178883504957867e+02 4.665934030584005541e+02
6.313371637202860320e+00 4.291431138490117405e+02 7.070951353432080850e+02 2.317516603868702703e+02 7.443913932398577344e+02 6.882249729773183162e+02 2.113111973803609374e+02 3.528482737918490670e+02 8.859144298707277585e+02 3.730788468787001193e+02 5.434508637593205549e+02 4.317656500342957315e+02 2.882138581569362259e+02 4.983649162424696328e+02 8.390489123263846523e+02 2.870467896034268733e+02 5.917862799439719765e+02 5.857982966367272866e+02 2.697426078852063256e+02
6.505019345092823535e+00 4.916339558566158416e+02 5.807064444633026596e+02 4.157080259412078362e+02 7.575978698865686738e+02 2.642148764337400735e+02 2.929349681650717230e+02 5.771069442605727318e+02 2.917569447404073344e+02 1.837346282770153323e+02 4.570970302388558366e+02 4.709075027108005429e+02 2.138636678228035066e+02 4.540843848346289633e+02 7.246290290318765983e+02 3.417944608467083754e+02 4.637250220762603021e+02 2.029568774735190573e+02 3.364102640809391005e+02
6.441540638079663594e+00 7.354705669477957599e+02 4.423868127289380254e+02 2.743612958586334116e+02 5.425202558602660474e+02 3.242173917429099106e+02 4.551929217884581931e+02 6.032656651772682608e+02 1.847445929381904648e+02 3.725361692675626841e+02 6.106326342757683960e+02 2.946348571144067137e+02 3.827101939103968107e+02 6.624380598829831115e+02 6.826572160257188671e+02 2.632479498961998274e+02 6.713950167087160708e+02 6.025064543618763082e+02 2.540994086329634456e+02
6.255813525310930601e+00 5.022339658694402260e+02 3.482560698094568465e+02 2.496391698888202200e+02 3.503561792057885782e+02 6.154184368371209075e+02 3.024902708159794997e+02 4.860480551554481394e+02 3.463816913481668962e+02 3.991229065669414240e+02 4.851364513983027109e+02 3.742294734742370110e+02 3.289281596925836766e+02 6.518757168046161041e+02 2.189897486687970627e+02 3.599342806841277138e+02 7.430852776390564713e+02 6.325922524780360163e+02 3.841667180962243719e+02
6.155666430086405683e+00 6.537609759040241215e+02 7.885754895038948007e+02 3.727278542429052095e+02 6.170900062598180966e+02 5.433148332995233432e+02 2.631886339175567855e+02 6.944459702834991504e+02 7.078216654035500142e+02 4.277177106327191609e+02 5.873994356143142568e+02 4.124679025082162411e+02 2.406977750851053770e+02 5.315140603316260695e+02 6.037891255427900887e+02 3.307681056875443346e+02 6.737521144131814026e+02 7.169402509071686609e+02 2.997080138036054677e+02
6.615164854271493589e+00 5.287422662490561152e+02 1.926614078875300606e+02 3.155944592091266259e+02 2.088183101771396650e+02 4.308188759131901406e+02 3.309457817565087794e+02 7.089525136804502381e+01 4.622081209390671575e+02 1.410411960653390793e+02 4.028350892292252183e+02 5.336420946646311450e+02 4.839308322356696976e+02 2.326759936445036487e+02 3.757315833236798426e+02 3.110976435761215271e+02 7.004261522056810918e+02 3.296925851629353588e+02 3.504410196436384695e+02
6.388239026319697977e+00 5.022339658694402260e+02 3.482560698094568465e+02 2.496391698888202200e+02 3.503561792057886350e+02 6.154184368371209075e+02 3.024902708159794997e+02 4.860480551554481394e+02 3.463816913481668394e+02 4.387966495271436997e+02 4.851364513983027109e+02 3.742294734742370110e+02 3.289281596925836766e+02 6.518757168046161041e+02 2.189897486687970627e+02 3.599342806841276570e+02 7.430852776390564713e+02 6.325922524780360163e+02 3.841667180962243719e+02
6.162092813288117199e+00 5.556554157651922878e+02 4.891128546998319280e+02 3.060641043318723860e+02 4.395571694787873867e+02 2.894866935982597624e+02 1.626713851211867450e+02 4.667470432604554844e+02 3.200693434275312370e+02 1.702250651069174978e+02 5.827470141489894786e+02 3.135282972825438037e+02 3.443456006910087126e+02 8.254524413369847480e+02 2.215460643357026811e+02 3.189480663203262338e+02 5.746784209884064012e+02 3.107902051582068452e+02 3.530578725358141128e+02
6.507983313552565541e+00 5.550546030092975798e+02 4.924977539819449248e+02 2.831767117840823289e+02 4.494480179353365656e+02 2.074512329377700723e+02 3.551985704130703994e+02 3.906736278241178866e+02 5.641668218780715733e+02 4.856580785045183006e+02 8.097565310557515659e+02 2.901858785025518728e+02 2.767368461934617017e+02 8.193812247672485682e+02 1.847231048610443622e+02 3.212851056867075954e+02 7.321167806741374307e+02 7.264931644731843789e+02 2.383860735419151524e+02
6.606793064410604543e+00 7.477219930115715840e+01 4.083809482564603286e+02 3.555741091748239455e+02 1.308346899656468167e+02 5.181535152160972757e+02 3.068267703065014871e+02 4.178311817549833904e+02 4.493467758482574936e+02 2.001358373264233137e+02 3.446147434710497350e+02 3.458442839708391148e+02 2.999017815274402210e+02 5.204115743490388013e+02 4.305666162050972616e+02 4.162077492419689406e+02 4.387294877629977918e+02 2.182972835536426714e+02 4.416509816343038892e+02
6.604053259261246644e+00 7.681366415886052437e+02 8.127882714534518982e+01 3.264100033504808493e+02 6.536544429799947693e+02 3.233633171611754733e+02 1.941869294841016540e+02 7.182900905193879453e+02 4.963660282326533206e+02 4.645498087208290485e+02 4.896010159107899540e+02 2.011661388436858147e+02 3.557024445455078876e+02 6.036696148556002299e+02 4.135918907927358532e+02 3.523512303524279332e+02 9.846416583088566767e+02 4.108340079128907973e+02 4.059303150263294242e+02
6.456483886226313196e+00 4.421708862700641021e+02 7.358695043740458459e+02 3.619911824179567930e+02 3.798175572870527503e+02 4.506415586078860542e+02 3.038773647884566458e+02 5.045728023778530087e+02 3.771947701010229821e+02 2.411657481470391247e+02 7.723878090425504297e+02 5.516327880483007675e+02 3.653922519150191306e+02 7.470516635245091948e+02 2.977012895580882628e+02 2.977597745997902621e+02 6.749124237203886878e+02 8.126617990297730785e+02 2.688192943743149499e+02
6.779646239808668540e+00 5.343964893137333547e+02 4.789337808884221772e+02 3.030891158998624064e+02 8.147258013864116037e+02 3.823874887168569217e+02 3.640938904699397654e+02 4.364738014327409132e+02 4.813817819437730918e+02 3.793979973194308855e+02 7.842208966208843322e+02 1.354388291075492248e+02 1.637178409862870296e+02 6.368860228349628869e+02 8.005008964973999355e+02 3.766334360334936946e+02 4.108754587108717260e+01 5.991372627590648108e+02 4.396620223560433374e+02
6.400598752322720131e+00 3.769344774646108931e+02 5.593399503993778126e+02 2.823069461361394019e+02 3.813229468414285179e+02 5.473386550895487517e+02 2.820606190145271626e+02 6.574303385366800967e+02 3.486383900062148768e+02 4.386114320821972683e+02 4.803637511367418256e+02 4.681562859666090617e+02 3.647475085511958355e+02 7.342919528024270903e+02 6.968170998130644875e+02 1.961236057469356524e+02 7.075795356259382061e+02 3.021220159791434980e+02 4.363881473099195318e+02
6.650820253582367059e+00 3.250350482003307775e+02 8.741845755205191608e+02 3.756049124494040825e+02 7.819878371310702505e+02 2.952438718104443183e+02 3.397849361273366071e+02 4.371535367453789149e+02 6.488983731459741193e+02 2.628156244127289938e+02 5.233429832673682540e+02 3.011599898724492732e+02 3.577954641551649502e+02 6.330304128906586811e+02 7.574289622649725970e+02 3.132817560047927827e+02 4.469345417872399935e+02 7.533720848056157138e+02 1.613007063208119689e+02
6.070464761824347910e+00 6.631536003643251433e+02 5.382094548056061285e+02 2.644760187143363623e+02 7.212428501762969972e+02 3.652399570207035140e+02 2.724715337145719332e+02 2.816887465926484424e+02 3.181563136012015320e+02 3.631608861930272383e+02 4.437522651176609543e+02 3.519818350569392464e+02 2.653851251672709850e+02 6.232979151234019355e+02 1.432109616261018346e+02 2.686772564897635789e+02 6.379335563219044616e+02 5.782272103322059138e+02 4.258084536275158030e+02
6.842730164448440178e+00 9.043253116189832781e+02 2.402671959395526073e+02 3.823493696805259674e+02 7.459782703018245229e+02 8.311575042286781354e+02 4.484078698192000161e+02 5.018319405579874228e+02 5.724525117980140294e+02 4.965042816091394684e+02 5.989679321587750565e+02 1.558531709369423197e+02 1.698590751638434995e+02 6.370723777842912341e+02 3.458557402222089081e+02 3.492927380522774001e+02 7.254732039251985043e+02 9.595603360815797487e+02 2.966781437906176961e+02
6.183733674720457429e+00 6.253819411798834835e+02 5.793891909012172619e+02 2.818987600907033766e+02 3.661787284973294163e+02 3.254261680599706210e+02 2.807847532105708410e+02 8.038966433245626604e+02 2.688182831270245288e+02 2.835409862309692812e+02 5.631847194023159773e+02 3.311255607468606286e+02 4.172773365245429318e+02 4.395194052503720741e+02 4.410048104862877949e+02 3.541502254100334426e+02 4.427861872931667335e+02 4.354753797585938173e+02 4.003178215211585780e+02
6.414558755145691293e+00 6.211071743482513057e+02 4.402813517338890392e+02 2.945682567701140897e+02 6.173532574168663132e+02 4.976582978998702060e+02 4.091932826492914046e+02 5.061922145549683023e+02 6.884760345600697065e+02 3.737686469766811115e+02 3.471501403374101073e+02 3.389351195744910683e+02 3.398784959740633553e+02 3.232379141588507991e+02 7.523702976052720715e+02 4.475999179700821742e+02 7.153639392623175581e+02 6.722253404869375117e+02 1.897657975778406012e+02
6.367162375492618764e+00 9.534060756448100165e+02 6.355271122180063230e+02 3.155168310270560710e+02 8.822381022173226484e+02 6.152241672806426322e+02 2.586393944671737017e+02 5.103661573311727011e+02 8.184373136451442861e+02 3.889012153949757931e+02 7.666564054113162001e+02 2.585705450331972770e+02 2.634118917744536361e+02 6.142907657694472618e+02 3.868419875898772489e+02 2.991497681199420526e+02 5.715522927176061785e+02 5.018495020561639421e+02 3.372428174591600509e+02
6.227022301638204027e+00 3.017869809515378279e+02 5.189263452812064088e+02 3.482707638167161122e+02 7.002809962765395539e+02 2.989796434352356869e+02 3.674156486558750885e+02 6.279388478787994927e+02 3.812218161395198308e+02 2.019535138291747103e+02 7.080933702028925154e+02 5.329518600291662551e+02 4.497467636542847345e+02 4.250369503640866355e+02 5.279201264080293186e+02 3.436726724897495728e+02 3.521888609484046242e+02 3.652015993987097318e+02 1.894362316380778566e+02
6.271788027457041004e+00 6.016839986788631904e+02 4.529739504448439220e+02 4.114075296488610434e+02 4.663719960065047871e+02 3.609320757476105541e+02 1.754134398412070368e+02 6.403242546753227771e+02 2.838407449685222446e+02 4.124948046454218229e+02 6.491330292320152466e+02 4.562021608433183246e+02 4.923400599392771824e+02 7.330028426770342094e+02 3.822671455582878366e+02 2.904906637903378623e+02 8.424246760323190983e+02 3.846731981407033345e+02 2.344835907030511635e+02
6.368411548934775013e+00 7.097910197342541778e+02 3.502362196377195005e+02 3.514792364124471078e+02 1.934436592393828960e+02 6.082155768887172371e+02 3.498370796693509419e+02 9.132686233035906298e+02 6.515762012687831657e+02 2.132823873830851653e+02 5.954954727733571644e+02 4.103198440907037821e+02 3.518576156887514799e+02 7.633779865822937154e+02 7.533752428077054901e+02 1.148226990454239171e+02 6.283853527436009472e+02 2.998373370019825188e+02 3.489921244781760379e+02
6.762144227899019810e+00 4.040408416664473066e+02 4.777831524803565344e+02 3.435070371362443211e+02 5.232465728332233539e+02 3.373628616005721028e+02 2.877256914417368421e+02 7.450660442592716208e+02 7.435342639628254346e+02 4.605526517463258074e+02 8.121353472627550900e+02 3.723547165121902367e+02 3.697416490872906820e+02 4.183731020578114794e+02 3.444505934024738281e+02 3.916452877900956651e+02 1.369751615163212080e+02 8.244183194176004008e+02 3.359107227133627589e+02
6.631076974816743075e+00 2.669996011986813187e+02 5.691305051862341315e+02 3.921259229693808948e+02 7.475138405620915591e+02 2.944157015455184023e+02 2.802906905024809703e+02 2.846966046149328804e+02 4.209488062836915674e+02 1.290605062870639586e+02 7.018752343266089611e+02 3.329200379224176345e+02 2.028819699073800962e+02 6.288881605587888544e+02 5.144088881771150454e+02 3.278810932113591434e+02 2.769477793201093050e+02 2.465146983596183645e+02 3.910040399458970910e+02
6.556362053333589124e+00 6.080329603541516690e+02 5.061956580433079580e+02 3.623587362481222840e+02 6.884840042846218466e+02 5.530616794508135854e+02 2.620537269325238867e+02 8.316136623218779960e+02 6.342292390295185669e+02 2.802623955980905066e+02 9.178193860365331602e+02 3.236377555774571988e+02 2.252251655959960033e+02 4.571804530085075271e+02 6.834162981352899351e+02 2.970375975278435021e+02 5.624319506755346083e+02 2.090756453264323795e+02 4.312381674003846115e+02
6.678009762271965855e+00 7.842277443118393876e+02 2.413098283639402553e+02 2.789748951229287286e+02 2.375836041237479321e+02 6.989825072436419759e+02 3.797111986182192140e+02 3.798386012356411356e+02 2.869149256955522560e+02 4.655293325556486934e+02 6.911830232965859295e+02 6.502294503270437644e+02 3.062197471202471206e+02 2.590196460008477857e+02 4.642846276835741719e+02 1.811480909802459962e+02 2.541490077638057414e+02 8.291332908975025475e+02 4.337667395913100563e+02
5.904113384138462983e+00 6.812468308781622000e+02 2.757010015444456030e+02 3.306064307571582503e+02 4.663438966285604010e+02 1.507094262463353687e+02 3.163901191250541274e+02 3.726425968797529436e+02 2.699660376748641966e+02 3.665111579243148299e+02 7.535737611983063289e+02 1.851353347393473996e+02 1.497962868959687341e+02 6.566337221645657110e+02 2.036626941749137245e+02 3.427478128232915537e+02 7.205746467075922510e+02 1.820396034141851374e+02 3.759267344662424648e+02
6.302347391769017371e+00 2.296007254583204258e+02 6.372151371321443776e+02 3.442369180181633510e+02 3.535257615345998374e+02 3.195631826219489540e+02 1.940774319231818197e+02 6.228970596227175065e+02 4.480164287064649784e+02 3.735876360008786037e+02 2.657702286114206913e+02 4.989377797590984756e+02 3.816590455754910067e+02 4.301302302142621556e+02 4.708247812622932997e+02 2.396721241508873277e+02 4.517311342599090267e+02 3.976943502523385519e+02 1.369906028323268856e+02
6.443638990323651505e+00 3.203623679034474208e+02 4.973530572274312931e+02 3.603564026969569341e+02 6.097798137104925900e+02 4.298513353406153783e+02 2.844995472391864269e+02 6.561034098979190503e+02 3.308443172354424178e+02 1.487166922857518330e+02 4.688776801168453972e+02 7.137930300999096289e+02 3.880289669895422549e+02 6.745359649668686188e+02 4.825301813032305631e+02 3.506940513679267042e+02 5.891619625394895365e+02 1.665985734689818969e+02 2.341457319507596821e+02
6.681987556515850635e+00 2.223091745127688910e+02 4.715060676310152417e+02 3.776697664996044637e+02 6.910920755606935018e+02 3.493417713512336604e+02 4.251733617130907987e+02 5.610800774653801000e+02 3.604437103810657277e+02 4.183421198207666976e+02 7.069909175858298340e+02 4.391344524061155425e+02 4.891101107762513038e+02 6.574199130991300990e+02 7.908151428808666878e+02 3.699513598987231262e+02 4.566995079281183507e+02 2.295840402709654029e+02 2.584829910452133959e+02
6.541432658441457271e+00 6.812641468329792360e+02 5.752089186929509879e+02 3.507987958439562135e+02 3.271304820963471229e+02 6.106674901269807378e+02 4.481909625841367415e+02 7.327028201118229163e+02 5.956096305654912157e+02 3.752692693848915724e+02 4.731105263059481558e+02 2.415480792854567653e+02 4.108907017958074448e+02 7.060452573671736900e+02 2.690874382195386261e+02 2.520155435115353271e+02 8.004267093040339205e+02 5.938450790163465172e+02 1.741242193800597420e+02
6.116503954026323520e+00 5.631027159008965555e+02 6.437759014227650596e+02 3.424789231400653762e+02 4.102970505923157134e+02 5.633596409855776983e+02 4.207365912802844150e+02 5.153449903957405240e+02 3.169019728913359017e+02 3.493064438466179809e+02 4.096782489584460336e+02 4.654936370692353194e+02 4.375488957292731698e+02 6.815250787469339002e+02 5.216855621229196913e+02 3.601530443087510207e+02 3.833302628897757245e+02 7.705492286610578958e+02 1.916458452778136916e+02
6.181614236459767042e+00 3.823565834168374522e+02 7.795070174911058984e+02 3.779977625999256929e+02 5.878621573427458316e+02 3.558970885732585430e+02 2.400611367545902795e+02 5.203364450865776689e+02 4.226603579382106659e+02 3.433782194383626347e+02 5.740462707139815848e+02 5.391217480951294192e+02 4.153486033154607071e+02 7.111072460964608126e+02 5.964806882245567294e+02 4.283080749883333738e+02 3.900293010064125383e+02 5.480520804121995297e+02 2.350577764971179988e+02
6.542688947227439655e+00 3.218187320377174956e+02 1.390921368880623277e+02 2.374397599681957161e+02 6.091433348241076828e+02 4.113216962466203199e+02 4.207803467669770612e+02 4.050796985743929781e+02 1.221041785028238849e+02 1.309086444771170363e+02 4.174243298633773520e+02 1.700591990863544538e+02 4.176601434660402106e+02 6.182926410388975000e+02 4.872922846408959003e+02 2.592053919387529959e+02 4.466172076609938699e+02 1.971222600370189753e+02 4.074998175532297751e+02
6.193742480516840843e+00 5.209527547003237942e+02 2.645273185123597841e+02 3.935167164541960574e+02 1.834504072906063357e+02 5.411896053675206986e+02 2.913026743159606440e+02 4.725783963241134416e+02 3.656512243030730360e+02 3.383964819355410896e+02 5.622156924033239420e+02 3.941458564021872917e+02 4.616184281364418212e+02 5.646282670745256382e+02 6.238495255830471251e+02 2.865388042136132754e+02 3.312682629216187706e+02 4.828928235395543993e+02 3.960521994920026145e+02
6.243453663918433705e+00 8.084360993398761366e+02 4.058388073209447384e+02 4.529065114331101540e+02 8.861482335762632374e+02 3.567965219511187911e+02 1.424318826463414496e+02 8.135790846931361102e+02 2.590216740706026144e+02 3.984144004579823104e+02 9.204134002350128867e+02 4.209408167753469456e+02 4.172692109538473346e+02 8.126486238980787675e+02 5.683702754906014434e+02 2.963758303861901595e+02 6.184030373930131645e+02 5.832727866037565718e+02 3.812496729286132222e+02
6.369418130022614477e+00 6.210742749925288990e+02 1.773633649354144097e+02 3.437039183237714042e+02 3.081199719977958011e+02 6.406753895708354776e+02 2.452799135514253521e+02 6.573836733576828237e+02 3.906167793530727295e+02 3.107444994123940205e+02 6.739049563050047027e+02 3.463394151509552330e+02 3.275273362959551378e+02 3.371704770013854500e+02 6.502330275488673124e+02 4.006431460459624532e+02 3.922198156841259333e+02 7.223659370439507938e+02 4.191628103439780944e+02
5.977451211683188603e+00 7.077799432821776691e+02 6.829441995431079704e+02 2.972452396801626264e+02 6.936629622941334219e+02 2.715465898362375583e+02 2.332817562926761639e+02 3.798051121521517075e+02 6.309740047266852798e+02 3.782658337339527179e+02 5.634377272466348359e+02 2.210834891009793921e+02 4.137729130196623260e+02 5.241588589209543443e+02 4.900253025852003930e+02 2.630113584972879721e+02 7.915615737304411823e+02 6.279744838738060935e+02 3.426940539593362018e+02
6.065161769388920376e+00 7.983760949958877973e+02 4.460363902052995400e+02 2.592487723404038888e+02 7.935325161173586821e+02 4.712717897537679619e+02 2.706449075015166272e+02 4.362397719571092694e+02 5.462999473182187558e+02 1.747215714955349881e+02 6.026892697957056271e+02 2.929551102773865523e+02 3.102064345712162208e+02 5.884581788706292400e+02 6.222797888288625927e+02 3.555850931612365002e+02 5.352619370901114735e+02 2.801201391093420625e+02 2.767091240348916017e+02
6.571540689909104671e+00 4.909060757670779935e+02 5.916387473995333721e+02 2.852442513819119654e+02 6.296566374636214505e+02 8.684464632359402003e+02 3.293172334406276605e+02 6.655226611729976867e+02 7.100892059752218302e+02 2.676833860067512205e+02 3.692627758316644417e+02 4.463610621771587716e+02 1.089288623318377773e+02 4.775864730803325529e+02 1.943288563749932791e+02 3.716531505815762557e+02 7.771880940936074467e+02 5.798776541788955683e+02 2.866286391991541223e+02
6.174543464721423902e+00 4.946938786111979311e+02 3.838220439221564675e+02 2.328234326649396166e+02 4.750410534968449383e+02 4.632312627800282030e+02 2.089863156130975312e+02 6.375834175385916751e+02 6.509595250964898696e+02 3.476186053250648911e+02 4.717648807195873815e+02 6.912992717878996700e+02 3.048389497580927241e+02 7.642161333718212290e+02 3.647047334917081685e+02 3.063680304439124029e+02 9.011556328502277893e+02 5.532546109836773667e+02 2.167394843644834452e+02
6.116624551759256789e+00 9.155146118115351328e+02 5.191117625712777226e+02 3.897538403316341942e+02 6.696596560342192106e+02 4.683887253790513228e+02 2.314825538616497624e+02 5.042689448104478629e+02 6.236728931435877712e+02 3.101712986309539701e+02 8.107188369606452625e+02 5.774944269387370923e+02 2.808973988866842433e+02 6.013791064513101219e+02 5.471084411171648298e+02 3.993427359017376830e+02 4.884173993244961594e+02 4.931464236560140080e+02 2.358379251406942956e+02
6.359764720274415417e+00 4.759808670374010262e+02 7.783784942352705229e+02 2.367903240222711361e+02 7.099731172283559317e+02 3.570651743491459911e+02 2.269936642077815350e+02 5.131331549472259894e+02 5.988137256528309535e+02 3.155530514011421133e+02 7.552923344343384997e+02 3.931333407677892637e+02 4.406205080406859906e+02 6.357588822162189217e+02 3.988527088254331261e+02 3.055574445115996696e+02 4.267764082142696793e+02 7.018868116798308847e+02 3.568782026861821350e+02
6.237620825967558957e+00 7.045065055969062087e+02 6.441120101894840673e+02 2.674177639448026866e+02 7.540588237827170133e+02 2.984921107042467270e+02 2.048605943910404790e+02 6.665023847786153510e+02 3.695384347946022103e+02 4.260565655444833055e+02 7.553381753424019962e+02 3.609743997589877154e+02 4.179442080125002690e+02 8.483249669243443805e+02 5.332612062336479539e+02 2.245484213774826117e+02 4.421195612308738419e+02 5.255329579570924352e+02 4.312939773051096495e+02
6.021666935284772926e+00 7.149180282658760461e+02 8.092248987176493529e+02 4.661930321070894934e+02 7.562077613014894268e+02 5.796986458916350102e+02 2.793520574607172193e+02 6.045516397567881768e+02 5.611976292821725565e+02 2.606980465532399762e+02 7.966196360698464787e+02 7.810232646160753802e+02 4.099796701808734838e+02 6.665882157559276493e+02 4.876551723245514154e+02 3.470764618801177903e+02 5.258278955394638388e+02 3.904433919808441260e+02 3.475575747575194328e+02
6.384654626591112603e+00 6.961913245749040016e+02 5.265998224633142399e+02 3.509759103379096246e+02 8.173942469410468448e+02 2.757833675423453883e+02 3.633855654107532587e+02 7.604037971539796672e+02 3.895512958993907660e+02 1.833240795042937918e+02 4.588821968472446997e+02 2.458367204513820639e+02 2.084111669978924226e+02 5.559771346349691612e+02 1.360180879125952913e+02 4.983390188420983691e+02 7.088242612940316576e+02 3.653966479404643906e+02 1.909145629794152796e+02
6.384889703721619902e+00 9.749284480284518395e+02 2.197041747106737830e+02 3.074690356735309820e+02 9.757519159804603532e+02 2.365014329748396733e+02 3.718963566629315096e+02 7.642692900137928973e+02 1.293197071940651313e+02 2.092319675635966973e+02 9.105436324420334131e+02 2.960122191124326605e+02 4.898892978751463261e+02 5.824108505483577574e+02 3.364287898865226225e+02 3.386564259196646844e+02 8.821498547247290389e+02 4.367714701759954323e+02 1.907326780243478197e+02
6.653618901420135678e+00 9.416769040721581518e+01 8.165572535626205308e+02 2.312795788593930979e+02 3.982763016042764548e+02 4.976220017117194629e+02 3.523765644828277459e+02 4.219657556777503942e+02 6.037803540072050055e+02 4.884666650119709743e+02 5.683880117454832543e+02 6.034615806474323563e+02 4.033411155140623805e+02 1.604011495144926016e+02 4.010005752507262287e+02 4.088961649078980827e+02 2.406711985438574857e+02 8.910574464962339789e+02 4.544105253943034199e+02
6.263153883643104436e+00 4.033252820357614610e+02 5.280172470742013502e+02 2.614389565369032766e+02 7.473879579800731108e+02 3.201727963404044885e+02 3.571102048953114263e+02 8.835979863441637008e+02 2.686701605643472135e+02 4.241664127121175625e+02 6.999607612833921166e+02 3.666659386851886779e+02 2.576007201805441582e+02 7.122876767624550212e+02 1.579567177417492303e+02 3.709930024122345458e+02 5.798479631648310715e+02 6.335420528542912280e+02 4.131288856444230078e+02
6.028804191444663729e+00 7.058720065345071362e+02 5.781180282554137193e+02 2.712337735392051172e+02 7.617893201804378123e+02 2.981452204761429243e+02 3.029320351927315755e+02 7.261975862834450481e+02 1.525291014846730491e+02 2.329758876623425863e+02 3.692084871675916702e+02 4.150172837182261674e+02 2.517818398841948238e+02 7.335909447014392981e+02 3.226267022059612941e+02 2.519541783334922798e+02 7.627089980840719363e+02 2.827460624239385538e+02 2.312704008076959781e+02
6.240339756330514298e+00 5.119115426497551766e+02 1.755535977104431140e+02 3.672741132854731063e+02 2.927033344445262628e+02 3.345011649554494397e+02 3.356589008637312190e+02 5.369671418380887644e+02 2.458067891181314337e+02 1.543897767827584744e+02 4.226399848068344909e+02 2.316604705757695797e+02 3.718021196387330747e+02 5.946454337578597915e+02 5.274383649756131263e+02 3.075415305649239031e+02 5.833495335395473376e+02 1.461053787234477284e+02 2.016102483082046319e+02
6.477845265593338731e+00 4.857841007371437740e+02 8.756270079233768229e+02 1.754744598451862316e+02 2.343884249585171347e+02 5.179778474429315338e+02 2.048628004665195022e+02 5.788596270083130548e+02 6.005920624764762579e+02 3.169333754040022768e+02 3.762110549197992100e+02 7.113705174783746088e+02 1.231139749524532618e+02 5.193990251299665033e+02 4.171265768838911185e+02 4.067139598873089881e+02 6.135354752892467332e+02 5.488319582718399943e+02 3.540135773766934904e+02
6.026613970769711059e+00 5.751094566117712930e+02 4.290042416861625725e+02 2.828115937470020071e+02 7.296773971658450364e+02 5.812170246354884284e+02 4.285933538452463836e+02 5.472877234877522596e+02 3.531203432889822125e+02 3.513508574139434586e+02 7.656793347248011514e+02 5.300695834413264720e+02 2.367975177122135619e+02 4.804248820431570834e+02 6.095216106397215299e+02 2.263141185250471494e+02 6.481982912397229484e+02 6.003401837921705919e+02 3.313520782708636716e+02
6.182503999615417634e+00 8.649392138597165740e+02 5.241494530552341757e+01 3.650762208308665890e+02 6.122610439555970743e+02 2.665569063291444536e+02 3.281770033173322076e+02 7.206851104331990427e+02 2.218178532139122012e+02 3.869320879099910258e+02 4.652709029203238060e+02 2.504311174548403471e+02 4.292575612882660039e+02 5.585840287429782620e+02 4.168147855241893467e+02 2.887446919956491342e+02 6.969420883661937296e+02 2.745820262396986209e+02 1.481452442108507057e+02
6.553740057272008812e+00 6.036293306151620754e+02 6.922533753361369691e+02 3.149529995395079141e+02 5.657287480433510609e+02 6.071720414489199129e+02 2.206820620771716790e+02 7.085770203410695558e+02 2.338297926935056807e+02 3.420478182541563683e+02 6.967965234477529748e+02 3.319392280377339830e+02 2.915770306007836439e+02 1.131343544560592136e+02 7.979273631381601035e+02 1.218094447607563495e+02 8.370855926328839587e+02 1.152058308318125057e+02 3.091870022890877863e+02
