2.151746982633839345e+00 2.818740341997788050e+02 7.848407639828149058e+02 1.794218508522311311e+02 6.805456910953571423e+02 1.691133833049311761e+02 3.795856602273851763e+02 8.387195062796735101e+02 9.286018774331479335e+02 4.214667565340409396e+02 3.582520852927327724e+02 5.632618949032062119e+02 1.919092210839060613e+02 8.057247747606129451e+01 8.177123098239310366e+02 4.206816768836092706e+02 1.143553372550598510e+02 2.617250883167391748e+02 2.181263502007615784e+02
1.658989077994478922e+00 4.286110964442232216e+02 3.718266146597222814e+02 4.672688270633456114e+02 6.771756307753797728e+02 7.806646877891430449e+02 4.055844568785864794e+02 1.483127624742396904e+02 2.712356472183444112e+02 3.356529619650162886e+02 4.964686775820956655e+02 7.388540076207814309e+02 4.579920067472743881e+02 5.701938944874941626e+02 4.686018748867897443e+02 1.791063808239689763e+02 7.678475214178034776e+02 1.707111483798577183e+02 4.851360664776212843e+02
1.596604617295111606e+00 7.830434568835655682e+02 2.203482514987755962e+02 4.359990319235849938e+02 3.802371781228974896e+02 7.020634645160682794e+02 4.243673587100168447e+02 6.791111666144979608e+02 7.372605759926785822e+02 4.422243744922885185e+02 2.776745668836715026e+02 1.592760837900755178e+02 3.766006861059444759e+02 7.280740948304102176e+02 4.165119073858277261e+02 2.875965124747407344e+02 1.929700227749134456e+02 1.986460683283147546e+02 2.958521497101399973e+02
1.450777613853533543e+00 8.144420431442019890e+02 3.060673994607448094e+02 3.683628235562416080e+02 3.061437467226388662e+02 8.562009622262181665e+02 3.747701357537468425e+02 5.922641459125004531e+02 7.661521221253162821e+02 4.121734133594995910e+02 7.775939136339975448e+02 5.212882274287351265e+02 2.142429692400633030e+02 6.577902079604323262e+02 6.744380488158782327e+02 4.508046867160297779e+02 1.496503783452117489e+02 1.918677752520362674e+02 4.242044928354376907e+02
1.800519519933128310e+00 6.438104472538336722e+02 2.372236000146060633e+02 4.552288420488581551e+02 3.233417408632099068e+02 5.516895920865856624e+02 4.177669483646621984e+02 7.196505324673652240e+02 6.237222096597658947e+02 3.799899716936390632e+02 1.561955224486061127e+02 2.489303988733692563e+02 3.961211789267057952e+02 4.196030701844047144e+02 8.088395883234445591e+02 2.498856956952728581e+02 2.840125047385777179e+02 1.729963561854822274e+02 4.090629718382490978e+02
2.043044200773566743e+00 7.461362479404493797e+02 7.981143433916153072e+02 3.950287148369135934e+02 1.424314895465185771e+02 5.686524784995342543e+02 4.410056791596204562e+02 3.488223659653607456e+02 9.055868535567498157e+02 4.585692440752971493e+02 7.869891461320768258e+02 3.153068907352021597e+02 3.667680666058497536e+02 2.018158731153554299e+02 3.052129915816057064e+02 2.102840558963717115e+02 4.728308752717790071e+02 2.733553480359763057e+02 3.314418698139156163e+02
1.730598249979955039e+00 2.134992248627625031e+02 6.920298569616957138e+02 4.299768899928194514e+02 4.828829293145011547e+02 3.845447841655740717e+02 2.844028958265635083e+02 7.604253304595372356e+02 7.285512840330537756e+02 4.895268709091189407e+02 7.187893489822306492e+02 1.180524671650871369e+02 4.527387422864806013e+02 8.320050222010261223e+02 4.532462491755871952e+02 1.373043990467936624e+02 3.463133730387829132e+02 2.057776393715905954e+02 4.064113231010151139e+02
1.954835809833230575e+00 5.413709991965997688e+02 6.879421663761908121e+02 1.490956866635964388e+02 5.054060560531574993e+02 7.930282203197480158e+02 3.539725566134492283e+02 6.754538921696941998e+02 7.279249739134863830e+02 3.386829922639349775e+02 6.855502440784140390e+02 1.667436861086542308e+02 4.655965126310205733e+02 1.584181986791408576e+02 3.485722748738635914e+02 3.163454108308958439e+02 3.564568569412915622e+02 5.644965641768950491e+02 4.257453715309924291e+02
1.691305583988514050e+00 7.702830646215935531e+02 2.475036671421304391e+02 4.604639511424306306e+02 3.276249412105670444e+02 6.640166543684908902e+02 4.255736649112718055e+02 5.481062038505731380e+02 6.774360073986944144e+02 4.806070813750353068e+02 2.938164446820306921e+02 4.299678547329417029e+02 3.190762923722428468e+02 8.485545460594131555e+02 3.523452767626065452e+02 3.244769115278521667e+02 1.853666653987481823e+02 1.605079233828645897e+02 3.007158126303517633e+02
2.039275135225342872e+00 9.149958702192220699e+02 4.975038666860342573e+02 4.975185880151358333e+02 1.671113295893782436e+02 8.855137106825189903e+02 3.696499866049661023e+02 7.123209914753272187e+02 3.032073574396634967e+02 4.804265137743712444e+02 1.248497451097603630e+02 5.877638027085337171e+02 3.615247153799365378e+02 8.405103886252845768e+02 6.692026906337317769e+02 3.654022724700492972e+02 3.218305676398150013e+02 2.140309767019702178e+02 3.603323040240438218e+02
1.947772697945791887e+00 7.426464351439337861e+02 3.264116729852877938e+02 4.179720341070663494e+02 3.524048335048351532e+02 4.697769406845265507e+02 4.728698106091565023e+02 7.055175852089407726e+02 6.820444467007922640e+02 3.739357386205336979e+02 1.393453393531510471e+02 9.014047180169505964e+02 2.438106027514254208e+02 6.182570405347012183e+02 6.970032150114817568e+02 4.776495113930197931e+02 1.579275466147594216e+02 1.062743376092570600e+02 3.325377836598481736e+02
1.673009018936317149e+00 7.764277761404067633e+02 3.429277140035743514e+02 4.322855081825953789e+02 1.951772995933378638e+02 7.665978528119424027e+02 3.420273822371304391e+02 4.802553590527952565e+02 7.720445412172477972e+02 3.401472210066138473e+02 7.904129727984337705e+02 5.751311588586563630e+02 2.194717028603506321e+02 4.843831479109184670e+02 8.542272262095040105e+02 4.916464777515309947e+02 1.933169479494807490e+02 1.852749449094850718e+02 4.244846159876645402e+02
1.996832670322580938e+00 6.455678281328749790e+02 2.792607483079596022e+02 4.268532557802179781e+02 6.115758012482042432e+02 8.255969118214874243e+02 3.823620458164321008e+02 2.438336792408636029e+02 3.548297674987828714e+02 3.622604955932080770e+02 3.630531361446965661e+02 6.199260877249071200e+02 3.973823728293585873e+02 5.562197645676728825e+02 5.304964299330176800e+02 1.663053147315560523e+02 6.501397579240460800e+02 2.170419540396089246e+02 4.408275094562058030e+02
1.922315851056796365e+00 5.160222606583083689e+02 6.901864427785114913e+02 4.141317365691508599e+02 8.555197946195792156e+02 6.576268375646905042e+02 3.889741630213210897e+02 2.312826420330634392e+02 6.791576310998307235e+02 4.318996658261494304e+02 6.896214992882341903e+02 2.834347354632449765e+02 2.929913940911318377e+02 4.761059541849667767e+02 2.782163871762207918e+02 4.351338208641861911e+02 2.126662334130111276e+02 3.987382660036113293e+02 2.992368820256579056e+02
1.847333350971644750e+00 3.732317661067132804e+02 7.541959808960712053e+02 2.786662485121893269e+02 6.404727679380786185e+02 7.570111522725824216e+02 4.273559134940035165e+02 6.803784139963157713e+02 2.197537622237016990e+02 2.664866432427652967e+02 5.088891855485146039e+02 5.301111785560473777e+01 2.783216061911541033e+02 3.338693946055545325e+02 3.045346080038019636e+02 3.931034535875607503e+02 3.980214109516854251e+02 7.413717732641669045e+02 4.322191041739496882e+02
2.067088947284723588e+00 2.342920438791144306e+02 7.003977544457461590e+02 2.591639093223880650e+02 5.525692623371892296e+02 7.300867908330155842e+02 3.210424181787361135e+02 7.491820869001506935e+02 3.974961122844538295e+02 3.325295897608675659e+02 8.524991326188936682e+02 6.276943005543367917e+02 2.301211820339497933e+02 5.427524125404561346e+02 2.693226168942176173e+02 3.242364943972685296e+02 2.622469575410788707e+02 3.074460995719232415e+02 4.385589777667204316e+02
2.025858460169421615e+00 4.606084127518698779e+02 3.098894939701713724e+01 4.221435702848216920e+02 7.657253518899234450e+02 1.345815124894132850e+02 2.899329994003607567e+02 4.292527012167508929e+02 7.604565497614826199e+02 2.288752085122831090e+02 6.199638118989976192e+02 6.561473300489371923e+02 4.313683390673103304e+02 1.228348109701641988e+02 6.534651038885934895e+02 4.307104097181475026e+02 1.810582444451738411e+02 3.433240891462975242e+02 3.926705259774264505e+02
1.653315713178254320e+00 5.962465684838500692e+02 6.489329600995370129e+02 4.496748588638955653e+02 3.727985063498663294e+02 2.898969221107013823e+02 1.123606031630459796e+02 6.100232876715017483e+02 4.828494560797433905e+02 4.191928127747547137e+02 1.969916776529329923e+02 8.244498134941072749e+02 3.746808622758773026e+02 4.171059445102338259e+01 1.967170896215632752e+02 4.707737235753093046e+02 5.068358021946654617e+02 1.945069352486688388e+02 4.464348480735749263e+02
1.862197782634732013e+00 7.448957711804517885e+02 3.350412827851629913e+02 4.157687591231660917e+02 3.325331154760916661e+02 4.982045176187674542e+02 4.623649450420325593e+02 6.938881267589315485e+02 6.988039678800423644e+02 3.753890281318792290e+02 1.897297664597953144e+02 8.223166017070067255e+02 4.393335913223889975e+02 5.088957495610525825e+02 7.207056176819526172e+02 4.683684510992523542e+02 1.538425849626738113e+02 1.132271560260886787e+02 3.436100205571294737e+02
1.432085953946133472e+00 7.996172977403737150e+02 5.377618396217322925e+02 4.441162503322269686e+02 3.655335383397197120e+02 3.579715416242660808e+02 4.381688797574219052e+02 7.336199235497431346e+02 7.823474281008620892e+02 3.694109810076198528e+02 2.256097733352123100e+02 4.758479467038974349e+02 1.213555400246265492e+02 1.346659371458105738e+02 7.644883918715165692e+02 4.632932540077839576e+02 4.893374870231818932e+02 1.149035507289645466e+02 4.580911548023063347e+02
2.017195600493745911e+00 1.980234546482886060e+02 7.802554665164938115e+02 2.386219392328439994e+02 7.240299777283635194e+02 7.807678519805627957e+02 3.073191773094092696e+02 6.644858620528128768e+01 3.589053195118152644e+02 4.719349435348903512e+02 4.720115177763674978e+02 8.639887200788706423e+02 1.736701963337125392e+02 7.531020322784593191e+02 1.471335690168663461e+02 4.777067912041869135e+02 8.547862926155950163e+02 1.832666549741377935e+02 4.411766149894158389e+02
1.756999358000699063e+00 7.474697502400174471e+02 7.182102492562224825e+02 4.189040445512183055e+02 2.909708871817348381e+02 3.056683441643054380e+02 3.249458744572929163e+02 4.302380285423888608e+02 6.788593859330269424e+02 4.607313634906141715e+02 8.508545035658231654e+02 1.220393366612108252e+02 2.736067092929470732e+02 3.627921163629730472e+02 6.212461942291284913e+02 4.969135349787134714e+02 1.985859909785336299e+02 1.018931535510949544e+02 4.573222319048894633e+02
1.847393071302512180e+00 8.302663259184739672e+02 6.669112741032098484e+02 3.769640433768847743e+02 4.746365950117962029e+02 4.442580041455981359e+02 4.638899728388310564e+02 7.488299618211501638e+02 7.823351387407581115e+02 4.434446011777181980e+02 2.516522142047442685e+02 7.144842547208784254e+02 3.006308178199902841e+02 3.027079848689757000e+02 5.872631627959700609e+02 4.827508054640585442e+02 4.426634309418860767e+02 1.133046528370140322e+02 4.711052963393362916e+02
1.871957929717818603e+00 2.621805639004277850e+02 6.347766985088900356e+02 2.178252060390882150e+02 2.216931900739327261e+02 9.552332951137705095e+02 3.936027573770731465e+02 2.097231990039384186e+02 6.500679269483446205e+02 3.540619918227791914e+02 5.170864904157944011e+02 8.496885446042657577e+02 4.898114745517804067e+02 2.914479573548772464e+02 2.318843015245312245e+02 2.835991942306080773e+02 6.353938189401281988e+02 4.316208484154146845e+02 4.898253589495483311e+02
1.878952201422440460e+00 7.477546460739804388e+02 8.045200367805790620e+02 4.904077244789647807e+02 5.028989919188193198e+02 2.132732791335912452e+02 4.870368284611538456e+02 5.536873772646074485e+02 8.119550863766868360e+02 3.928267754031224968e+02 5.710923443967706135e+02 3.688800979284025061e+02 2.802160174823121679e+02 6.018529468615929545e+01 7.265591878543059465e+02 4.652285373363349095e+02 3.921876971331499249e+02 3.600073024414636507e+02 3.856261214482281616e+02
2.017584353620804016e+00 8.467614829615520193e+02 6.802685487683654628e+02 4.631532401682900399e+02 7.397591903314651063e+01 8.735386589953507155e+02 3.939087211650041240e+02 4.845156648622191824e+02 7.788249222320689569e+02 4.956141082648781548e+02 8.032202163461562350e+02 3.133136635802999876e+02 3.079583417412383142e+02 5.794962525338676187e+02 5.538535729461284518e+02 4.718265153554481230e+02 2.787544612230165058e+02 1.678778829211383936e+02 3.198736949743451419e+02
1.559403220698067027e+00 6.743242699576481982e+02 6.714709385290931323e+02 3.717706889333580307e+02 1.765214192536197686e+02 7.959068940786439725e+02 3.933126102809536633e+02 7.160519963751733030e+02 6.805053510554670311e+02 4.213572691868572520e+02 6.839179052102898595e+02 3.574104234368091397e+02 4.643840860485345843e+02 2.189128262060926886e+02 5.147283002868886115e+02 4.344947141587010719e+02 1.875638381997876820e+02 3.294691085919288298e+02 4.703058660416957082e+02
2.088785406107166231e+00 9.255651941568389702e+02 3.064088817856860487e+02 3.821123477413642604e+02 4.501047158563383164e+02 8.883018708537910015e+02 4.904858214312997120e+02 6.850679908771796818e+02 7.332903091105179101e+02 4.701592802209673891e+02 8.293860750627027301e+01 8.781622959517294476e+02 2.319822353456046926e+02 9.855342921659233753e+02 6.587049273168253194e+02 4.936024291891739040e+02 1.530314187170802143e+02 1.270167820713223819e+02 4.365543610734693516e+02
1.907844399213686870e+00 8.592717107349933485e+02 7.354034089016486178e+02 4.948556099117178064e+02 3.228465360063196954e+00 7.954882001129568607e+02 3.894056175175251724e+02 3.993482100487240132e+02 7.028306558107422006e+02 4.999366341154236579e+02 6.899035536295424436e+02 1.624156526462811598e+02 2.793167442656098842e+02 4.449942045990152337e+02 5.578003245310065950e+02 4.488764836383424495e+02 2.803326769177722326e+02 1.123133325689762358e+02 4.586464152331465129e+02
2.178674538391800031e+00 3.521361685141229714e+02 7.812860477988175489e+02 4.090046202250020997e+02 1.229843400426599374e+02 6.496325164477034377e+02 3.031556984921668914e+02 1.124100688692313952e+02 7.235775156014833556e+02 4.755149658412539111e+02 8.984207745551652806e+02 4.005599794269436984e+02 3.868298384943012707e+02 8.372262254652060847e+02 9.197104276476228506e+02 3.612376398904161761e+02 3.343032072875466838e+02 2.967871877226389188e+02 4.281273753408240168e+02
1.948735808847007700e+00 2.046874873247198821e+02 7.864205940088509124e+02 3.060110548383510150e+02 7.078322591175931393e+02 4.252981304457323404e+02 4.425123176572444663e+02 3.535899514097051792e+02 5.319842772165158067e+02 2.594645722877667140e+02 1.381982141345316677e+02 3.932034564063001767e+02 2.927536465914885753e+02 7.017389396361895706e+02 6.309533778509994590e+02 4.928923106275237842e+02 5.794313594595303130e+02 1.404871087796861389e+02 4.373974503316176765e+02
1.767419898836553926e+00 9.125557596017611104e+02 7.286300285323113712e+02 3.425883383266368583e+02 4.230094649857835520e+02 6.789645864088799954e+02 4.645561858306580234e+02 4.529972454319736244e+02 2.427736437665988660e+02 4.862648637851242484e+02 7.506773401382964721e+02 2.262298825990033890e+02 3.577854008541876283e+02 2.662475029743231971e+02 6.985204004910793856e+02 3.118331769832319083e+02 5.561107234706586269e+02 2.384325583133700661e+02 3.700071846739033958e+02
1.883337154739332497e+00 1.266808479117741513e+02 8.011346412085856628e+02 2.535824106099053949e+02 6.340384582573176431e+02 3.548440939288875029e+02 4.619725103859936439e+02 6.078488285215629503e+02 7.053274166420692382e+02 4.326166537824656757e+02 1.254157028709683175e+02 2.444874226508112542e+02 3.205526497894527438e+02 1.250292727200401259e+02 7.732871446648191522e+02 1.717429811669611013e+02 6.799448151040038510e+02 1.991431409653181106e+02 4.871343246386126111e+02
2.018492836533013701e+00 7.614588232563038446e+02 4.958598860656456395e+02 4.181166658304901489e+02 2.000916997069550405e+02 7.297318384688494461e+02 3.643602041509961396e+02 6.920837600623603976e+02 8.108338400974630531e+02 4.350415672623472005e+02 6.488372323861385667e+02 2.373315042085569360e+01 3.309340179953509278e+02 5.418012364510988164e+02 8.623895609173556522e+02 4.067375336252297302e+02 1.464601672182951688e+02 1.345528551192248585e+02 4.678450679644146817e+02
1.942867139803821086e+00 7.671095833605174903e+02 7.398998981022600674e+00 3.977833966985481311e+02 5.542033953794243644e+02 3.725992207599729795e+02 4.693761358119224951e+02 5.225288944281743397e+02 7.257401769699926035e+02 4.874193403318700462e+02 1.990964361092785282e+02 6.484652713303631799e+02 4.356753346995448055e+02 9.806848313957973460e+02 6.658420038487610100e+02 4.850861020660504437e+02 5.037309640978538141e+02 6.910909642336669378e+01 4.887154306787731457e+02
1.888159801961313278e+00 7.863822986321598592e+02 5.179652289054560015e+02 4.785552890608703933e+02 3.808372775378989559e+02 2.721678556156740569e+02 4.704543655589789637e+02 6.809954190576042947e+02 7.685188030558560968e+02 4.814768823019152819e+02 2.967813281452698675e+02 3.155884870168078464e+02 4.729379348637251610e+02 1.829470005952398424e+02 9.762625246577156304e+02 2.582860952967646426e+02 6.187859673290106457e+02 1.613372137555342078e+02 3.738500851995909215e+02
1.797151920157626037e+00 1.703719770081449383e+02 2.209480425174297693e+02 4.482621289315688955e+02 4.185135519832133468e+02 6.938282603474457346e+02 3.100483599792248697e+02 5.867394595991606820e+02 7.372763149206197113e+02 1.697421998172318638e+02 8.119496226333259301e+02 3.601373636869141137e+02 4.822168498639483118e+02 7.546128938592568147e+02 6.656865755687166484e+02 4.891534520043343832e+02 3.258710589795219335e+02 4.897005367459333911e+02 2.980297444247595422e+02
2.107017634188870225e+00 8.380784169065462947e+02 2.071995238608479895e+01 3.800375191214691881e+02 3.949468328157038286e+02 7.737037575048227609e+02 4.265415297319828483e+02 6.421505872701715134e+02 6.101828844501452522e+02 4.633351283896616337e+02 2.157076991060021669e+02 4.964503637492140342e+01 2.961406775807998315e+02 4.650050233017177561e+02 6.826795331747019873e+02 3.144976725042618000e+02 1.344544251297219830e+02 3.969652516841844090e+02 1.336173632353822143e+02
2.069481489383436568e+00 7.843763271979562433e+02 3.132364211822069251e+02 3.341614923448109948e+02 3.891307133863513741e+02 8.416823595135257392e+02 4.264305856686165725e+02 6.573104286494253756e+02 2.276390612948135299e+02 4.635721131266340080e+02 1.203249994892790937e+02 7.825731257038879676e+02 2.279934161830043138e+02 8.680357654823575331e+02 5.578318639801925656e+02 4.738993925072863362e+02 1.721460380062565889e+02 2.336214761229086605e+02 4.140966179569034580e+02
2.006048023686354043e+00 7.830434568835655682e+02 7.660808753178139341e+02 4.359990319235849938e+02 2.698978842880554794e+02 7.020634645160682794e+02 4.243673587100168447e+02 6.791111666144979608e+02 7.372605759926785822e+02 2.178606296685239272e+02 6.301274425748201793e+02 1.592760837900755178e+02 3.766006861059444759e+02 7.280740948304102176e+02 4.165119073858277261e+02 2.875965124747407344e+02 1.929700227749134456e+02 1.986460683283147546e+02 3.064358202387023766e+02
1.579046965944190584e+00 6.239863979031684948e+02 8.474047956346889805e+02 3.316951128117569851e+02 2.743533814535878150e+02 7.410509811353405212e+02 4.748846890179231650e+02 5.675630299281237967e+02 4.510751404731737466e+02 4.692949607735289419e+02 6.871337175154762917e+02 2.290015225675126658e+02 4.238809901982135671e+02 7.333887433796260211e+02 1.991113129785931051e+02 2.991288992106818796e+02 2.006435639775920095e+02 2.476479716690468535e+02 4.326512309657134665e+02
1.964282558218732655e+00 7.997933782147482589e+02 2.215889290155758147e+02 4.616449993056066319e+02 3.325294200001662261e+02 6.709201065929128163e+02 4.255245648012155470e+02 5.106417079585847887e+02 6.630382096713323108e+02 4.557153506076413123e+02 2.451773207704187882e+02 9.940826574904775725e+01 3.276505132020520250e+02 8.479301391579198253e+02 7.460246477076523206e+02 3.042955788007395768e+02 2.757632260705922818e+02 1.540512621028983631e+02 2.371845725389241863e+02
1.817869659712644470e+00 5.977081912768845768e+02 2.034777529010260650e+02 2.878693324914173672e+02 8.601778001067036712e+02 3.342823638765885903e+02 3.220279749269922149e+02 4.387353812054578839e+02 7.858834524029165323e+02 4.599606862878151787e+02 6.583985127036701215e+02 6.756839104341077018e+02 4.063862866718413898e+02 2.390951687456030754e+02 2.022194311383490231e+02 3.829018875232832215e+02 2.307742537465349528e+02 8.782573041163308858e+01 4.128852450146781052e+02
1.651422970378605193e+00 1.311160978265523340e+02 5.915934346936550128e+02 3.083448784082257816e+02 6.077273212989269950e+02 3.583713931759104980e+02 4.851382092617438389e+02 6.103928570180567021e+02 6.594471350108385650e+02 4.357509444936108594e+02 6.892536583171710163e+01 5.393618316931213030e+02 4.707070790828580584e+02 3.576692685956941204e+02 7.624372145845288742e+02 1.782089929847677467e+02 3.811005458157528096e+02 1.482380678321464416e+02 3.771288384584351547e+02
1.984856325090150975e+00 5.661470994037092623e+02 9.107297084898262938e+02 3.106957304488879572e+02 3.553746973496643022e+02 7.303600266018920593e+02 4.815792922384721351e+02 5.044664709469517447e+02 4.353323810393043232e+02 4.700861444382032914e+02 7.474534172170504007e+02 4.194610862467867491e+02 4.517089166020969060e+02 7.369695501046968502e+02 1.319330874436784597e+02 3.345393573647938865e+02 2.118787672461576221e+02 2.676281993786815292e+02 4.884178384444651329e+02
1.677995800646568503e+00 7.049202996158957149e+02 4.235017510705345671e+02 4.615268944892890204e+02 3.320389721212063137e+02 6.702297613704706691e+02 4.255294748122211672e+02 5.417301723770009403e+02 7.736936993185169058e+02 4.582045236843807174e+02 3.257065998101673472e+02 1.324642246474371632e+02 1.455039758156100902e+02 6.079965956517287395e+02 7.066567106131477658e+02 3.063137120734508585e+02 2.667235700034078718e+02 1.486345008645344876e+02 4.750425116125661020e+02
1.503406265726304536e+00 3.046456100490355539e+02 3.823380868081544577e+02 1.347461325864836681e+02 1.735708921034585615e+02 8.662556013769421952e+02 3.473608526678693806e+02 8.121629007434894447e+02 6.596030880268348255e+02 3.742918725380768592e+02 5.214052900071990280e+02 4.792630429988395235e+02 4.484943277823080052e+02 2.413503636095978209e+02 1.883822569847247337e+02 3.510194517244927965e+02 6.187465401277768251e+02 3.138121227107769187e+02 4.448689940554737632e+02
1.788968631267603637e+00 4.748328887306454362e+02 3.715657343680760505e+01 4.485765804040354396e+02 7.928564197665555184e+02 1.529721677809101550e+02 2.365144901863897076e+02 6.073121312210174665e+02 5.545077826061374253e+02 1.649253834409276465e+02 6.819772072805081962e+02 7.149170091205888866e+02 4.692239265538854625e+02 9.545966066464254141e+01 6.613799371982663615e+02 4.587561420210760730e+02 1.680666391747102466e+02 3.930456885946334182e+02 3.984031098191670139e+02
1.873362127695940904e+00 5.949507013334521162e+02 4.969175768372514312e+02 4.503759203872796206e+02 1.273931189703901907e+02 3.270639115380791395e+02 3.593567550568832871e+02 7.118317774756034169e+02 7.518336245890428700e+02 3.973192283340420659e+02 6.486541017450325626e+02 1.324184870391642335e+02 4.916005627580086070e+02 2.188972903913590926e+02 8.803193852519590337e+02 3.994711053854700253e+02 1.520134202658528864e+02 1.130568033523692861e+02 3.606994198616989706e+02
1.802441524850898480e+00 7.444971243625517445e+02 6.878551711721232778e+02 4.590097993468117465e+02 6.507421784290348796e+02 7.424327543578141331e+01 4.537422493715238261e+02 3.178122000904113520e+02 3.550719996258392825e+02 3.756654603670131110e+02 8.783351753337399259e+01 2.221667483837412362e+02 2.974118783383440245e+02 2.838186343813389954e+02 6.944247713717497845e+02 4.507296738363707505e+02 3.663532729005250417e+02 2.632216531628345706e+02 4.884691148338806670e+02
1.709386031201460598e+00 2.528763479623382864e+02 7.333837339012552548e+02 4.459090273459680134e+02 4.737581011893094001e+02 6.530166636997313390e+02 2.494116242990001524e+02 6.241440507731481375e+02 2.625355728034966205e+02 4.706950173883382718e+02 3.180969669956604662e+02 3.763898258805043042e+02 4.046925952269701838e+02 7.682070049257770279e+02 6.929893728570121993e+02 3.194532014848109611e+02 5.519859727175600028e+02 4.218563852501002316e+02 2.167537591963276498e+02
2.068261752732062142e+00 6.938834109682804865e+02 2.412492980069908413e+02 4.617749132517301405e+02 2.455237206157788705e+02 5.802475900715647867e+02 4.174535795314941993e+02 7.612286852964958825e+02 6.206259862315891951e+02 3.882084053034211593e+02 1.550016122238763217e+02 7.552390393143690517e+01 3.738520262903615503e+02 4.477589114513630761e+02 8.083271637703826400e+02 2.229406037081129739e+02 2.655639277207700957e+02 1.624793127951674876e+02 3.879295612603537506e+02
1.922692036298549123e+00 2.134992248627625031e+02 6.920298569616957138e+02 4.299768899928194514e+02 4.828829293145011547e+02 3.845447841655740717e+02 2.844028958265635083e+02 7.850331438058327649e+02 7.285512840330537756e+02 4.895268709091189407e+02 7.187893489822306492e+02 1.180524671650871369e+02 2.895785385133656860e+02 6.160086364243197750e+02 4.532462491755871952e+02 1.373043990467936624e+02 3.463133730387829132e+02 2.003214547418661482e+02 4.064113231010151139e+02
2.066335287753949146e+00 8.680711119935554052e+02 6.494816428695908144e+02 3.954515496096278184e+02 1.262271485508424860e+02 8.474856962237651032e+02 3.854769015246611161e+02 4.766247810866644841e+02 9.613545643323166132e+02 4.273545201043629618e+02 1.781434046274521279e+02 2.003203196896947702e+02 4.470761585173486310e+02 2.091246126795792861e+02 4.137463685242551037e+02 1.330517848728001127e+02 4.993963598679750930e+02 2.077670729047444809e+02 4.512169976154377764e+02
1.522362219675334805e+00 6.891983891986301387e+02 7.245184657087113465e+02 3.542623393831160570e+02 1.747363446736618471e+02 7.646609001228868010e+02 4.043874733200057676e+02 7.474162726588015175e+02 6.711321131203510504e+02 4.144725337001931962e+02 6.227186082021066795e+02 2.347114817995024225e+02 4.479303123314834352e+02 2.767464892240079735e+02 4.924207336799066184e+02 4.363796537401790943e+02 2.213154402130647327e+02 3.069232421696155484e+02 4.664193192955702898e+02
1.772037945172466378e+00 3.303901061984519743e+02 2.187078783116342606e+02 4.600781061556221516e+02 6.756461232373158055e+02 3.397969988101047534e+02 4.653003093802266221e+02 2.848938801953087250e+02 2.923249732922643602e+02 4.642028324501073371e+02 1.504380977980153489e+02 9.062072840997041112e+02 4.733383904038174137e+02 7.130244239117618008e+02 7.746445581915584171e+02 4.828797159381339839e+02 7.442277180680185893e+02 6.819058322251711388e+02 3.569553635357321468e+02
1.998592345112036428e+00 7.562613339394933973e+02 6.991668231183675175e+01 3.947436619493815328e+02 5.395057192955698611e+02 4.086461524285334690e+02 4.621692956067655018e+02 5.454758191867725827e+02 7.269287623723997740e+02 4.944229394297057070e+02 2.396546648858247011e+02 6.005382296440408254e+02 2.562880912450547726e+02 8.183615395073784384e+02 6.934106361707016504e+02 4.766284299604452599e+02 4.691540725674859118e+02 7.096503138280684198e+01 4.890242231420833718e+02
2.054249778123150794e+00 7.845954788391861712e+02 2.559453222126672927e+02 3.190868909094617720e+02 1.349483087668862140e+02 7.377580700033040557e+02 3.235637437531965475e+02 3.454453204090681879e+02 8.614718147012561076e+02 3.239359561818989164e+02 9.093452385029600009e+02 8.699698450211850513e+02 2.460878176599169365e+02 5.704904071561334149e+02 2.318909816483488271e+02 4.740429148127445842e+02 2.822561572739312510e+02 2.469845668742972862e+02 4.331533421606791308e+02
2.065976252310471217e+00 3.754337221597894541e+02 2.876232864297961669e+02 3.128422456313448947e+02 9.534000739514901852e+02 3.438719745126557541e+02 2.992943057380500704e+02 3.648702091015666724e+02 7.501841860007151581e+02 4.442087294034686238e+02 8.246302070920662572e+02 8.008071439643376834e+02 3.984709168365426422e+02 2.178332324629720631e+02 1.038496540038246394e+02 4.197692394814436057e+02 3.018858501094578060e+02 2.713756657099568770e+01 4.540891059870349409e+02
1.863514733325062123e+00 4.099050947243949850e+02 1.976752822165711905e+02 2.215123228034839826e+02 3.996447209324811070e+02 8.036687200940434650e+02 1.644275312082239964e+02 7.864605329788221297e+02 3.607423935847378971e+02 4.920902053137515395e+02 5.903804725549903196e+02 6.019643416784758756e+02 4.698229495474888608e+02 1.627787771468363189e+02 5.909955112479522086e+02 2.097203744301275776e+02 2.605706313152351186e+02 4.012781368994960758e+02 4.255125127825131131e+02
1.550116074954373868e+00 8.034481313216248282e+02 5.516567361370314302e+02 4.494692465615784158e+02 3.890719700199773570e+02 3.139625229128583328e+02 4.459852936262557250e+02 6.855284357474808985e+02 7.748705136128143067e+02 3.672934640380232736e+02 1.792120136591699406e+02 5.164395457912736447e+02 3.157477297990670877e+02 3.934755013736294700e+02 7.456507418887749736e+02 4.720104035136104699e+02 5.306996600153239569e+02 1.081369983902302465e+02 4.597390439322668954e+02
2.007329055854408573e+00 8.168262568535801620e+02 6.654380442899814625e+02 4.618926023232633042e+02 2.931663484296569777e+02 9.125882240066457598e+02 4.064080874619481847e+02 2.044675403338685555e+02 5.597221734043479273e+02 4.363529402243605091e+02 7.744387611422507689e+02 1.881013823468366297e+02 4.875309274294972397e+02 1.234023094570371200e+02 1.712234061855972129e+02 3.786202658019348064e+02 1.968302524794034980e+02 2.081909245709362040e+02 2.767127440961007778e+02
1.868301405720441455e+00 2.212142864813665142e+02 8.453622908750933220e+02 2.865573331158599331e+02 7.058488429176398995e+02 3.905803593837798644e+02 4.548177210339690077e+02 3.884391472804031764e+02 5.215695683997203105e+02 2.518148661914733282e+02 7.019899523655033136e+01 2.568712990315149227e+02 2.744716757947650763e+02 7.659985652116509982e+02 6.061671927321306157e+02 4.949866879402771360e+02 6.169331394742825978e+02 1.154361460882269057e+02 4.330790650581449768e+02
1.681852791754538279e+00 3.079327079722040139e+02 2.561311812559863483e+02 4.863413641172622874e+02 3.005092372477312779e+02 7.760814998625193084e+02 3.204270264252642164e+02 7.271680070436398182e+02 7.283647201793108934e+02 1.527392740756478986e+02 7.555312311410657458e+02 1.698661373222235511e+02 4.828030162007939907e+02 7.579952802844526332e+02 7.046111811432214154e+02 4.432417826880819689e+02 2.996345416311114036e+02 1.412341416361794302e+02 2.932054665725011091e+02
1.908555897495049392e+00 3.052031745638454936e+02 2.663708950590103086e+02 4.400845713797277199e+02 6.993879369506040575e+02 3.258652922156925911e+02 4.661597513660715322e+02 2.338912223592643329e+02 2.807369818364992398e+02 3.888965180333312901e+02 1.368184963197416550e+02 6.468552661292669654e+02 4.342202305240689952e+02 7.440031364327587653e+02 5.793860926907204885e+02 3.725589489486922616e+02 7.091929303469579509e+02 6.550737496658368855e+02 3.534793217650693009e+02
1.761658771284115188e+00 6.043790184363525668e+02 2.973131055539330987e+02 4.257210622779757614e+02 3.457692497454141858e+02 6.726749759863065492e+02 4.310935415752419999e+02 6.052952966782057729e+02 6.312406026938853074e+02 4.610070374688210109e+02 3.545836841289658992e+02 6.790594876640027451e+02 1.214550956991173791e+02 3.320849888999745758e+02 3.621527502698041872e+02 3.289575952449509373e+02 1.752275728387973572e+02 1.262533593568008712e+02 3.255930039169537622e+02
1.535858748379408611e+00 9.048874430657986068e+02 5.828832219832711417e+02 3.801670220677777934e+02 4.371675457944657524e+02 4.168701403146152984e+02 4.765177983716267249e+02 7.455587856651058019e+02 7.893856596113105297e+02 4.565960322050236186e+02 2.146668433879874556e+02 6.333975650716009795e+02 4.621438148351182349e+02 5.766850475509274929e+02 5.432934854237804529e+02 4.903967640681457851e+02 4.832049076054770467e+02 8.938864562480188170e+01 4.585133665026334029e+02
2.012519690406354034e+00 1.995417933534378676e+02 6.315280297367355615e+02 2.554175292969790121e+02 8.333024770564389883e+02 5.901444254018331321e+02 3.273393810917805240e+02 2.860309914524103760e+02 3.300023379223275128e+02 4.153102629340369845e+02 3.194298121509000907e+02 7.070994455946040489e+02 3.881636711354773297e+02 5.880557526939722948e+02 3.070443895022588663e+02 4.990249349287942096e+02 2.475324354433327869e+02 1.486680544320574313e+02 3.974575787139400518e+02
1.749285462161724647e+00 5.046926322544211416e+02 6.307518183314061844e+02 1.122705107605489019e+02 2.965239280390817385e+02 8.576249518044817250e+02 3.678211549379172993e+02 8.786415556369915976e+02 6.917324277888160395e+02 3.884686337339887814e+02 3.717967650576425171e+02 3.666521328216325060e+02 4.556181606340769008e+02 2.604861062639657234e+02 2.769150564057966903e+02 3.178388349621484394e+02 5.547461034011462289e+02 3.684314701673505965e+02 4.257217380739875807e+02
2.140976714131213043e+00 9.223699725199691102e+01 7.557415749033046950e+02 2.205606994729937469e+02 7.134809889424059293e+02 5.126778698657728910e+02 3.165980038777663594e+02 1.003841088313204182e+02 3.269472896666220549e+02 4.535112723904543941e+02 3.883350055934377565e+02 7.450535214528890720e+02 3.281187241184725849e+02 5.291449923012061163e+02 2.094419136132502217e+02 4.899924265090265862e+02 2.509812991411335190e+02 1.191890078004566220e+02 3.714591245100631909e+02
1.984600847625674014e+00 7.479354983759893685e+02 6.444135937832147647e+02 4.388750185360781870e+02 3.729082523640767022e+02 3.388953758183193941e+02 4.606725890211424144e+02 9.463497355312773607e+02 4.630403111319188270e+02 4.199887687690336406e+02 1.010882121867765591e+02 2.063905205647709806e+02 2.653027772303315714e+02 7.078484139766561611e+01 9.419141265220714558e+02 4.002327071403423702e+02 4.681719967485473717e+02 9.288667380506880988e+01 4.952675722155084941e+02
2.110000530730047341e+00 9.067270807128686556e+02 2.588360045271216450e+02 2.295185734287614423e+02 8.318722522098512400e+02 6.117461106358746292e+02 4.756071349724161337e+02 4.699214063400911527e+02 4.124401161538312977e+02 4.179952298032778799e+02 1.586299902582092329e+02 3.818037396425307861e+02 4.550544144266245894e+02 4.126003726411727257e+01 8.181194127807273162e+02 3.495140755406050630e+02 3.843271451924410940e+02 9.784481535879465355e+02 1.950514672835045644e+02
1.952564336017543756e+00 7.937212060077833939e+02 2.633831079644543820e+02 4.901027450314171006e+02 2.088209173273481269e+02 6.613902127671054814e+02 4.303550835430035022e+02 8.956598029792112357e+02 6.316462533052895196e+02 3.600839061639733814e+02 1.200888725388806932e+02 7.291375486008786311e+01 3.199910874416085562e+02 4.549111404193407679e+02 8.511633688369352058e+02 2.042560705614739618e+02 1.981063231230523627e+02 1.720747649923664540e+02 4.381632981720907765e+02
1.810992373481548068e+00 5.004276265115885280e+02 8.285613419213939324e+02 4.951267984201375612e+02 6.318491465823942690e+02 2.349637982439581378e+02 4.478022739187955494e+02 4.683270055548013033e+02 7.736486565771084543e+02 3.837882096072452214e+02 7.460546556158567455e+02 5.246837127092030642e+02 2.849176745659663084e+02 5.681434580947265545e+01 5.757554350481858592e+02 4.938632243131901305e+02 4.471579491574112808e+02 2.721009813978432135e+02 4.295558947772299803e+02
2.322544324195057630e+00 8.606940386279878794e+02 5.412154186849613779e+02 4.626929277780622556e+02 4.048086053461821621e+02 8.630734383134113159e+02 4.603175095461893989e+02 7.727957797205009456e+02 4.441020784567874102e+02 3.970686301927349859e+02 2.498422010070759427e+02 3.798425992547312262e+02 3.185273915295924780e+02 3.588879383027408494e+02 1.482415987315548591e+02 4.225748375373718773e+02 4.908491609534314648e+02 1.316253229202258694e+02 2.951367788387219662e+02
1.634914909726298493e+00 8.005793781765811445e+02 6.046327103909460448e+02 3.955378147709660652e+02 2.159748260047671238e+02 7.922038876235660609e+02 3.889879381585124065e+02 4.635070186785169426e+02 9.303779299504205937e+02 4.152214750144866571e+02 7.106895766759857906e+02 3.612471730558013974e+02 4.620228979309941337e+02 2.048322012897993432e+02 4.537168726019298219e+02 1.689857587434912602e+02 4.944616936710621644e+02 2.137553402841015213e+02 4.660216645578246926e+02
1.738390025722599486e+00 7.962768192724793153e+02 7.159741988365531142e+02 4.055595083560672833e+02 3.062018765702943028e+02 7.601824509976978561e+02 4.063607234737209524e+02 5.970575582061219393e+02 7.606722507171078860e+02 4.179367083615629781e+02 8.353250381226147283e+02 3.199523004905231574e+02 3.815836503606217320e+02 4.208302365233624300e+02 9.121711008921085977e+02 2.392009501789420085e+02 2.758416138259096897e+02 2.366949129311596494e+02 3.418689892124446601e+02
1.867525205943720623e+00 1.270261286567638734e+02 6.839846736732172303e+02 3.329864134775884281e+02 6.592873729539875285e+02 3.313482025558145665e+02 4.812927083873869947e+02 4.208824248639884331e+02 6.163295590154722277e+02 4.874986484140090965e+02 7.520050135010023951e+01 4.429280489190593926e+02 4.093567263816357809e+02 6.433390637630257061e+02 6.828397914747122286e+02 2.025407987290835479e+02 4.137474759539659885e+02 1.024051048784260161e+02 4.044454110492723657e+02
1.885565725130285974e+00 1.701391290978993993e+02 7.769536697224880299e+02 4.339863175389448884e+02 6.380601008014505169e+02 5.843287341937924566e+02 2.411998345255046559e+02 1.080487239423130177e+02 6.805772235297758925e+02 2.450710852610227164e+02 2.925711713201143311e+02 2.974755846247438740e+02 3.288854165320038874e+02 8.532397236231211082e+02 7.248694115353828238e+02 2.626805130218257318e+02 7.272221154402664069e+02 2.914234049118812209e+02 3.284133802743320416e+02
1.644002933044278691e+00 7.340077954515107876e+02 7.602827854473931666e+02 4.915061083331804070e+02 2.937383012231504154e+02 4.545365501150203613e+02 4.784955339544025605e+02 7.433454279646729219e+02 7.850992194145943586e+02 4.486283927775304505e+02 2.446213209669275557e+02 5.912481459546861515e+02 2.496398326910675962e+02 1.513384351606528639e+02 6.969005152729548627e+02 4.832645310793029694e+02 5.944470369476555334e+02 1.412211793502046362e+02 3.811447935375828138e+02
1.937361700378135598e+00 7.133347643357943753e+02 8.282475498782719114e+02 2.890076565168917568e+02 2.517445071662988312e+02 8.819268332323525783e+02 4.205016846113235829e+02 3.638360733629374408e+02 6.778502757355004178e+02 4.830085571259186281e+02 6.879147886931235689e+02 4.129517198361467081e+02 4.343250915503143119e+02 9.818437937780724951e+02 3.498719124963821514e+02 4.460460154955823668e+02 1.420828340469706177e+02 3.115741311717209783e+02 4.766489464619327237e+02
1.982996086102879030e+00 4.873015565578456858e+02 7.285017062791430362e+02 4.717440057417617822e+02 2.572187542101626718e+02 7.193663113935033380e+02 4.222832796276616136e+02 6.631224876141634468e+02 5.509421807923100687e+02 4.561748475134193086e+02 7.109155964792795430e+02 2.588633068020480366e+01 2.715625986872198041e+02 1.061250737992239692e+02 1.287978638443881323e+02 3.751013012893083101e+02 1.379690232659683602e+02 1.473054635296259391e+02 2.725031522447327461e+02
1.779072706742312882e+00 7.391286180184705472e+02 4.119641468436395257e+02 3.537209986733914207e+02 4.520558910927485385e+02 5.484110957802890880e+02 2.493540760067879205e+02 1.485848553497384898e+02 4.205228396123625885e+02 4.982392510654921125e+02 6.368155489430035914e+02 3.383622513891789367e+02 4.777027975419347285e+02 6.223866860961275052e+02 8.611385471751376599e+02 4.811308784500135971e+02 7.489349187282475668e+02 6.534286303052723497e+02 4.646710103897800082e+02
1.826605463826076692e+00 7.474697502400174471e+02 7.182102492562224825e+02 4.189040445512183055e+02 2.909708871817348381e+02 3.056683441643054380e+02 3.249458744572929163e+02 4.548458418886844470e+02 6.788593859330269424e+02 1.617957699959076479e+02 8.508545035658231654e+02 1.220393366612108252e+02 1.104465055198321579e+02 1.467957305862666999e+02 6.212461942291284913e+02 4.969135349787134714e+02 4.085860833736894051e+02 9.643696892137049304e+01 4.399978601497892328e+02
2.176282640581885364e+00 6.613133288617891594e+02 5.932735434073014176e+02 4.815309377406608178e+02 9.982258641357408635e+01 1.748151887732073533e+02 4.004780327228102124e+02 3.167963203004824777e+02 9.782182138785724419e+02 4.431312692457611320e+02 8.103310903207101319e+02 2.232431954508977867e+02 4.060712919897223969e+02 8.220411614345622411e+02 6.543217779964529655e+02 1.770663623771335438e+02 4.104590573192883198e+02 9.887555310045465262e+01 2.362939603234314063e+02
2.099400962047380137e+00 2.287905355999168364e+02 2.588360045271216450e+02 2.295185734287614423e+02 8.318722522098512400e+02 6.117461106358746292e+02 4.756071349724161337e+02 4.361658324768598050e+02 4.124401161538312977e+02 4.179952298032778799e+02 1.586299902582092329e+02 3.818037396425307861e+02 4.550544144266245894e+02 3.375513757781177446e+02 8.181194127807273162e+02 3.495140755406050630e+02 3.843271451924410940e+02 4.314084156876989482e+02 1.950514672835045644e+02
1.610465950580999062e+00 8.337140761416000032e+02 5.446941315932583620e+02 3.817817399833010654e+02 4.958211835240280720e+02 4.046498873053311627e+02 4.709247453207814829e+02 7.055476227991141513e+02 7.756059157015150731e+02 4.415388359050812710e+02 2.098942304963061360e+02 7.510166938995170085e+02 4.755837886169867943e+02 5.356365926740127179e+02 5.703092778115026249e+02 4.905962400193023996e+02 4.798893866348139454e+02 1.072147557321531650e+02 4.725883965563007791e+02
2.036858116883401237e+00 5.903356754555610451e+02 6.007460335762571049e+02 2.885431991840795831e+02 3.274277049923673530e+02 7.553659435232752912e+02 3.665640455229455483e+02 6.576523981155788761e+02 6.501521420376523110e+02 4.900663514306143043e+02 7.853423321285511349e+00 6.313396859175009013e+02 4.072142806446287864e+02 7.000046874728998318e+02 1.120376824816458310e+02 4.668639661989672049e+02 2.299107235958780393e+02 2.469314312127113169e+02 3.765616223191652807e+02
1.975873591899771409e+00 7.845954788391861712e+02 2.559453222126672927e+02 3.190868909094617720e+02 1.349483087668862140e+02 7.377580700033040557e+02 3.235637437531965475e+02 3.208375070627726018e+02 8.614718147012561076e+02 3.634467868600432894e+02 9.093452385029600009e+02 8.699698450211850513e+02 4.092480214330318518e+02 7.864867929328397622e+02 2.318909816483488271e+02 4.740429148127445842e+02 2.822561572739312510e+02 2.524407515040217334e+02 4.331533421606791308e+02
1.546307062335998683e+00 7.702830646215935531e+02 2.475036671421304391e+02 4.604639511424306306e+02 3.276249412105670444e+02 6.640166543684908902e+02 4.255736649112718055e+02 5.754482186797904433e+02 6.774360073986944144e+02 4.806070813750353068e+02 2.938164446820306921e+02 4.299678547329417029e+02 1.377871770687818298e+02 6.085585618630727822e+02 3.523452767626065452e+02 3.244769115278521667e+02 1.853666653987481823e+02 1.544454960165040802e+02 3.007158126303517633e+02
1.345443174720388324e+00 7.677828307131647989e+02 1.831905439585783597e+02 4.033215227335458053e+02 1.536876532174005661e+02 3.889473008813945967e+02 3.678211549379172993e+02 3.756047293644970750e+02 7.596016750387117327e+02 4.340418673900801991e+02 5.666223539237780642e+02 3.772411732488217240e+02 2.861994501809006124e+02 6.605060885982123864e+02 7.234182966622780668e+02 4.592560463293630164e+02 2.794240291909972598e+02 2.967767692708056870e+02 4.827176080922786241e+02
1.696960338261893408e+00 7.321249588023290471e+02 6.480416449722559946e+02 4.599983448156058330e+02 4.624975568029328770e+02 2.913802193190676348e+02 4.460550843154476865e+02 4.885044457204702439e+02 3.309017193599560756e+02 4.258869160039802750e+02 1.744584843948077832e+02 4.222979916073965114e+02 2.698933120262238958e+02 3.658564608083831899e+02 6.677319660485337636e+02 4.669620682050419873e+02 5.483866787335800836e+02 6.631414238070144052e+01 4.787945959757209380e+02
1.859384989585483705e+00 1.842722300897464720e+02 2.822089982210777066e+02 4.834869842020441979e+02 3.399052701242318903e+02 6.071055282558969566e+02 3.050449114820260093e+02 4.921089542508327099e+02 6.528382411191455503e+02 1.745450063178379594e+02 6.860422196148662124e+02 1.924729070935598543e+02 4.503928526688056309e+02 6.051661739316430157e+02 6.700718551074701281e+02 4.636534167631058381e+02 3.276246319736949886e+02 4.279621474657532190e+02 4.522216558234277386e+02
1.872879438217134096e+00 6.598791112435048944e+02 2.292732632587037074e+02 3.641145059928170440e+02 6.210345086787648370e+02 5.433564438863227224e+02 4.940741913319620267e+02 7.774348364861934897e+02 2.755606373240872813e+02 3.820209802577297751e+02 3.104447342832705772e+02 3.809225191023308810e+01 3.092304254682115925e+02 2.231873813251398246e+02 7.469286530883266551e+02 4.539648015032798867e+02 1.550827421778027144e+02 2.765700602198252795e+02 3.280800330407697629e+02
2.059899028351814820e+00 3.223706770892435429e+02 4.095220098349255977e+02 3.101134038924179208e+02 6.844300671157423039e+02 7.116650580081061435e+02 4.440186101272199721e+02 6.864290526163392769e+02 1.518149125677541633e+02 4.534882631773508024e+02 7.328510301337568080e+02 9.553512244117462160e+02 2.833837809648146049e+02 1.691178461729396076e+01 1.159340337358116813e+02 2.473985251749094516e+02 1.976610471329178154e+02 8.574260506968764730e+02 1.360512626350533196e+02
1.658822380596223001e+00 6.190282875453805218e+02 7.193188171010961014e+02 3.184342826447660855e+02 3.898680587414897900e+02 8.791844198742790013e+02 4.961980129769636960e+02 8.889109019535503649e+02 4.613942077374685482e+02 3.782027083974091966e+02 7.469678566857907072e+02 4.753333528656444287e+02 4.877487950773343641e+02 5.206139027014282874e+02 2.479211304390556165e+02 3.339065665553246731e+02 1.533531168870538863e+02 3.612983305751422449e+02 4.634217255091333527e+02
1.812125200038072315e+00 2.505211553769270267e+02 3.220149532758064765e+02 4.814536097986687651e+02 3.133123350151233240e+02 6.337488413298424348e+02 3.139312924503238378e+02 4.913496253119713515e+02 6.654369092304378910e+02 2.066519165125419590e+02 6.977600192879951919e+02 2.045569827422338847e+02 4.361494015760488878e+02 6.025991817918654760e+02 6.584500268913359378e+02 4.644707266223400666e+02 2.619618428142616153e+02 4.019537210112917478e+02 4.389868597385194562e+02
1.834891452341492091e+00 9.065769829068091212e+02 6.859684165453207925e+02 3.114058857017604396e+02 5.179449656560750554e+02 6.295885888555433212e+02 4.923466607306224887e+02 5.307409072155481908e+02 9.258712628417711130e+02 4.383106394293591848e+02 2.697113657067965846e+02 7.661711653433626452e+02 4.445986552715376661e+02 5.630478634240111546e+01 2.522746169879236220e+02 2.562231241190606283e+02 7.145630907080125098e+02 2.141048159069881081e+02 4.956694629083456789e+02
1.984248931439277275e+00 7.649179335915985121e+02 7.550786027759518220e+02 4.994968491457449886e+02 2.296165521717170463e+02 7.804845089140656000e+02 3.869586793482010307e+02 7.401258462098387554e+02 5.559282160839679818e+02 4.145533246283131916e+02 7.202314323551269126e+02 2.071669923294143700e+01 2.998809961474425450e+02 1.139798485723743795e+02 1.514074198112725753e+02 3.795654797609405477e+02 2.381652560712304592e+02 1.739704253980152089e+02 2.771883812305919719e+02
1.645760073070412277e+00 7.982685442156007412e+02 1.945447596450459287e+02 4.826789897823133515e+02 3.012451481958023578e+02 6.794963283622821564e+02 4.246187293714441466e+02 6.047758236684002213e+02 6.903115534606556594e+02 4.242545005570292460e+02 3.089493352134459201e+02 7.181367635889829444e+02 3.625409144608522070e+02 8.141337543694165788e+02 5.692991273190931452e+02 3.215577939122995303e+02 2.242942073110378374e+02 1.903213484487915252e+02 3.045780812644215985e+02
