6.309426512695903710e+00 6.439155487029995584e+02 5.073534763508629908e+02 3.522392401767861543e+02 3.936185810296624368e+02 1.782352317137356863e+02 2.359821334128708941e+02 3.468212482135471646e+02 6.547479126722776073e+02 3.336713956195202968e+02 6.023424242624769249e+02 1.343930234127480219e+02 3.341030600586566948e+02 5.568568980307386482e+02 2.812565201970726889e+02 3.393513558344243393e+02 5.007674294611385903e+02 3.662123711474595211e+02 3.682149582219522017e+02
6.546859948958632103e+00 8.328673521719899782e+02 6.188639813131682104e+02 2.628186257506352490e+02 5.642818408663715672e+02 6.440496397578453980e+02 3.325228216329256270e+02 6.117093207717592804e+02 6.544873233637738394e+02 3.465202766691762122e+02 6.257909780925087944e+02 5.773193254524859412e+02 4.427983248563290317e+02 2.915816243052199184e+02 8.451742658160537758e+02 2.940904706471955024e+02 3.889729865888975269e+02 3.997479189429230928e+02 4.376070483037983649e+02
6.264807974288805426e+00 7.789620923406012025e+02 4.294874207361639264e+02 4.950407720478271472e+02 6.593231246609575464e+02 2.289529446363287661e+02 2.126636360501152581e+02 5.327314617288345744e+02 4.596122480175632745e+02 3.813158244782736119e+02 4.582485063953487270e+02 6.819793802107358260e+02 3.431138778911870872e+02 5.712926530550798816e+02 6.757377552463833581e+02 3.379072144809458678e+02 4.380137195456571249e+02 2.398551784117828447e+02 2.320959916077598564e+02
6.355676114475085292e+00 6.520074673489618817e+02 5.606485203597260352e+02 2.214659994134848660e+02 6.093318864255535345e+02 3.906958756173132770e+02 2.510527254274559823e+02 1.600722681874668183e+02 2.843543791939545713e+02 4.233974260328706691e+02 5.900460974518226749e+02 2.770233177134369953e+02 3.726252710102893388e+02 7.522876604273428711e+02 4.431767096358664162e+02 2.942951417925809210e+02 5.167815340089950951e+02 6.626525490939764040e+02 3.139670339007019493e+02
6.210070760160387948e+00 2.443311612846736978e+02 2.675305489313021212e+02 2.229722247873925767e+02 3.832922212102417916e+02 6.879526393167228093e+01 4.136031415199963703e+02 5.294800579824865281e+02 2.601783572435704741e+02 3.894471326887188525e+02 6.318993669287394823e+02 4.040001681915821337e+02 3.721353156445045443e+02 6.520701277115655330e+02 1.173170342172224991e+02 2.529278984016059439e+02 6.260137011725070124e+02 2.970266012328319221e+02 3.689527768364563940e+02
6.276678758647186385e+00 6.109790542708959720e+02 3.163054997022254042e+02 2.860325325070492681e+02 4.162899964848770082e+02 7.023264968929349834e+02 2.846842930203310402e+02 3.163154348615257732e+02 2.518411808467778883e+02 3.432142810416412431e+02 7.059052045086184535e+02 4.844408385238910455e+02 2.866295610343231033e+02 6.750078361370585753e+02 2.370533017901884136e+02 1.896774870210568906e+02 7.457647396578835242e+02 2.433573192064255863e+02 3.455396992242956458e+02
5.912487620177360625e+00 7.190876226571833740e+02 6.050440277413811145e+02 4.575035251345703955e+02 6.647058450593615362e+02 3.842773659452380457e+02 3.451467952176885206e+02 5.095913033224575202e+02 6.446939549823947573e+02 3.537625110763802923e+02 6.855035636303264255e+02 3.650280002299273860e+02 3.529938002804821053e+02 4.618396154950567620e+02 6.403557616540726940e+02 1.298949615263325938e+02 6.245622443089833951e+02 7.152427779055171868e+02 1.930118025971514442e+02
5.975489038791899077e+00 5.912950336381985608e+02 6.733202617994616048e+02 2.219900946887999851e+02 7.759456939847289050e+02 3.134626995638810172e+02 3.678405446693304270e+02 5.565466263829767968e+02 2.243972575196323760e+02 3.326642711422746288e+02 7.033682496970387774e+02 6.560402907431612221e+02 2.853287179371442335e+02 5.854381888280013300e+02 2.070201770276560183e+02 3.114720944205906790e+02 5.486792983368654859e+02 5.777521936361424650e+02 4.766730624334279582e+02
6.077631725940651819e+00 5.242300381641824742e+02 4.269345616567144930e+02 2.604385848920085209e+02 2.806731994732950852e+02 5.694530000308302533e+02 3.232280397959514744e+02 4.666845050969978956e+02 2.620891155548650318e+02 4.148884852222797122e+02 4.414345394035691470e+02 4.036764304307416751e+02 2.712228404008036478e+02 5.780418209834823529e+02 2.280881913162527894e+02 3.029926058751914297e+02 7.208901527332586738e+02 6.470601992687418260e+02 3.764108750226714619e+02
5.981651390217410658e+00 3.247072441798208047e+02 3.004546605504266381e+02 3.630083381933457076e+02 7.302087835975236203e+02 3.148292404333490708e+02 4.382243566929324743e+02 7.289008873415900780e+02 4.037704646344661796e+01 2.959432361248952361e+02 4.166265304642524256e+02 2.398263234850891195e+02 3.549087337089068228e+02 4.949347903246704732e+02 3.458334404531435666e+02 3.179470084727262247e+02 7.726204287908141168e+02 3.207029999433674448e+02 3.742204517119279785e+02
6.489769664205846667e+00 7.181027290135670000e+02 4.951582577732863797e+02 2.555715648922993921e+02 8.389473328413916988e+02 3.848147667812415875e+02 2.061559078529897988e+02 7.998974845968641603e+02 4.419015816725136574e+02 4.029157376331090745e+02 8.094444764427979635e+02 3.323202324115881083e+02 2.083862656640763475e+02 9.667088506450322711e+02 8.984267791270832504e+01 3.119953562891666365e+02 9.384128333966239097e+02 1.665056745563508116e+02 3.234099635713977818e+02
6.286098155152838984e+00 5.660737654992892658e+02 6.275847324204615916e+02 3.888597688102908023e+02 7.025659292794528028e+02 8.711788585077468952e+02 2.511708343002891581e+02 5.954467105957958211e+02 4.808744234547772294e+02 2.304704063498724622e+02 5.697964550362505634e+02 5.175091310715527015e+02 4.151631019256727768e+02 3.996166308629728974e+02 6.752154066585824239e+02 4.607618074487317017e+02 4.388354551678315829e+02 7.083422504401224842e+02 1.847038900980259939e+02
6.184886799880022323e+00 4.619950534672458389e+02 6.028183216316582502e+02 2.129527769261710262e+02 8.443491245426108662e+02 6.203267868493087462e+02 4.799210589392063184e+02 7.780267503134477920e+02 7.145220270493457519e+02 2.827831143590413490e+02 6.238626247752333711e+02 3.379407851746017855e+02 3.338850212454858593e+02 5.507642218669659542e+02 3.338958042669167980e+02 3.522938851436417167e+02 8.688900211174566266e+02 5.951822108138954945e+02 1.795591447865317889e+02
6.286056406395765350e+00 6.817598813978054295e+02 1.570645726456734792e+02 4.860389114978371481e+02 5.778275029314579569e+02 4.567009643703349298e+02 2.828819382519386636e+02 7.495531095246103632e+02 1.256680962308783762e+02 1.134795349597971779e+02 5.506896178649180911e+02 4.183847770739969292e+02 3.967045262170437354e+02 5.889736020207142246e+02 4.244103516183910187e+02 3.640130339859749142e+02 8.229184423294753969e+02 2.318134731958949715e+02 2.456518550202127074e+02
6.495170956887522884e+00 3.413370385263524440e+02 3.695825940423772522e+02 4.816000714334829240e+02 4.266258621781094575e+02 5.911094779496194178e+02 1.205691388600149878e+02 4.922848244935452726e+02 7.202670066036220078e+02 3.349619120697278163e+02 6.629968465471356467e+02 7.521565082525837624e+02 3.975085854551628586e+02 5.811313630761073910e+02 7.376776791982301802e+02 3.656972467732239807e+02 7.493812390587559094e+02 5.176425236525499258e+02 2.123560840967561205e+02
6.244009909696508487e+00 8.538545560050287122e+02 5.161502101733354948e+02 3.875679479791905351e+02 5.152106349690880052e+02 4.533393464583787704e+02 2.782644581321672490e+02 8.448800533549999727e+02 7.009238150671582162e+02 2.804642467169546194e+02 7.603730789813967021e+02 4.642064169125790158e+02 2.738403937008470734e+02 4.268031460514297919e+02 6.752896467619904115e+02 4.329193083321410995e+02 8.576315094841002065e+02 6.778021773707803277e+02 2.522386429715884049e+02
6.204630656157382518e+00 7.319310323308834541e+02 3.288570659802001046e+02 4.492780896809645128e+02 9.162821068055731075e+02 1.749958099022103113e+02 2.779763108703871808e+02 7.187419627166091232e+02 5.825375064969204004e+02 2.874247139375331699e+02 6.115965480000442085e+02 4.646258188574847168e+02 3.413664615476975541e+02 7.183437482133390404e+02 5.160161875790219028e+02 2.986597000762268976e+02 8.780755915001510630e+02 3.005419631153930595e+02 2.217779753419692668e+02
6.152736714493371117e+00 9.983098995604589163e+02 6.048113152674764024e+02 3.846242319680848141e+02 7.544720782079152741e+02 7.793321977909879479e+02 3.517913945265840425e+02 7.183707233764519060e+02 6.616590987472574170e+02 2.594666622533095506e+02 7.003921400566491684e+02 4.500764657019843753e+02 3.536567044315946760e+02 5.464619729728674429e+02 6.819613836298038905e+02 1.917446304297174606e+02 7.715492064693264638e+02 4.344450702307856318e+02 3.322139702637531400e+02
5.968486337410953801e+00 4.996165467461725029e+02 7.135574409916105196e+02 3.229113933230793805e+02 5.442554442121409011e+02 6.923876463157110948e+02 2.555967550842600247e+02 7.655427893571107916e+02 7.430003006490816233e+02 3.962015682405819916e+02 5.980020205045049124e+02 6.310648771584144470e+02 3.974465443351702447e+02 7.299204824506417708e+02 3.859001625870086514e+02 3.387777371566408533e+02 7.866453608300877249e+02 6.842177773030851995e+02 2.076699348864439685e+02
6.208413393846829109e+00 8.112966716685897381e+02 4.896555132093682232e+02 3.886883347313124091e+02 6.503037461056122766e+02 2.955504625388979321e+02 2.676859169168513972e+02 7.874238418514497653e+02 2.221647527275051743e+02 3.548806420842196871e+02 5.564350976160374103e+02 6.711026687134417443e+02 3.527226624193648945e+02 7.452197795240521145e+02 2.549724892654332962e+02 2.913360567999433215e+02 7.205489140950181763e+02 4.744697185159433275e+02 1.944863218029184111e+02
6.625596486101668070e+00 3.909406897964689733e+02 5.102612502450098191e+02 4.296503320312009464e+02 6.230424427014692128e+02 3.484571503366375396e+02 3.333115290207381349e+02 7.484685658939619088e+02 2.311124556674061523e+02 4.910959014230547268e+02 8.625094638769051016e+02 2.833786971924083673e+02 2.726428955645299084e+02 8.556096159890560102e+02 4.912519933081543400e+02 3.994573194153649069e+02 4.452346050393761629e+02 7.273479848118140580e+02 2.888606415035187069e+02
6.342276684961215771e+00 2.644398050543226191e+02 4.989504470944764876e+02 3.772252170590772948e+02 5.578342034482689087e+02 5.738891071833630804e+02 4.290854146391162658e+02 3.028391103160275861e+02 3.528806321254093064e+02 3.778403822844115325e+02 6.054303556532645416e+02 4.211289970066281398e+02 1.439055726955378987e+02 4.011339682831060145e+02 4.916647327735239514e+02 3.110323300771210597e+02 4.529325752317913043e+02 8.128816191320743201e+02 4.105624256917461707e+02
5.915735303624743757e+00 5.909556462895361619e+02 7.028973847273382489e+02 3.910582128076886761e+02 6.894236987262318053e+02 3.175913643091625431e+02 3.273831171498163712e+02 5.415412082672761471e+02 2.868168333178291505e+02 3.718670057494347247e+02 5.010951878456245936e+02 6.524476746903043249e+02 3.897464458466027395e+02 4.360969586328803871e+02 2.872559961101468389e+02 2.567847267959201076e+02 3.464116715137362235e+02 4.980200480833865981e+02 1.800948313685564131e+02
5.629904740064359814e+00 7.035605941330561564e+02 4.947989956648146972e+02 3.118539821704702604e+02 2.857214127019434500e+02 3.845274447164878211e+02 3.037386553912089084e+02 6.141932789128210288e+02 3.741134622257372939e+02 2.842372819461502331e+02 6.115987534655397440e+02 6.644513566643265676e+02 3.617458426927755681e+02 6.310334231208240681e+02 3.333357765795705632e+02 3.414096483193945915e+02 5.641591124591526523e+02 3.928503592805171820e+02 2.617212751598524960e+02
6.114296581980141809e+00 5.711591812242681954e+02 6.320867420648063444e+02 3.869408868415542315e+02 7.521383804854759774e+02 3.589602574348241433e+02 3.087191250678416168e+02 5.589684033198814177e+02 3.626801515318008455e+02 2.542947619691439627e+02 5.404269086408847897e+02 6.259454134294501273e+02 4.416812332092047768e+02 5.025474648719007860e+02 2.252289622912741436e+02 3.080322341239627804e+02 3.663872839289542185e+02 4.849988959717513808e+02 1.870750901347540207e+02
6.570102745866502225e+00 7.567650394379226100e+02 2.923719956319451967e+02 2.446296435408626166e+02 7.419577687613776789e+02 7.485706555700235185e+02 3.404581590015328061e+02 7.004774425719955389e+02 6.389235650904885233e+02 3.087860536926600616e+02 7.035604429813150773e+02 8.334975397927994436e+02 3.100753130122420202e+02 8.156547069991703438e+02 6.121541678320427309e+02 1.479781357681938232e+02 3.676224813612644766e+02 7.068029649505509724e+02 4.674578940716016859e+02
6.087178735425167631e+00 4.890089139109651910e+02 5.554106699589907521e+02 4.330874127551803099e+02 8.654354831868187148e+02 5.409397163086207456e+02 3.136784781329817520e+02 8.566605182060321795e+02 5.228054301940906043e+02 3.541975195575946600e+02 5.603971400135804970e+02 5.363161191464457715e+02 1.138567294028501351e+02 5.379581264420179423e+02 4.840213183926418310e+02 3.558479360307954948e+02 6.979482293123538739e+02 6.686064331724362546e+02 3.861660798124264602e+02
5.804179122696831783e+00 4.267859600587356681e+02 5.856001132268917218e+02 3.230235551526420750e+02 4.801675042020633555e+02 5.726969505446697895e+02 3.651559277569121491e+02 5.822311103406435677e+02 3.403348042171749057e+02 3.415916310702797887e+02 5.549495646517714249e+02 3.864331248599135051e+02 3.732233401840276770e+02 3.404225328638179917e+02 3.530645901843732872e+02 3.053507521076814442e+02 6.899757816802806474e+02 4.228242184021398771e+02 3.302457827528039616e+02
5.938240238607147781e+00 2.181792104612621301e+02 5.602170721969198439e+02 3.391365610842548790e+02 5.518148548279675651e+02 5.348526790922371674e+02 3.332315184521228844e+02 5.116638946735832292e+02 3.045762937944132318e+02 4.548678717902179756e+02 2.822598778113455751e+02 6.901779879494195029e+02 3.293078101366926944e+02 2.458791230476529677e+02 4.070730179667964990e+02 3.922666335439784007e+02 4.035732928530389358e+02 6.053980493184038778e+02 3.461438276859199732e+02
5.988975533997358269e+00 4.403989205967329781e+02 3.470225035991892355e+02 3.419767907406994709e+02 4.249080050247114286e+02 5.219846819281068520e+02 3.928565475080988563e+02 5.735545664138817301e+02 2.553703520759851244e+02 3.068829091590976077e+02 5.190046652407565944e+02 4.172360430814933352e+02 3.204397076135192037e+02 2.319827277159288883e+02 3.770602374446708041e+02 2.423442407902512059e+02 6.618796016679522154e+02 4.139846058510794364e+02 3.164987246410932471e+02
6.511967899637386203e+00 5.199353858745266734e+02 3.806249733051896555e+02 2.624860082755270696e+02 3.861024146448636429e+02 3.743848102493946044e+02 4.742034755235704893e+02 6.342073785985503491e+02 2.246692454932159535e+02 1.525328810255443841e+02 3.568986199570546205e+02 3.160034169328024518e+02 4.024148821847422255e+02 6.561991916317778077e+02 3.560544550641383239e+02 2.627402263016925872e+02 6.226916508424955055e+02 1.279877955656535278e+02 4.382525268343669040e+02
6.175705347823384983e+00 8.618544844251979384e+02 3.126952082116869178e+02 1.571402514188590374e+02 6.337251160381886166e+02 4.924068578469622253e+02 4.371014662757992255e+02 9.980867144667993216e+02 4.515390386301311310e+02 1.551287695420826367e+02 6.042323050341378803e+02 2.266085734908029963e+02 3.536897998944156143e+02 6.385280091402580638e+02 3.781727391310762982e+02 3.331469517475895259e+02 8.028199677372457472e+02 3.954629496638069668e+02 3.034711882955981537e+02
6.343207961672272965e+00 7.603179216363557771e+02 7.305960927550208908e+02 2.206280752397138372e+02 3.963301661548964034e+02 4.008653763361938900e+02 3.344502987023963669e+02 7.125110234319313349e+02 8.003888997187578980e+02 3.053421952948054923e+02 6.118053765780468893e+02 4.102366415978556802e+02 2.744478910536346916e+02 4.589118547750688322e+02 6.436914844307323165e+02 3.682746402243042780e+02 6.989763809381747706e+02 6.258363315887826275e+02 2.972785169104352008e+02
6.448089319097213057e+00 6.273661899559020867e+02 5.408157469705668063e+02 3.336590185990716009e+02 5.802204904865391200e+02 6.411693965622866926e+02 3.560237151560553457e+02 3.406093890568917004e+02 5.998608583511264669e+02 4.556743135703217149e+02 5.952926218306951114e+02 7.715735405004943459e+02 2.387390914272019415e+02 3.170347763117579802e+02 7.869900191590120357e+02 1.462925280555255085e+02 1.592406557347296996e+02 5.329104230103814643e+02 3.428165407884087585e+02
6.290104776681073595e+00 3.853721087706764479e+02 6.509933662490792585e+02 3.348219837310736580e+02 6.689026792811658879e+02 5.656049612677329606e+02 3.153351769439248642e+02 4.448369513295178308e+02 4.217832575354379401e+02 2.201423720847538164e+02 3.477026010201934696e+02 3.636122460202022353e+02 1.250407154140991963e+02 4.606545603615696791e+02 5.197457052505878892e+02 4.522304546300995298e+02 4.202336402522997787e+02 4.573285269770984769e+02 3.112776966487607524e+02
6.254680855432836140e+00 4.438685157977299696e+02 1.768956887904341500e+02 2.954301239893701450e+02 4.310614920497399680e+02 3.919182852071437537e+02 4.337419339839630084e+02 7.786032753752357394e+02 5.066702608798942009e+01 3.228915041042008625e+02 4.806811908064419185e+02 2.744816723964779044e+02 2.829668822441205407e+02 6.286139831610094006e+02 4.431295733126103187e+02 3.479866812486148433e+02 6.270479132604317556e+02 2.377693169212566602e+02 4.414020182345166177e+02
6.418438135641079789e+00 1.856801379033704222e+02 4.460756475606160620e+02 4.375549454414205570e+02 4.923344795144299155e+02 4.700853660941534145e+02 2.611635632490894068e+02 5.189730947515078014e+02 4.356886975949819885e+02 3.466057083389816853e+02 2.536449615300583673e+02 5.130782273256666031e+02 1.079151529962860536e+02 2.747217272991308050e+02 5.545034707663294284e+02 4.715145468694946658e+02 5.130493002950493064e+02 2.733214063261499973e+02 1.899476895521402469e+02
6.002119405779425598e+00 5.148533371281289419e+02 6.976181843126064450e+02 4.211270031517304915e+02 8.731187887608396068e+02 8.322753270317289207e+02 2.753940508932109879e+02 4.753351227598561195e+02 7.494858034353992480e+02 4.793887420290114960e+02 6.907152098475323783e+02 5.037538156428468028e+02 3.825213013460257798e+02 6.913810419547312449e+02 3.904557439409979906e+02 3.662307401960424045e+02 7.004950366171800624e+02 6.489226122170948656e+02 3.624571856127862475e+02
6.372914268056637077e+00 4.308048904655045703e+02 2.035374673032055455e+02 3.041699493435071417e+02 5.897367038357533602e+02 5.069192494641020517e+02 3.117516253741616765e+02 7.960563741552473402e+02 6.707171697406405428e+02 3.780863141951258513e+02 5.347817567439087725e+02 3.185633009959952346e+02 3.187075789080830646e+02 6.276872886249743715e+02 4.539290771510268314e+02 3.665255596327828584e+02 7.746513738216290221e+02 4.760572726175407752e+02 2.337213406225194490e+02
6.166607979316772514e+00 7.342589111054048772e+02 5.199123353782039203e+02 3.655895498500410667e+02 8.628646294161329706e+02 5.089587104225052485e+02 3.155980342964063539e+02 8.640029768513923045e+02 1.891887188581740702e+02 2.688207708375572338e+02 4.840504721133985981e+02 3.240848904143327900e+02 3.384942000308392380e+02 6.958924950391062794e+02 3.391467944917343402e+02 2.783179014783962657e+02 6.328157666454701484e+02 3.836527233478198582e+02 2.238153976011245732e+02
6.401601219732390824e+00 6.904661877161180428e+02 6.650921225924259943e+02 3.864388722064080639e+02 7.538341836618795924e+02 5.709225847768414042e+02 4.260846642748055615e+02 2.192937042732184523e+02 3.671989171372360943e+02 3.224618720656555979e+02 6.928650385570855406e+02 5.163987489551074077e+02 4.419261258708376090e+02 6.284174132402440591e+02 3.223737237861087692e+02 3.395097065585617884e+02 5.817325341019152347e+02 4.470433092981875234e+02 3.745174847743078317e+02
6.264398153367405797e+00 7.853884556755814401e+02 4.531781255980586707e+02 2.756066405188954604e+02 5.022996257569095633e+02 3.243646589929673496e+02 2.025971709962070122e+02 5.566443393766732015e+02 5.683375207943097394e+02 2.795915206716298371e+02 6.506135584135196268e+02 1.662653871855555963e+02 4.136282453757034432e+02 8.411181793218918301e+02 5.094221952007234222e+02 1.354305960011964771e+02 4.831652872339502665e+02 5.665648545359559876e+02 2.973085191570060601e+02
6.305248257941824974e+00 4.915850074399678533e+02 6.799906703823795624e+02 3.253453587434563588e+02 2.627738873716332364e+02 3.236985204276649029e+02 3.633623474450492949e+02 1.974424660330449228e+02 6.996368574036305290e+02 1.483921092604219609e+02 3.816038161529053809e+02 2.683567326864045413e+02 2.873625510439273398e+02 4.733630511900721558e+02 3.282139716146638193e+02 1.502099738670550551e+02 5.852100895448372739e+02 4.700084546045223988e+02 1.676391822436322343e+02
5.982132633875524519e+00 8.242393157948147291e+02 5.519124926788350649e+02 3.199524032368020130e+02 9.443223071959954495e+02 4.501950514099451652e+02 3.538326499762300728e+02 5.982590516706426342e+02 2.888474373091366374e+02 3.085190401935217324e+02 8.617146370708557015e+02 6.230191916169403612e+02 3.763387881493908935e+02 5.292753982325754123e+02 6.139792475553479107e+02 4.112522605726869642e+02 6.247998955548935101e+02 6.554260339291781747e+02 2.318753144791683098e+02
6.196963113247867305e+00 6.126343451154813238e+02 6.456708907906751165e+02 2.537944942424586543e+02 7.044887286146901033e+02 2.058218654006274164e+02 2.113111973803609374e+02 8.539616986578347451e+02 5.308937393419421369e+02 2.945565936470323436e+02 5.001471706678137252e+02 2.335268621498152299e+02 3.135160988050107562e+02 6.991710046778964625e+02 5.858015627405989108e+02 4.312843679633739953e+02 8.060075301340143596e+02 5.113695531073003622e+02 3.569222647543357425e+02
6.372323999151250362e+00 4.269744345597854362e+02 3.441336444035675299e+02 3.888078370957682068e+02 7.575978698865686738e+02 4.174862646303054134e+02 1.682230229229751330e+02 3.655262936985751026e+02 4.064773863326886953e+02 1.248157368540762775e+02 4.444867292992698822e+02 5.471966260642305997e+02 4.146234396463579515e+02 7.769542268455134035e+02 4.588363634469656063e+02 2.834326605937760633e+02 5.174059399473787835e+02 3.524320627677215612e+02 2.102082578070994145e+02
6.444040638079663097e+00 7.354705669477957599e+02 4.423868127289380254e+02 2.743612958586334116e+02 5.425202558602660474e+02 3.242173917429099106e+02 4.551929217884581931e+02 6.032656651772682608e+02 1.847445929381904648e+02 3.725361692675626841e+02 6.106326342757683960e+02 2.946348571144067137e+02 3.827101939103968107e+02 6.624380598829831115e+02 6.826572160257188671e+02 2.632479498961998274e+02 6.713950167087160708e+02 6.025064543618763082e+02 2.540994086329634456e+02
6.219054971512084862e+00 7.164420925466637300e+02 4.561827569819251949e+02 2.496391698888202200e+02 9.193078429994527596e+02 5.461907142356006943e+02 2.988004414226290919e+02 8.796874523987370367e+02 2.574657052507486128e+02 1.630057514352955650e+02 5.194490208291327917e+02 3.742294734742370110e+02 3.852355086571810716e+02 7.556979506542246554e+02 2.833224640547489344e+02 3.244406580736346655e+02 6.507938178191662928e+02 3.719336864473481796e+02 2.300976304907024144e+02
6.157426430086405666e+00 6.537609759040241215e+02 7.885754895038948007e+02 3.727278542429052095e+02 6.170900062598180966e+02 5.433148332995233432e+02 2.631886339175567855e+02 6.944459702834991504e+02 7.078216654035500142e+02 4.277177106327191609e+02 5.873994356143142568e+02 4.124679025082162411e+02 2.406977750851053770e+02 5.315140603316260695e+02 6.037891255427900887e+02 3.307681056875443346e+02 6.737521144131814026e+02 7.169402509071686609e+02 2.997080138036054677e+02
6.351486606840580862e+00 5.528079375398655202e+02 4.577856077944745721e+02 2.712808933612742521e+02 2.543539084532680477e+02 3.313750770582383893e+02 3.323328315978772594e+02 2.717339657887279145e+02 5.122604420863585801e+02 1.687440292542350733e+02 4.048861815715940793e+02 6.241060413861252982e+02 2.641716811315119458e+02 3.082999504029129412e+02 5.006004622140648053e+02 4.950566031551753667e+02 6.950076119052401964e+02 5.373043420356602837e+02 3.460900191294014121e+02
6.196032881482647525e+00 7.973297593519895372e+02 4.390399158744345982e+02 4.040652706874956266e+02 5.803109581888603543e+02 2.501882243670540333e+02 3.360394930412008989e+02 7.072657675403992243e+02 3.220194661900094388e+02 4.387966495271436997e+02 6.826992559895760451e+02 6.801882118764583538e+02 4.079841973861946940e+02 3.409277545225586437e+02 3.904098302726114866e+02 3.663342673296792782e+02 5.630251108745994770e+02 4.807739948293764769e+02 1.445867787800442557e+02
6.159312813288117638e+00 5.556554157651922878e+02 4.891128546998319280e+02 3.060641043318723860e+02 4.395571694787873867e+02 2.894866935982597624e+02 1.626713851211867450e+02 4.667470432604554844e+02 3.200693434275312370e+02 1.702250651069174978e+02 5.827470141489894786e+02 3.135282972825438037e+02 3.443456006910087126e+02 8.254524413369847480e+02 2.215460643357026811e+02 3.189480663203262338e+02 5.746784209884064012e+02 3.107902051582068452e+02 3.530578725358141128e+02
6.506643313552565644e+00 5.550546030092975798e+02 4.924977539819449248e+02 2.831767117840823289e+02 4.494480179353365656e+02 2.074512329377700723e+02 3.551985704130703994e+02 3.906736278241178866e+02 5.641668218780715733e+02 4.856580785045183006e+02 8.097565310557515659e+02 2.901858785025518728e+02 2.767368461934617017e+02 8.193812247672485682e+02 1.847231048610443622e+02 3.212851056867075954e+02 7.321167806741374307e+02 7.264931644731843789e+02 2.383860735419151524e+02
6.602953064410604256e+00 7.477219930115715840e+01 4.083809482564603286e+02 3.555741091748239455e+02 1.308346899656468167e+02 5.181535152160972757e+02 3.068267703065014871e+02 4.178311817549833904e+02 4.493467758482574936e+02 2.001358373264233137e+02 3.446147434710497350e+02 3.458442839708391148e+02 2.999017815274402210e+02 5.204115743490388013e+02 4.305666162050972616e+02 4.162077492419689406e+02 4.387294877629977918e+02 2.182972835536426714e+02 4.416509816343038892e+02
6.604239653939329102e+00 5.350073319837424606e+02 2.088361461381496724e+02 3.722661863351364673e+02 1.418319573679768837e+02 5.004062765590477397e+02 2.657443231649963309e+02 2.912323345629415030e+02 3.385508176891771086e+02 2.671653320400874918e+02 4.896010159107899540e+02 2.802953377476559353e+02 3.537931062079372282e+02 3.786563133196675608e+02 3.639134139742618004e+02 1.859178310738680864e+02 5.828518151629951944e+02 5.750794919116093524e+02 2.843259512283996173e+02
6.417174098136088745e+00 3.719796415589157164e+02 6.324087348942152857e+02 3.989868277565597054e+02 5.745795455784800652e+02 8.245450411378952822e+02 4.761330192335385618e+02 8.074115986403679699e+02 8.589058202482781326e+02 3.725472841281993510e+02 4.854050258345001794e+02 5.516327880483007675e+02 1.662079648416484474e+02 5.027010565008273488e+02 4.967247724513366052e+02 3.204594740712283283e+02 7.698382450004680777e+02 7.760442576227991367e+02 3.678401876318536665e+02
6.050379288863080518e+00 5.622870131822585336e+02 5.966226105730181644e+02 3.671968350129323539e+02 7.182316285334316035e+02 3.887429646876199740e+02 3.062298404344579126e+02 5.534190880086985089e+02 3.686366373348346315e+02 2.149731061677307196e+02 5.388310349961526526e+02 5.981235933078434073e+02 2.108291785564347265e+02 7.167038530798613465e+02 2.722407729833017243e+02 3.183471895127835296e+02 4.060546445414862546e+02 4.984561164112162714e+02 2.074822788075208280e+02
6.394098752322720181e+00 3.769344774646108931e+02 5.593399503993778126e+02 2.823069461361394019e+02 3.813229468414285179e+02 5.473386550895487517e+02 2.820606190145271626e+02 6.574303385366800967e+02 3.486383900062148768e+02 4.386114320821972683e+02 4.803637511367418256e+02 4.681562859666090617e+02 3.647475085511958355e+02 7.342919528024270903e+02 6.968170998130644875e+02 1.961236057469356524e+02 7.075795356259382061e+02 3.021220159791434980e+02 4.363881473099195318e+02
6.600919241323857989e+00 8.644865624739178429e+02 8.741845755205191608e+02 1.856365407264196392e+02 7.134231564389947380e+02 2.389670142921405329e+02 2.611527584432564026e+02 3.813161346889069137e+02 6.488983731459741193e+02 3.248057650981438655e+02 7.433798509088526316e+02 2.829275077638395715e+02 3.755278165978372726e+02 6.450706908397706911e+02 8.172196734388979849e+02 3.132817560047927827e+02 4.970591393934195708e+02 6.435510681820130685e+02 2.427479115996893029e+02
6.072884761824347777e+00 6.631536003643251433e+02 5.382094548056061285e+02 2.644760187143363623e+02 7.212428501762969972e+02 3.652399570207035140e+02 2.724715337145719332e+02 2.816887465926484424e+02 3.181563136012015320e+02 3.631608861930272383e+02 4.437522651176609543e+02 3.519818350569392464e+02 2.653851251672709850e+02 6.232979151234019355e+02 1.432109616261018346e+02 2.686772564897635789e+02 6.379335563219044616e+02 5.782272103322059138e+02 4.258084536275158030e+02
6.617497823501587106e+00 3.912385303012598570e+02 5.782383334945550359e+02 1.986508127063201812e+02 5.100308899270174834e+02 2.803901368823999292e+02 2.586461046321618937e+02 3.242788132430450787e+02 2.407918537993389805e+02 1.691725189369507518e+02 7.919120393150362816e+02 3.272330346521987394e+02 3.461589063330425233e+02 3.745624944337955640e+02 4.960974473413628516e+02 3.384933390554994617e+02 2.696027672929398022e+02 3.850379178008600434e+02 3.623722267196515077e+02
6.184153674720457516e+00 6.253819411798834835e+02 5.793891909012172619e+02 2.818987600907033766e+02 3.661787284973294163e+02 3.254261680599706210e+02 2.807847532105708410e+02 8.038966433245626604e+02 2.688182831270245288e+02 2.835409862309692812e+02 5.631847194023159773e+02 3.311255607468606286e+02 4.172773365245429318e+02 4.395194052503720741e+02 4.410048104862877949e+02 3.541502254100334426e+02 4.427861872931667335e+02 4.354753797585938173e+02 4.003178215211585780e+02
6.416878755145691393e+00 6.211071743482513057e+02 4.402813517338890392e+02 2.945682567701140897e+02 6.173532574168663132e+02 4.976582978998702060e+02 4.091932826492914046e+02 5.061922145549683023e+02 6.884760345600697065e+02 3.737686469766811115e+02 3.471501403374101073e+02 3.389351195744910683e+02 3.398784959740633553e+02 3.232379141588507991e+02 7.523702976052720715e+02 4.475999179700821742e+02 7.153639392623175581e+02 6.722253404869375117e+02 1.897657975778406012e+02
6.370542375492619591e+00 9.534060756448100165e+02 6.355271122180063230e+02 3.155168310270560710e+02 8.822381022173226484e+02 6.152241672806426322e+02 2.586393944671737017e+02 5.103661573311727011e+02 8.184373136451442861e+02 3.889012153949757931e+02 7.666564054113162001e+02 2.585705450331972770e+02 2.634118917744536361e+02 6.142907657694472618e+02 3.868419875898772489e+02 2.991497681199420526e+02 5.715522927176061785e+02 5.018495020561639421e+02 3.372428174591600509e+02
6.228082301638204754e+00 3.017869809515378279e+02 5.189263452812064088e+02 3.482707638167161122e+02 7.002809962765395539e+02 2.989796434352356869e+02 3.674156486558750885e+02 6.279388478787994927e+02 3.812218161395198308e+02 2.019535138291747103e+02 7.080933702028925154e+02 5.329518600291662551e+02 4.497467636542847345e+02 4.250369503640866355e+02 5.279201264080293186e+02 3.436726724897495728e+02 3.521888609484046242e+02 3.652015993987097318e+02 1.894362316380778566e+02
6.274688027457040462e+00 6.016839986788631904e+02 4.529739504448439220e+02 4.114075296488610434e+02 4.663719960065047871e+02 3.609320757476105541e+02 1.754134398412070368e+02 6.403242546753227771e+02 2.838407449685222446e+02 4.124948046454218229e+02 6.491330292320152466e+02 4.562021608433183246e+02 4.923400599392771824e+02 7.330028426770342094e+02 3.822671455582878366e+02 2.904906637903378623e+02 8.424246760323190983e+02 3.846731981407033345e+02 2.344835907030511635e+02
6.089940800312487745e+00 8.873122855375530662e+02 5.196053851523599860e+02 4.724189716367540655e+02 4.708389299621197210e+02 4.938834925449856428e+02 3.253954757228075323e+02 9.132686233035906298e+02 6.515762012687831657e+02 2.658038226005459705e+02 7.550057102908366460e+02 3.471039610443493189e+02 3.953755075651451989e+02 5.946867376678196706e+02 7.533752428077054901e+02 3.082391931574152864e+02 5.205967094395158483e+02 3.719995167098633715e+02 3.182756394792198762e+02
6.545897504223121111e+00 5.237796641395561892e+02 4.801132774220243959e+02 2.718583052491799776e+02 4.016873589523823966e+02 3.373628616005721028e+02 3.975609042952596042e+02 7.611313594813477721e+02 3.713506109562284223e+02 4.605526517463258074e+02 8.594044020143786611e+02 2.940563568136286108e+02 3.031984994851167698e+02 7.505978548667558243e+02 5.424080654195601028e+02 4.300949325793428102e+02 4.933106225017500606e+02 6.352032921029634736e+02 2.875158818403571104e+02
6.633396974816743175e+00 2.669996011986813187e+02 5.691305051862341315e+02 3.921259229693808948e+02 7.475138405620915591e+02 2.944157015455184023e+02 2.802906905024809703e+02 2.846966046149328804e+02 4.209488062836915674e+02 1.290605062870639586e+02 7.018752343266089611e+02 3.329200379224176345e+02 2.028819699073800962e+02 6.288881605587888544e+02 5.144088881771150454e+02 3.278810932113591434e+02 2.769477793201093050e+02 2.465146983596183645e+02 3.910040399458970910e+02
6.115350617792108423e+00 5.870687654173162855e+02 4.517668694178752844e+02 2.844331689221925785e+02 2.952772526808455495e+02 5.412328856503822863e+02 2.893240535949650507e+02 3.649732275163992767e+02 3.319341227492635085e+02 2.456910514541721682e+02 4.275376293111326049e+02 3.955268052882954635e+02 3.812464108611640654e+02 4.342237747666363816e+02 6.834162981352899351e+02 2.970375975278435021e+02 6.265999667215348836e+02 5.537348099022801762e+02 3.757007702889397933e+02
6.679269762271966115e+00 7.842277443118393876e+02 2.413098283639402553e+02 2.789748951229287286e+02 2.375836041237479321e+02 6.989825072436419759e+02 3.797111986182192140e+02 3.798386012356411356e+02 2.869149256955522560e+02 4.655293325556486934e+02 6.911830232965859295e+02 6.502294503270437644e+02 3.062197471202471206e+02 2.590196460008477857e+02 4.642846276835741719e+02 1.811480909802459962e+02 2.541490077638057414e+02 8.291332908975025475e+02 4.337667395913100563e+02
5.908833384138463707e+00 6.812468308781622000e+02 2.757010015444456030e+02 3.306064307571582503e+02 4.663438966285604010e+02 1.507094262463353687e+02 3.163901191250541274e+02 3.726425968797529436e+02 2.699660376748641966e+02 3.665111579243148299e+02 7.535737611983063289e+02 1.851353347393473996e+02 1.497962868959687341e+02 6.566337221645657110e+02 2.036626941749137245e+02 3.427478128232915537e+02 7.205746467075922510e+02 1.820396034141851374e+02 3.759267344662424648e+02
6.305487391769016625e+00 2.296007254583204258e+02 6.372151371321443776e+02 3.442369180181633510e+02 3.535257615345998374e+02 3.195631826219489540e+02 1.940774319231818197e+02 6.228970596227175065e+02 4.480164287064649784e+02 3.735876360008786037e+02 2.657702286114206913e+02 4.989377797590984756e+02 3.816590455754910067e+02 4.301302302142621556e+02 4.708247812622932997e+02 2.396721241508873277e+02 4.517311342599090267e+02 3.976943502523385519e+02 1.369906028323268856e+02
6.440378990323651465e+00 3.203623679034474208e+02 4.973530572274312931e+02 3.603564026969569341e+02 6.097798137104925900e+02 4.298513353406153783e+02 2.844995472391864269e+02 6.561034098979190503e+02 3.308443172354424178e+02 1.487166922857518330e+02 4.688776801168453972e+02 7.137930300999096289e+02 3.880289669895422549e+02 6.745359649668686188e+02 4.825301813032305631e+02 3.506940513679267042e+02 5.891619625394895365e+02 1.665985734689818969e+02 2.341457319507596821e+02
6.681307556515850621e+00 2.223091745127688910e+02 4.715060676310152417e+02 3.776697664996044637e+02 6.910920755606935018e+02 3.493417713512336604e+02 4.251733617130907987e+02 5.610800774653801000e+02 3.604437103810657277e+02 4.183421198207666976e+02 7.069909175858298340e+02 4.391344524061155425e+02 4.891101107762513038e+02 6.574199130991300990e+02 7.908151428808666878e+02 3.699513598987231262e+02 4.566995079281183507e+02 2.295840402709654029e+02 2.584829910452133959e+02
6.541192658441457475e+00 6.812641468329792360e+02 5.752089186929509879e+02 3.507987958439562135e+02 3.271304820963471229e+02 6.106674901269807378e+02 4.481909625841367415e+02 7.327028201118229163e+02 5.956096305654912157e+02 3.752692693848915724e+02 4.731105263059481558e+02 2.415480792854567653e+02 4.108907017958074448e+02 7.060452573671736900e+02 2.690874382195386261e+02 2.520155435115353271e+02 8.004267093040339205e+02 5.938450790163465172e+02 1.741242193800597420e+02
6.117763954026323781e+00 5.631027159008965555e+02 6.437759014227650596e+02 3.424789231400653762e+02 4.102970505923157134e+02 5.633596409855776983e+02 4.207365912802844150e+02 5.153449903957405240e+02 3.169019728913359017e+02 3.493064438466179809e+02 4.096782489584460336e+02 4.654936370692353194e+02 4.375488957292731698e+02 6.815250787469339002e+02 5.216855621229196913e+02 3.601530443087510207e+02 3.833302628897757245e+02 7.705492286610578958e+02 1.916458452778136916e+02
6.176814236459766683e+00 3.823565834168374522e+02 7.795070174911058984e+02 3.779977625999256929e+02 5.878621573427458316e+02 3.558970885732585430e+02 2.400611367545902795e+02 5.203364450865776689e+02 4.226603579382106659e+02 3.433782194383626347e+02 5.740462707139815848e+02 5.391217480951294192e+02 4.153486033154607071e+02 7.111072460964608126e+02 5.964806882245567294e+02 4.283080749883333738e+02 3.900293010064125383e+02 5.480520804121995297e+02 2.350577764971179988e+02
6.538008947227439194e+00 3.218187320377174956e+02 1.390921368880623277e+02 2.374397599681957161e+02 6.091433348241076828e+02 4.113216962466203199e+02 4.207803467669770612e+02 4.050796985743929781e+02 1.221041785028238849e+02 1.309086444771170363e+02 4.174243298633773520e+02 1.700591990863544538e+02 4.176601434660402106e+02 6.182926410388975000e+02 4.872922846408959003e+02 2.592053919387529959e+02 4.466172076609938699e+02 1.971222600370189753e+02 4.074998175532297751e+02
6.196842480516840723e+00 5.209527547003237942e+02 2.645273185123597841e+02 3.935167164541960574e+02 1.834504072906063357e+02 5.411896053675206986e+02 2.913026743159606440e+02 4.725783963241134416e+02 3.656512243030730360e+02 3.383964819355410896e+02 5.622156924033239420e+02 3.941458564021872917e+02 4.616184281364418212e+02 5.646282670745256382e+02 6.238495255830471251e+02 2.865388042136132754e+02 3.312682629216187706e+02 4.828928235395543993e+02 3.960521994920026145e+02
6.245053663918433529e+00 8.084360993398761366e+02 4.058388073209447384e+02 4.529065114331101540e+02 8.861482335762632374e+02 3.567965219511187911e+02 1.424318826463414496e+02 8.135790846931361102e+02 2.590216740706026144e+02 3.984144004579823104e+02 9.204134002350128867e+02 4.209408167753469456e+02 4.172692109538473346e+02 8.126486238980787675e+02 5.683702754906014434e+02 2.963758303861901595e+02 6.184030373930131645e+02 5.832727866037565718e+02 3.812496729286132222e+02
6.342308044312600757e+00 4.936993001866696886e+02 6.588374980118857138e+02 4.856461209614910786e+02 5.141036319345159882e+02 4.871635671949181869e+02 2.404731662265527063e+02 6.573836733576828237e+02 2.708997487291132416e+02 1.699517438597363252e+02 6.181916221666078854e+02 6.174099964683039161e+02 3.545829475852250425e+02 7.949661511712024549e+02 3.420730014118639701e+02 3.497288760727009844e+02 7.396921776588374087e+02 5.290315938442654442e+02 2.918419245441467069e+02
5.977071211683188778e+00 7.077799432821776691e+02 6.829441995431079704e+02 2.972452396801626264e+02 6.936629622941334219e+02 2.715465898362375583e+02 2.332817562926761639e+02 3.798051121521517075e+02 6.309740047266852798e+02 3.782658337339527179e+02 5.634377272466348359e+02 2.210834891009793921e+02 4.137729130196623260e+02 5.241588589209543443e+02 4.900253025852003930e+02 2.630113584972879721e+02 7.915615737304411823e+02 6.279744838738060935e+02 3.426940539593362018e+02
6.066701769388919807e+00 7.983760949958877973e+02 4.460363902052995400e+02 2.592487723404038888e+02 7.935325161173586821e+02 4.712717897537679619e+02 2.706449075015166272e+02 4.362397719571092694e+02 5.462999473182187558e+02 1.747215714955349881e+02 6.026892697957056271e+02 2.929551102773865523e+02 3.102064345712162208e+02 5.884581788706292400e+02 6.222797888288625927e+02 3.555850931612365002e+02 5.352619370901114735e+02 2.801201391093420625e+02 2.767091240348916017e+02
6.573340689909105805e+00 4.909060757670779935e+02 5.916387473995333721e+02 2.852442513819119654e+02 6.296566374636214505e+02 8.684464632359402003e+02 3.293172334406276605e+02 6.655226611729976867e+02 7.100892059752218302e+02 2.676833860067512205e+02 3.692627758316644417e+02 4.463610621771587716e+02 1.089288623318377773e+02 4.775864730803325529e+02 1.943288563749932791e+02 3.716531505815762557e+02 7.771880940936074467e+02 5.798776541788955683e+02 2.866286391991541223e+02
6.173043464721423845e+00 4.946938786111979311e+02 3.838220439221564675e+02 2.328234326649396166e+02 4.750410534968449383e+02 4.632312627800282030e+02 2.089863156130975312e+02 6.375834175385916751e+02 6.509595250964898696e+02 3.476186053250648911e+02 4.717648807195873815e+02 6.912992717878996700e+02 3.048389497580927241e+02 7.642161333718212290e+02 3.647047334917081685e+02 3.063680304439124029e+02 9.011556328502277893e+02 5.532546109836773667e+02 2.167394843644834452e+02
6.117184551759256905e+00 9.155146118115351328e+02 5.191117625712777226e+02 3.897538403316341942e+02 6.696596560342192106e+02 4.683887253790513228e+02 2.314825538616497624e+02 5.042689448104478629e+02 6.236728931435877712e+02 3.101712986309539701e+02 8.107188369606452625e+02 5.774944269387370923e+02 2.808973988866842433e+02 6.013791064513101219e+02 5.471084411171648298e+02 3.993427359017376830e+02 4.884173993244961594e+02 4.931464236560140080e+02 2.358379251406942956e+02
6.366644720274415192e+00 4.759808670374010262e+02 7.783784942352705229e+02 2.367903240222711361e+02 7.099731172283559317e+02 3.570651743491459911e+02 2.269936642077815350e+02 5.131331549472259894e+02 5.988137256528309535e+02 3.155530514011421133e+02 7.552923344343384997e+02 3.931333407677892637e+02 4.406205080406859906e+02 6.357588822162189217e+02 3.988527088254331261e+02 3.055574445115996696e+02 4.267764082142696793e+02 7.018868116798308847e+02 3.568782026861821350e+02
6.237280825967558506e+00 7.045065055969062087e+02 6.441120101894840673e+02 2.674177639448026866e+02 7.540588237827170133e+02 2.984921107042467270e+02 2.048605943910404790e+02 6.665023847786153510e+02 3.695384347946022103e+02 4.260565655444833055e+02 7.553381753424019962e+02 3.609743997589877154e+02 4.179442080125002690e+02 8.483249669243443805e+02 5.332612062336479539e+02 2.245484213774826117e+02 4.421195612308738419e+02 5.255329579570924352e+02 4.312939773051096495e+02
6.024466935284773506e+00 7.149180282658760461e+02 8.092248987176493529e+02 4.661930321070894934e+02 7.562077613014894268e+02 5.796986458916350102e+02 2.793520574607172193e+02 6.045516397567881768e+02 5.611976292821725565e+02 2.606980465532399762e+02 7.966196360698464787e+02 7.810232646160753802e+02 4.099796701808734838e+02 6.665882157559276493e+02 4.876551723245514154e+02 3.470764618801177903e+02 5.258278955394638388e+02 3.904433919808441260e+02 3.475575747575194328e+02
6.381274626591112664e+00 6.961913245749040016e+02 5.265998224633142399e+02 3.509759103379096246e+02 8.173942469410468448e+02 2.757833675423453883e+02 3.633855654107532587e+02 7.604037971539796672e+02 3.895512958993907660e+02 1.833240795042937918e+02 4.588821968472446997e+02 2.458367204513820639e+02 2.084111669978924226e+02 5.559771346349691612e+02 1.360180879125952913e+02 4.983390188420983691e+02 7.088242612940316576e+02 3.653966479404643906e+02 1.909145629794152796e+02
6.381689703721619367e+00 9.749284480284518395e+02 2.197041747106737830e+02 3.074690356735309820e+02 9.757519159804603532e+02 2.365014329748396733e+02 3.718963566629315096e+02 7.642692900137928973e+02 1.293197071940651313e+02 2.092319675635966973e+02 9.105436324420334131e+02 2.960122191124326605e+02 4.898892978751463261e+02 5.824108505483577574e+02 3.364287898865226225e+02 3.386564259196646844e+02 8.821498547247290389e+02 4.367714701759954323e+02 1.907326780243478197e+02
6.654658901420135386e+00 9.416769040721581518e+01 8.165572535626205308e+02 2.312795788593930979e+02 3.982763016042764548e+02 4.976220017117194629e+02 3.523765644828277459e+02 4.219657556777503942e+02 6.037803540072050055e+02 4.884666650119709743e+02 5.683880117454832543e+02 6.034615806474323563e+02 4.033411155140623805e+02 1.604011495144926016e+02 4.010005752507262287e+02 4.088961649078980827e+02 2.406711985438574857e+02 8.910574464962339789e+02 4.544105253943034199e+02
6.262693883643104087e+00 4.033252820357614610e+02 5.280172470742013502e+02 2.614389565369032766e+02 7.473879579800731108e+02 3.201727963404044885e+02 3.571102048953114263e+02 8.835979863441637008e+02 2.686701605643472135e+02 4.241664127121175625e+02 6.999607612833921166e+02 3.666659386851886779e+02 2.576007201805441582e+02 7.122876767624550212e+02 1.579567177417492303e+02 3.709930024122345458e+02 5.798479631648310715e+02 6.335420528542912280e+02 4.131288856444230078e+02
6.029624191444662884e+00 7.058720065345071362e+02 5.781180282554137193e+02 2.712337735392051172e+02 7.617893201804378123e+02 2.981452204761429243e+02 3.029320351927315755e+02 7.261975862834450481e+02 1.525291014846730491e+02 2.329758876623425863e+02 3.692084871675916702e+02 4.150172837182261674e+02 2.517818398841948238e+02 7.335909447014392981e+02 3.226267022059612941e+02 2.519541783334922798e+02 7.627089980840719363e+02 2.827460624239385538e+02 2.312704008076959781e+02
6.237659756330514504e+00 5.119115426497551766e+02 1.755535977104431140e+02 3.672741132854731063e+02 2.927033344445262628e+02 3.345011649554494397e+02 3.356589008637312190e+02 5.369671418380887644e+02 2.458067891181314337e+02 1.543897767827584744e+02 4.226399848068344909e+02 2.316604705757695797e+02 3.718021196387330747e+02 5.946454337578597915e+02 5.274383649756131263e+02 3.075415305649239031e+02 5.833495335395473376e+02 1.461053787234477284e+02 2.016102483082046319e+02
6.476445265593338441e+00 4.857841007371437740e+02 8.756270079233768229e+02 1.754744598451862316e+02 2.343884249585171347e+02 5.179778474429315338e+02 2.048628004665195022e+02 5.788596270083130548e+02 6.005920624764762579e+02 3.169333754040022768e+02 3.762110549197992100e+02 7.113705174783746088e+02 1.231139749524532618e+02 5.193990251299665033e+02 4.171265768838911185e+02 4.067139598873089881e+02 6.135354752892467332e+02 5.488319582718399943e+02 3.540135773766934904e+02
6.026233970769711235e+00 5.751094566117712930e+02 4.290042416861625725e+02 2.828115937470020071e+02 7.296773971658450364e+02 5.812170246354884284e+02 4.285933538452463836e+02 5.472877234877522596e+02 3.531203432889822125e+02 3.513508574139434586e+02 7.656793347248011514e+02 5.300695834413264720e+02 2.367975177122135619e+02 4.804248820431570834e+02 6.095216106397215299e+02 2.263141185250471494e+02 6.481982912397229484e+02 6.003401837921705919e+02 3.313520782708636716e+02
6.177363999615417711e+00 8.649392138597165740e+02 5.241494530552341757e+01 3.650762208308665890e+02 6.122610439555970743e+02 2.665569063291444536e+02 3.281770033173322076e+02 7.206851104331990427e+02 2.218178532139122012e+02 3.869320879099910258e+02 4.652709029203238060e+02 2.504311174548403471e+02 4.292575612882660039e+02 5.585840287429782620e+02 4.168147855241893467e+02 2.887446919956491342e+02 6.969420883661937296e+02 2.745820262396986209e+02 1.481452442108507057e+02
6.554620057272009248e+00 6.036293306151620754e+02 6.922533753361369691e+02 3.149529995395079141e+02 5.657287480433510609e+02 6.071720414489199129e+02 2.206820620771716790e+02 7.085770203410695558e+02 2.338297926935056807e+02 3.420478182541563683e+02 6.967965234477529748e+02 3.319392280377339830e+02 2.915770306007836439e+02 1.131343544560592136e+02 7.979273631381601035e+02 1.218094447607563495e+02 8.370855926328839587e+02 1.152058308318125057e+02 3.091870022890877863e+02
