6.899002306906631077e+00 6.727936385130082044e+02 7.738180335683257454e+02 2.850330788189506279e+02 3.225712566190845223e+02 2.955932469158377671e+02 1.982807518228944161e+02 2.936820182173035505e+02 4.329060718774902625e+02 3.226933832598077743e+02 3.657378920042095842e+02 2.516676862615997265e+02 4.076378262717635153e+02 1.049647641531433351e+02 8.792456860155973573e+02 1.935847439942069173e+02 6.856174004034819518e+02 3.147759550633448384e+02 4.081558104057286869e+02
6.823557918646215192e+00 7.161655533579556732e+02 3.615523820013393106e+02 2.865155595521320038e+02 4.633329667321506236e+02 8.449302635619490047e+02 3.016274845938577300e+02 1.811232991940624970e+01 7.808972476852625277e+02 4.145280069274142534e+02 5.580762342760631327e+02 5.994854045504779378e+02 3.640443475286581929e+02 3.440353367411607906e+02 3.783954496767038336e+02 4.403892608818416079e+02 6.028417976574482964e+02 1.214689063761312013e+02 1.986564004293342691e+02
6.688040569452652129e+00 6.434792248230230598e+02 6.879601171650690503e+02 3.193059351479622592e+02 6.120298646402102349e+01 2.052429537965380177e+02 3.715778076879721539e+02 2.691814222514820472e+02 1.321670869632268079e+02 1.848473641514008250e+02 6.836766322990745266e+02 2.109397041341530041e+02 3.397644954034245757e+02 5.799970237623402909e+02 2.666124456289926457e+02 3.505358573876592345e+02 6.042543819870326161e+01 7.679143774735911165e+02 3.866870997021704852e+02
6.874236337732926749e+00 7.718154568099141954e+01 7.542799139213187800e+02 3.593651988256156642e+02 5.403035391251436295e+02 6.985949616478254711e+02 3.509284609237283803e+02 7.224162149342930661e+00 3.867849521521824840e+02 2.906125247873827107e+02 2.574213161469070883e+02 7.174778429295010937e+02 2.194299425288076293e+02 5.667422332295323031e+02 4.324961728060317228e+02 3.673942090473211692e+02 6.065485699140729139e+02 8.349047403425979610e+02 1.809658175370443587e+02
7.088292887883548943e+00 3.398355294670308808e+02 6.066272385874127622e+02 3.317383998889158647e+02 4.644171287306979821e+02 6.532715064413670234e+02 4.836883789115402692e+02 8.497428029220019425e+02 7.961865568136945512e+02 2.238206925410883912e+02 5.667865432145134719e+02 2.041722079959686766e+02 3.731090801389177045e+02 8.747505076770488586e+02 8.774307600888056413e+02 2.341046540258417110e+02 6.457251117020459787e+02 9.494788133021428393e+02 4.605652551323731245e+02
6.702653177214717317e+00 4.620055111386382123e+02 6.233430018481844854e+02 4.262701829330994769e+02 6.421646945675422558e+02 4.505656509938262957e+02 3.955895834674078628e+02 4.865501353745827942e+02 4.421277783084636326e+02 2.023172456966126731e+02 6.206870426085852159e+02 6.669624512673468644e+02 3.129992896950166710e+02 7.792914205354369415e+02 3.327945228757815812e+02 1.434617724451336187e+02 6.246785367404946783e+02 5.100455360363718569e+02 1.767626756226288762e+02
7.126640322995131172e+00 5.480231559193473458e+02 6.425370939551650054e+02 4.528590011796978274e+02 5.429887580910789211e+02 2.491705231508477141e+02 2.118332171859758546e+02 9.067052271207597869e+02 5.038508073890950527e+02 3.232305750794351979e+02 2.573129077278133536e+02 9.039876956714351763e+02 3.965083373486758092e+02 6.347029477695804189e+02 5.718010575928785784e+02 2.246199386902086417e+02 3.982863938402065287e+02 7.562756757269653463e+02 1.843891743439899642e+02
6.624364944675833478e+00 8.020955586104917074e+02 1.345041574363223162e+02 3.687628721032705812e+02 3.806204470003158349e+02 2.029508972423212185e+02 2.753580035474508350e+02 1.740630302457323353e+02 3.849979148583698816e+02 3.859682780290227697e+02 6.019169617529345260e+02 1.607521904061911471e+02 2.713479487600523044e+02 7.623861455459270928e+02 2.361536459694904693e+02 2.216531374517802817e+02 6.624870726605809068e+02 7.405350754228099959e+02 3.929232035968047398e+02
6.886514014874131284e+00 7.618728339775552740e+02 7.202537988081046478e+02 2.457730024774965045e+02 3.085770331693694288e+02 3.089085919144741297e+02 1.893714854150474594e+02 4.518547929941885286e+02 8.182458661869179650e+02 4.612885235918641911e+02 5.916799533170343466e+02 2.361939997150078625e+02 1.981671717731393016e+02 6.903941465774189510e+02 2.535800434765303919e+02 3.142486191795747459e+02 4.549960457250559784e+02 8.191425789796852541e+02 2.640106587564037568e+02
6.913108299951462143e+00 2.262601333026563566e+02 3.215232197552854814e+02 3.618818622448411588e+02 3.888890541591192118e+02 4.520971038315161650e+02 3.135360744321535549e+02 2.010754534751748679e+01 5.747641137252492172e+02 2.931706758607103893e+02 5.370717376093441544e+02 4.907358429336887866e+02 3.525873930549231545e+02 1.925409563314172487e+02 9.627898854718015400e+02 1.926551171911860649e+02 8.446818656399353813e+02 2.830895950246409711e+02 2.853061994882553449e+02
7.063636153016505048e+00 1.052226973351014720e+02 6.046097240574088119e+02 2.740230441019095338e+02 7.776997068968446456e+02 8.139610291657568268e+02 3.387367668064303530e+02 7.711090212557111272e+02 2.440362114399141547e+02 4.319287083586967242e+02 8.975557541592137341e+02 4.270640444178403072e+02 3.810738941899355154e+02 2.409718137540357645e+02 7.628862374532067179e+02 4.546787860159817569e+02 2.182721213613145892e+02 2.282872808628859786e+02 2.193653753909825355e+02
7.090911644344163989e+00 6.873579797627482613e+00 2.340596534258250472e+02 4.624469222076966730e+02 7.415055632104010783e+02 1.478405421969394524e+02 2.249988807006772618e+02 6.358599912472433289e+02 4.254057594425123625e+02 3.705171755771746120e+02 4.768251769734611685e+02 4.502520137128033184e+01 2.629576868339591442e+02 6.112258850131586314e+02 5.866466199548237910e+02 1.865346616117709857e+02 8.073576567577053993e+02 6.509372667459583681e+02 1.362077536988625468e+02
7.008195903055986165e+00 7.983445413903973531e+02 4.460256895818411635e+02 4.108948922880222199e+02 8.922728526210117934e+02 7.991350930360353004e+02 1.664764608917873829e+02 5.480147108042681339e+02 8.076417277935514676e+02 1.216206928224374479e+02 3.433520606089112448e+02 8.975757012965013928e+02 3.655048796596848888e+02 7.008174419111068119e+02 5.353178565567749274e+02 4.463538913479505936e+02 7.770260529669837979e+02 3.484924279770831390e+02 2.660666508109177926e+02
7.049150043313204606e+00 6.451383480173446969e+02 8.571031622981537339e+02 2.229790295595257987e+02 7.774239371844660127e+02 2.755158967427844914e+02 3.083512550923456956e+02 7.238590086897306719e+02 9.506378404707862728e+02 1.754047455316915602e+02 1.174966652815716088e+02 6.522183569417954914e+02 4.661387729182971498e+02 5.443444791966895764e+02 8.353766574608878273e+02 4.752271173286130761e+02 9.440431138519687693e+02 8.784972114993288415e+02 1.346439720163636480e+02
6.628985142545082532e+00 2.924848460916188060e+02 1.683122812063061247e+02 2.587125592663252860e+02 6.580654702102767715e+02 6.913471201574106999e+02 3.433688002700114907e+02 8.842707099813509330e+01 1.509164954386710065e+02 1.447080852469147203e+02 1.454332839732110756e+02 5.873958321148078312e+02 3.018110153437104373e+02 6.292023257648558001e+02 6.320267937260325652e+02 3.208881781724367102e+02 7.118850537781409002e+02 5.128649814817144943e+02 3.461161044023592126e+02
6.728361673312713620e+00 5.786744690760116328e+02 6.701341315604046258e+02 3.146058158145024208e+02 2.413269127334692143e+02 3.693241843799744970e+02 2.133797333556436797e+02 4.385403970090879966e+02 2.363352018880509604e+02 1.564787676039906330e+02 3.574269628037337725e+02 6.365233266271131924e+02 4.000237824088263778e+02 1.863031296537981234e+02 5.126221016783919140e+02 4.558290952047183850e+02 7.270295966739959113e+02 2.206524600688507007e+02 2.718008097049820435e+02
6.706656598573463413e+00 8.015884733310189176e+02 3.449096636004437073e+02 3.679422697037738317e+02 1.759519129937658590e+02 7.804911876192982163e+02 4.376932677154012481e+02 7.480959262470187241e+02 4.274297694903754063e+01 3.682105192657853081e+02 7.939598327991103588e+02 2.621551138575183586e+02 2.593929363557679153e+02 3.092179445410753402e+01 1.933176072601985709e+02 2.461813495745973057e+02 7.520733807839509382e+02 5.955913762953746300e+02 3.291680472985112829e+02
6.950480376744474498e+00 7.428768305030749843e+02 6.672298116433680661e+02 1.586430836409548988e+02 5.102595103263095098e+02 6.051868065486150954e+02 2.785012216918321997e+02 7.438394899500082147e+02 6.869542133746051604e+02 3.703644944478023717e+02 2.869750303706202885e+02 6.085394538841843541e+02 2.458413817249261797e+02 9.492414119575438463e+02 8.172156602335481921e+02 2.373873797330768696e+02 4.237993734138069044e+02 9.003425949048476014e+02 4.872361543923404383e+02
7.081383932264825987e+00 1.335391785662083350e+02 1.575770520980235290e+02 2.739976197776830418e+02 8.255658364129076290e+02 2.117592054370950336e+02 1.910527823566371808e+02 4.661352762801653853e+02 9.991699765141535181e+02 4.522341174897977112e+02 3.767573450627349416e+02 1.228634983373140273e+02 3.553391405095378559e+02 7.910464044181489953e+02 1.201932817598351306e+02 1.519827738563157595e+02 7.198107013404746795e+02 1.225897087042015983e+02 3.471152421548705433e+02
7.115501743334966989e+00 6.962142192984408666e+02 8.208963478247035255e+02 2.098344480579648348e+02 3.264346717376166112e+02 2.768106779348527766e+02 1.210626337835290656e+02 7.085922333298512967e+02 3.742337717447835530e+02 3.078795879365506494e+02 3.311430296663129411e+02 2.606287861647604132e+02 3.972621343348724849e+02 7.305391166415692794e+01 8.517905593723664879e+02 3.500399432138353859e+02 6.703171356851953533e+02 9.556862043310493959e+01 1.905463260408869246e+02
6.899631529460500623e+00 7.793435609822230390e+02 3.158444165209714356e+02 2.843964241790922642e+02 2.101530404949799049e+02 5.705644499267997389e+02 3.956259448272011241e+02 7.926185025799254618e+02 5.201890952026209334e+02 3.758569248105333145e+02 6.588977494385040927e+02 1.660400181638808021e+02 2.419439884165522585e+02 3.283862936630771401e+01 7.515379051642929653e+02 4.868715948805299263e+02 5.857487580835964991e+02 7.019826018630690214e+02 1.113657985375531041e+02
7.138022714798277768e+00 6.333670602779332057e+02 6.682796636643408874e+02 3.801318594984251149e+02 4.879071227640063171e+02 9.526212668378049386e+01 3.600149000036923326e+02 8.540502902937853946e+01 2.674533205356909775e+02 3.626904283644342968e+02 7.392802578912790068e+02 8.683371283383950185e+02 2.725314347830908446e+02 8.117737187546746327e+02 9.177931646906588412e+02 2.459311363744990331e+02 1.577890058804734679e+02 9.500388129638308783e+02 4.958120312179322582e+02
6.907584181729800932e+00 5.804387247522558937e+02 3.741629368239820792e+02 2.526286137431112593e+02 6.333338681412968754e+02 6.554397366461272441e+02 4.052884961988521013e+02 8.411886186987394467e+02 3.936801095052921937e+02 4.147768452363120559e+02 5.730708207085123149e+02 5.023603756161288629e+02 4.101927102317662843e+02 7.672144208039933346e+02 8.197977377556181864e+02 4.709157802092436214e+02 1.422899001512933808e+02 5.770610092459303360e+02 1.188785413103933308e+02
7.032509780290763679e+00 1.738183147513883000e+02 1.028027804645875705e+02 1.851544538774296029e+02 2.828365132619628071e+02 5.171229813868014844e+02 1.923316501348869849e+02 3.716926381212014689e+02 5.420703474953614887e+02 2.080912843355579867e+02 5.535330210990044861e+02 2.783118145357980211e+02 3.529511809536145392e+02 1.436906548730590885e+02 9.170114266258522662e+01 1.541074364113977708e+02 3.333220419674465518e+01 6.156849758146192926e+02 4.175846324729377557e+02
6.990189226165244740e+00 7.660527799003640439e+02 1.478178318335510539e+02 2.846463362224740763e+02 1.304720327759522434e+02 6.961986394483665208e+02 2.448867278744991438e+02 8.778238777326175750e+02 1.642876648151365657e+02 3.176611300400508640e+02 4.072661174160351720e+02 4.012718878375179088e+02 4.917514260671269994e+02 5.289968974013480647e+02 7.406036217427207475e+02 4.008508254178726133e+02 2.755531370572448395e+02 4.832189540254381086e+02 1.624487996871146720e+02
6.814425104195165339e+00 5.632288953508998830e+00 5.200097106540097229e+02 2.446296435408626166e+02 6.558770585266690887e+02 3.350860566530336087e+02 3.493691455572242717e+02 8.792102215029829040e+02 1.872193654327908519e+02 2.048828337874688543e+02 3.196904891945134750e+02 5.617027046162203305e+02 4.181439995397893767e+02 1.982054468724765570e+02 6.933004795437864232e+02 3.120879681856699790e+02 6.815688404323969962e+02 1.496408139321382862e+02 3.683959387425901468e+02
6.857611056795581916e+00 4.898730705735617335e+02 7.460324573482553205e+02 2.958530016019812479e+02 1.206515243982408947e+00 3.345855067488491841e+02 2.337564356648965429e+02 5.569923273972779043e+02 1.736590022209751396e+02 1.975547795054545190e+02 5.911963919556847031e+02 1.035164003323850181e+02 4.300165221054024869e+02 5.588234815234956159e+02 4.884458835115094644e+02 4.789837551812090624e+02 6.391649635172072976e+02 4.823456709383380030e+02 3.505208277642452686e+02
6.837369625436153342e+00 3.876609017829819663e+02 1.875606259943398300e+02 3.360815914782194227e+02 8.091857219289988734e+02 3.595685614404505941e+02 3.188046317418247213e+02 1.400264149690587772e+02 3.676602047111429670e+02 3.920085419193493976e+02 7.300990461034703003e+02 4.977037397026800818e+02 2.110170156320196213e+02 3.812111343295856614e+02 2.358318035746125929e+02 1.761353429143863991e+02 3.468175400565338578e+02 9.835037480449977920e+02 4.738994944504963200e+02
7.078327720014942592e+00 5.933654021063144910e+02 6.482040512355396231e+02 4.805640113443918153e+02 5.832196970398513258e-01 2.380558196429817315e+02 4.340358693630461175e+02 1.524996963034249688e+02 9.953828465157250776e+02 2.328867421439861687e+02 2.589857385499449833e+02 6.731004760466119023e+02 1.514486567943500575e+02 2.415894434960800368e+02 4.274463501162082935e+02 4.415437223045865380e+02 1.602085874515007617e+02 9.694679075436451967e+02 4.599242858817344768e+02
6.944530370630600302e+00 7.937620818331080272e+02 1.780296286988882741e+02 1.694539646295511943e+02 1.395263188954790508e+02 1.183907833173959432e+02 3.773869494887779297e+02 7.502113360213004398e+02 2.638868518473855715e+02 2.875312698794299990e+02 7.725358055660768741e+01 6.261038518034519029e+02 1.390055112783051072e+02 6.194806033956067495e+02 3.405558875653864561e+02 3.650639881651563883e+02 6.906154857522535622e+02 3.026011876446038400e+02 1.220463796117290372e+02
6.561630947581529760e+00 5.199353858745266734e+02 5.199596440734819680e+02 1.515294613387098366e+02 4.332098499414500452e+02 5.670972296686012442e+02 1.237430164868533780e+02 6.342073785985503491e+02 5.865778118815881044e+02 2.612727811569446885e+02 2.153896374718189577e+02 6.273351625639727445e+02 2.191362249567773119e+02 3.643575735705354646e+02 3.560544550641383239e+02 3.254831731185421404e+02 4.750211194711197322e+02 5.046366422359647004e+02 4.933630080704868988e+02
6.513905680590388769e+00 7.411437697468047645e+02 8.208267883272642393e+02 4.049681226689907589e+02 4.861284413848578652e+02 5.301252221074682893e+02 3.785649705453241722e+02 8.359363971394175223e+02 3.391266385499334035e+01 3.069056826756603868e+02 5.178659879857799524e+02 6.609382398629448971e+02 3.120819354232591536e+02 5.815414638527304305e+02 2.841116937057183804e+02 3.789513812880411479e+02 5.118332212260826282e+02 5.342769918261985822e+02 3.207434720461610596e+02
7.007061581573862163e+00 4.505487610014444044e+02 6.328746188991916597e+02 4.406525839084632707e+02 1.950842170077843889e+02 1.443318481607873309e+02 3.485436460979111644e+02 6.043414510768519676e+02 6.536767467964341449e+02 3.112253876439788201e+02 8.868363002184534025e+02 2.119125006552226296e+02 1.933248890175027555e+02 3.048992110013005572e+02 1.962851516288314997e+02 2.431870048331319083e+02 2.195816153620541229e+02 5.685725493703077404e+01 4.148173811963853836e+02
6.715951482128478922e+00 6.737797645897881011e+02 7.450030014974727237e+02 3.739227161412539999e+02 8.661157902135150835e+02 2.652048840239364154e+02 3.233935414929495664e+02 2.501700264435330325e+02 5.776948053416588209e+02 3.071859747724200815e+02 5.952926218306951114e+02 7.982500563869114103e+02 4.138483713155257533e+02 6.854345131640980071e+02 4.364683616869810976e+02 4.112051031994843129e+02 8.549747994596459648e+02 5.506774285795160040e+02 2.133459488086425608e+02
6.771943559270400925e+00 8.124267196624620055e+02 6.594630551679238124e+02 3.431695170537187778e+02 6.267102557008406620e+02 4.611991438974608855e+02 3.473780310092506625e+02 4.771183124388500119e+01 2.704147795398308745e+02 2.505028346928296514e+02 3.536733355533472150e+02 8.595695593864375041e+02 3.800751719802160551e+02 7.997491595787158758e+02 5.625288526127365003e+02 4.068650027932003468e+02 6.813240747378390552e+02 9.954592774262200692e+02 1.790964903321761312e+02
6.850716116884937534e+00 1.808052077831690667e+02 7.146002623855050615e+02 4.395690817607627423e+02 7.320529811990733151e+02 3.363378900233107061e+02 4.249770147810837102e+02 5.982583489955642335e+02 5.085550865214990495e+02 3.032264430854185093e+02 7.368786848835159162e+02 4.912764005976457042e+02 1.770938968532663580e+02 8.462291437557281597e+02 2.121063876636698353e+02 4.326321088690622219e+02 7.291219014369985416e+02 6.423949574688724624e+02 3.204629789831314497e+02
6.775022676953724954e+00 6.319286256561631490e+02 5.151905843159599954e+02 3.477385193734295399e+02 4.447571525234656065e+02 5.441432471938603612e+02 2.746774680336726533e+02 6.433847491119149709e+02 1.536973858226551215e+02 3.041777327076570714e+02 9.096236021135053988e+02 7.377527065459651112e+02 2.873465026631477031e+02 7.824134973717943922e+02 1.632659897407541507e+02 1.621111404483491185e+02 8.966864316037159597e+02 1.525477099144304702e+02 2.862014339552118258e+02
6.869234294467019275e+00 9.506845104161970994e+02 5.967063445561994968e+02 4.863717245095131716e+02 7.176503889615662501e+02 5.728216083516419985e+02 3.990658233615823747e+02 5.202167183422774315e+02 2.525275935915597074e+02 2.763875123937308445e+02 2.046140077504811643e+02 3.884688035929483476e+02 3.550434500020426185e+02 2.038401862087089285e+02 5.639585322430343695e+02 1.024978354419928763e+02 2.068229717594036856e+02 6.761422279863647873e+02 3.588940682519566963e+02
6.719348696129546106e+00 3.716984860040486183e+02 8.780200707077045763e+02 4.788631946809945248e+02 2.543448724176614064e+02 5.247938059409655125e+02 3.767305140396889556e+02 4.035441566340189183e+02 5.992822774559047048e+02 4.745984625294178159e+02 8.281380424701837910e+02 3.962715264889195623e+02 3.496354399866609128e+02 4.183554030470152725e+02 6.370142543219474192e+02 1.377976413675314689e+02 4.776626722262521412e+02 5.993107142385986208e+02 3.069378738538269431e+02
6.897477723313680364e+00 3.456926606124292221e+02 1.573119165464264029e+02 4.880015227041408821e+02 7.359304933693196062e+02 7.416174774774897287e+02 1.261426893996866880e+02 5.250572447163017387e+02 7.695228594202745853e+02 2.887126627720746797e+02 2.538799981507530106e+02 6.403258403156047507e+02 3.194002528916746542e+02 3.824303599741650714e+02 4.461192989099465080e+02 1.458435854105287603e+02 4.766604524625165595e+02 7.318651730002446811e+02 2.057481971110042878e+02
7.070895730024494341e+00 3.802252528631534574e+02 6.015905866018365487e+02 4.770212264644530364e+02 5.720598272109735944e+02 2.293565572533192096e+02 2.714014094968605377e+02 6.950952024796450814e+02 3.102997826668358243e+02 3.103772576639053682e+02 3.552777959164208141e+02 8.651914725592208697e+02 3.492794201437953348e+02 1.550369392554195542e+02 7.930096133708560728e+02 3.853750632820101600e+02 9.371260397367075257e+02 4.403476240042740528e+02 1.810821630627919490e+02
6.759608847823773026e+00 7.364054791163055143e+02 8.156605710632915134e+02 4.246660182113805604e+02 6.725920920668576173e+02 6.289303655058643017e+02 3.559074326492824980e+02 8.577581417720526815e+02 1.688120287247875595e+01 3.120578887631265275e+02 6.506135584135196268e+02 6.224919740247701156e+02 3.724014868521477410e+02 5.660687501277121783e+02 3.525198562500425510e+02 3.850709304582556456e+02 9.525144881465928393e+01 6.033500269617424010e+02 3.276522858790519876e+02
6.960238814337915692e+00 6.640415464205816534e+02 7.696474973449187473e+02 1.223399687250725663e+02 4.572872973982015878e+02 4.211265050622266699e+02 3.515750378704760806e+02 6.667523815980006248e+02 3.504497016437109096e+02 3.028336216565490986e+02 6.377793072198278423e+01 4.187330181119474446e+02 1.619297753000549562e+02 9.924978648532443231e+02 3.303419746620486421e+02 4.123841515427375271e+02 6.254246175043363110e+02 8.908304860980409785e+02 3.718933767175806224e+02
6.637038465383073849e+00 3.415000299387500036e+02 2.834912739928222436e+02 2.643737747200962076e+02 2.038470943313780026e+02 3.789936734033885841e+02 3.855518014906446069e+02 1.711183834728417423e+02 6.816348454235042027e+02 1.198916469821835449e+02 6.570724833118988499e+02 5.110722322783991558e+02 3.437716946482912590e+02 5.460383602856733205e+02 5.700998521115024005e+02 4.109914521696703105e+02 6.286527896254719963e+02 8.480031678487644058e+02 2.305809465725196503e+02
7.004590470347265452e+00 7.980067183236169512e+02 3.150077101007437932e+02 2.889766169361802213e+02 9.870943864541602863e+01 1.884943327929109387e+02 3.636409577740354848e+02 4.790847743479366159e+02 4.184006540432343968e+01 2.009364100910018180e+02 5.624546647105769352e+02 6.746351201573490926e+02 3.558325679336880967e+02 8.968414669854180374e+02 7.316179268765502002e+02 3.241515109925256866e+02 8.270151947380331876e+02 9.866360981298051911e+02 3.850163539644318007e+02
7.044496487621710656e+00 2.859839234721555385e+02 4.948205826440179180e+02 2.968069708883676299e+02 4.181756812486998456e+02 5.177330427444943552e+02 3.612839651619168535e+02 1.310211050037187590e+02 7.091274436180567591e+02 1.069896956463407776e+02 7.841991878435558192e+02 4.555728680665324646e+02 4.335452166103881382e+02 5.206862069123270658e+02 6.716138065547643237e+02 4.228940028037434899e+02 1.588994095986926141e+02 9.429207634838072636e+02 2.503168027158196480e+02
6.948086040279263464e+00 4.387995632268016948e+02 9.352001055170990185e+02 1.893241786105671451e+02 1.502684901817423224e+02 6.930816712706518956e+02 3.931353298317229701e+02 6.181453716397962808e+02 5.201610946516348122e+02 4.621513207481002041e+02 6.046295645870491171e+02 6.541619023391909877e+02 2.741993214804970194e+02 1.543932010902812522e+02 4.496110400437974022e+02 3.048371018367706711e+02 5.044747506110732616e+02 6.598787551415485950e+02 1.109862566317189589e+02
6.928435694330341121e+00 5.521702501797001332e+02 7.141913017386806359e+02 2.519166146530797903e+02 7.435514452718585972e+02 7.195138660822132124e+02 3.613376584259377751e+02 4.651967853791995253e+02 3.916092397884346497e+02 4.698727782714171326e+02 7.403087334004109152e+02 5.518937729800993566e+02 3.951282210958310088e+02 9.719891903913664919e+02 1.593947580452843624e+02 4.721648766125618408e+02 4.127605500677107102e+02 9.169492315922067291e+02 1.937790276880535600e+02
7.082825407380093807e+00 8.402209037794660844e+02 4.100788811784521499e+02 2.078111324773259412e+02 2.218345022673900928e+02 8.269329843397359809e+02 2.409242321976881840e+02 6.285099080668725264e+02 2.417918674371010184e+02 3.977258343338028794e+02 7.882128155920503332e+02 1.181134821323388593e+02 3.224115964906357021e+02 2.806161222397819301e+02 7.811316418872530676e+02 4.541568066161229922e+02 3.584400898756599076e+02 6.741351431252030579e+02 1.168938855943907527e+02
6.633577668736017507e+00 5.287422662490561152e+02 1.926614078875300606e+02 3.014346134562810562e+02 2.727871960929081752e+02 6.336510712485317072e+02 3.940483679424332308e+02 4.659670829052440695e+02 4.078910241386235498e+02 3.778251994965040694e+02 3.015188674483100044e+02 4.698476572961649254e+02 2.724836316700883572e+02 6.735403686244446817e+02 2.453372552210135780e+02 2.125445569832863271e+02 7.004261522056810918e+02 3.099682620899973244e+02 3.049264797580838149e+02
6.553993667844187243e+00 3.935259393080011137e+02 5.992840550584099901e+02 3.378348718110351570e+02 3.470551560077473141e+02 4.744337707121694621e+02 3.351101362693742090e+02 4.354236049631498986e+02 6.985848374064840982e+02 1.060790143889616957e+02 2.829169436535796649e+02 4.408746822219980004e+02 2.743289465874760253e+02 2.017377242940335407e+02 6.261139239496100117e+02 4.611647721856501221e+02 1.852368018122632520e+02 4.104339143527962506e+02 2.697837380885464427e+02
6.898892260182754477e+00 4.202603487645735640e+02 3.618185183707757346e+02 3.734512849955282263e+02 1.108703678689353183e+02 6.025919704934833590e+02 2.039918581274899907e+02 5.318812970077046884e+02 6.627336744284436918e+02 2.510665093498546980e+02 7.342382459992932127e+02 5.076002935962916354e+02 2.634060485922487942e+02 1.582575960178362493e+02 2.696256062801010671e+02 2.964183011293650338e+02 7.746479245765726773e+02 6.495098164612738856e+02 3.364400514115969258e+02
6.823036599025741111e+00 8.862463197198949274e+02 5.053727868524267706e+02 1.536219264288724276e+02 8.124620827427519316e+02 8.751698176317652269e+02 1.931395584633769147e+02 2.899266206605799994e+02 5.049439102021862595e+02 4.957357861770104819e+02 5.480042091074751625e+02 9.369747317532289799e+02 2.597058947440516476e+02 6.450342802026679010e+02 5.554100954521857147e+02 3.255463318016122116e+02 3.656023315270306284e+02 5.602819292750859859e+02 3.375269331504009642e+02
7.007722921617451028e+00 3.575060512879483667e+02 1.964023042179565550e+02 3.301439801010578208e+02 1.273424556966775754e+02 3.707117722140351361e+02 3.188452710929505542e+02 5.253329278232737352e+02 4.779687660380143370e+02 4.910781117140104470e+02 7.992814017681495216e+02 2.012084274288804409e+02 1.650997579546780116e+02 4.377805107313802182e+02 6.369659343839330177e+02 3.389363631894079845e+02 5.626409593991938891e+02 9.336737107018742563e+02 2.204248332433258497e+02
7.026905235577364017e+00 3.282037396059653247e+02 4.576279576857044731e+02 2.807402642929471881e+02 3.013572175929509172e+02 4.921760436389441793e+02 4.445592682053933800e+02 2.344966977254619565e+02 5.223928130406142145e+02 2.767922836648849625e+02 3.996268751561319164e+02 5.462316252470445761e+02 3.351561033143526060e+02 8.350844150246898607e+02 3.247324508070262254e+02 4.233459122398348882e+02 1.190991192006096071e+02 3.791237968824026439e+02 1.731277291490955292e+02
6.459223886226313383e+00 4.421708862700641021e+02 7.358695043740458459e+02 3.619911824179567930e+02 3.798175572870527503e+02 4.506415586078860542e+02 3.038773647884566458e+02 5.045728023778530087e+02 3.771947701010229821e+02 2.411657481470391247e+02 7.723878090425504297e+02 5.516327880483007675e+02 3.653922519150191306e+02 7.470516635245091948e+02 2.977012895580882628e+02 2.977597745997902621e+02 6.749124237203886878e+02 8.126617990297730785e+02 2.688192943743149499e+02
7.013812806132337485e+00 1.341133159564670336e+02 9.565652010125533025e+02 1.796319199800658453e+02 1.681999472547607866e+02 4.853475899227549348e+02 2.475494176430815401e+02 7.672600106690288158e+02 5.876291270321971751e+02 4.523873098419129519e+02 3.957516720733831335e+02 6.708811117479829136e+02 3.135432228781669437e+02 5.219849130397747103e+02 5.669254728179128051e+02 2.385365589461123363e+02 4.966761957739828972e+02 3.627798644391734797e+02 4.482843848683790497e+02
6.411759598009508565e+00 3.378544991472475090e+02 8.318669207351495061e+02 1.268263705590062500e+02 4.203958826081900497e+02 2.629598364777437496e+02 3.172788800230506467e+02 7.531327606537145130e+02 6.324182126809793090e+02 2.807663442520668013e+02 4.803637511367418256e+02 6.235229323050249377e+02 1.406763790849361158e+02 4.685038115944827268e+02 6.981412665876441679e+02 3.645095768954343498e+02 5.306566298654623779e+02 5.633562561310943693e+02 3.893977707121504181e+02
6.698371019304153684e+00 7.884973144658866886e+02 1.722893872944741531e+02 1.913405152322065419e+02 3.467081529865898801e+02 2.281742759822803350e+02 3.522119073820649646e+02 7.744577189464506546e+02 2.449630063112582548e+02 2.932559433099479520e+02 1.399559625598989214e+02 5.833857786499244185e+02 2.060272350881813281e+02 6.022886992566975550e+02 4.165649570590799726e+02 3.718634872431724716e+02 2.277468497395609575e+02 3.369185632569623294e+02 1.297228394260523032e+02
6.749058722356722662e+00 4.020363714706835481e+02 7.534760667250457118e+02 1.189998323976383432e+02 6.357900529086042525e+02 6.199345962597366224e+02 2.664264965081923151e+02 9.723860182604328202e+02 6.782060805206881469e+02 1.232601914845571685e+02 2.568908364303807161e+02 9.829933019084637635e+01 4.920772809959719325e+02 3.525636717205139803e+02 6.564004475984913825e+02 4.426644402129467721e+02 5.831162833228343061e+02 6.685956864920948419e+02 3.747025524934230702e+02
6.883154693533668045e+00 2.280893085546731527e+02 3.710488944840810746e+02 2.504419938287658169e+02 7.459782703018245229e+02 5.391472851393904193e+02 4.484078698192000161e+02 5.713064068151878701e+02 4.779120726814808791e+02 3.157278593358257126e+02 4.815584179336422039e+02 6.439135177275751403e+02 2.916667788453306116e+02 9.946083681730058288e+02 2.777540105251579234e+02 1.846424676401291265e+02 4.199353803147283202e+02 2.515604655303012294e+02 4.800028633454491569e+02
6.881178991258938282e+00 6.253819411798834835e+02 7.905417879239789727e+02 4.935186975949867474e+02 5.838995241826113443e+02 4.787950993873429866e+02 4.123610525444110522e+02 8.912825612011122303e+02 3.773577545197872496e+02 3.427181094997013133e+02 3.306536000032238576e+02 6.801617147888350701e+01 1.333199952945256541e+02 7.524495441711371768e+02 6.175088063433885281e+02 3.338122326536085893e+02 6.094960198524606767e+02 1.468205059661249550e+02 1.972716010683723766e+02
6.994909100164457882e+00 8.997466409066325923e+02 3.694720329805829806e+02 3.285487956321688330e+02 1.481967186427933996e+02 5.505815555939591377e+00 3.584220511583492907e+02 5.011771516697535844e+02 4.161919778446429063e+01 1.572663887485335579e+02 8.361172984109405206e+02 1.238069236451937627e+02 2.036022380729194197e+02 3.885544669638201754e+02 3.454264550437230810e+02 3.434658114299720637e+02 6.876239802517399085e+02 5.269746533105173967e+02 2.209105630606561590e+02
6.816291636173138713e+00 4.815985963742624563e+02 7.301475352474841429e+02 4.888455342692739123e+02 5.613874607356322031e+02 6.391437332163302472e+02 2.962570996935681933e+02 5.713473063988428748e+02 2.357042058724384219e+02 4.448232862028845602e+02 7.765507265013727647e+02 7.438486127295581127e+02 3.997455511095477618e+02 3.282849761428029183e+02 3.924224794936097851e+02 4.708224655406613124e+02 3.730602059795173773e+02 5.456739864520509400e+02 1.291075569821443878e+02
7.114295051790475277e+00 5.017544288455133028e+02 2.219569135775028599e+02 3.463853924257285826e+02 1.931101343435027502e+02 6.796637783485481350e+02 4.712909965416522482e+02 7.446291085676040211e+02 9.046379379989917879e+02 1.114934309347946737e+02 4.393307293568576597e+02 3.602086429976857858e+02 4.196518156467522545e+02 3.278538661915081320e+02 7.980115254873433059e+02 4.943985971504276904e+02 4.216042727078437338e+02 4.041239305260034484e+02 2.556917668454316299e+02
7.016850590990271641e+00 6.331390478348497197e+01 4.554740191865678867e+02 1.918290749196676757e+02 6.276226960095468712e+02 3.238378893643841252e+02 3.051105869944041160e+02 5.250133784036197540e+02 8.162029038459133972e+02 2.801523168258273699e+02 6.538881226192979739e+02 9.568978460059350937e+02 2.103280610599084639e+02 2.452403011282007697e+02 7.315862390811028035e+02 2.603356487548782638e+02 5.700399249329173017e+02 8.666917242617375905e+02 4.580254938812803402e+02
6.799255648355775783e+00 8.259778651448315259e+02 7.050118714293844278e+02 3.491769726034401060e+02 5.007968495015770145e+02 4.789166349916445142e+02 3.803761743803133299e+02 7.792731960225104331e+02 8.005530849773288082e+01 1.809901282540163265e+02 6.319604561494072641e+02 8.323022422300538210e+02 3.467443056248077937e+02 3.121874958063268650e+02 4.080605884395341718e+02 2.209696434361612774e+02 5.814085900341153774e+02 6.332220414577880092e+02 3.022064266633859688e+02
7.108382030323715739e+00 2.320050045464425637e+01 4.490407379881598899e+02 3.135912678636724422e+02 5.747715455297966400e+02 2.528460397588818296e+02 1.451435989450341424e+02 2.701754869011649021e+02 4.627202448973566788e+02 3.075570676666343388e+02 4.768204631876551503e+02 3.023876655697546312e+02 1.802948620346058703e+02 6.829652729630404338e+02 4.696003910985187417e+02 4.842984728617743713e+02 2.543544807409508337e+02 6.103611201026233175e+02 1.777948865538759833e+02
6.636596974816743710e+00 2.669996011986813187e+02 5.691305051862341315e+02 3.921259229693808948e+02 7.475138405620915591e+02 2.944157015455184023e+02 2.802906905024809703e+02 2.846966046149328804e+02 4.209488062836915674e+02 1.290605062870639586e+02 7.018752343266089611e+02 3.329200379224176345e+02 2.028819699073800962e+02 6.288881605587888544e+02 5.144088881771150454e+02 3.278810932113591434e+02 2.769477793201093050e+02 2.465146983596183645e+02 3.910040399458970910e+02
7.044040727533086965e+00 6.669818724825671552e+02 6.579419305710130175e+02 3.930164616670219857e+02 6.143875122739041217e+02 7.973547210160425038e+02 3.716623528957926510e+02 3.516719186061702658e+02 5.354672685108041605e+02 1.190101260455212469e+02 5.390246615229297049e+02 5.885394393763435801e+02 1.163610779730214233e+02 9.828460392836780102e+02 9.856059185568320800e+02 3.566326041913019367e+02 4.578673707895638927e+02 5.926722821865103015e+02 4.268660061092467686e+02
6.940132552070217287e+00 9.440173347023542192e+02 2.756742544481196546e+02 3.729370757309164333e+02 7.166369993763337334e+02 7.933161188277204019e+02 3.793441013626825224e+02 4.753637081495025996e+02 2.562447179314118557e+02 2.761852408427544106e+02 8.503787534259304266e+02 1.682771722147388402e+02 1.884515949677237359e+02 6.867253736970106957e+02 4.642846276835741719e+02 4.900615933182009485e+02 9.464068184669778248e+02 1.058532049997125171e+02 4.157078327322072937e+02
6.470929324257168602e+00 6.051552940286957210e+02 4.064576558011734733e+02 3.454573309927574201e+02 5.953326153621701451e+02 6.189846681617143531e+02 4.520299660746300106e+02 7.917190894399541321e+02 1.807344536062022371e+02 4.062808390754809125e+02 7.231398022202970424e+02 6.091549263868372464e+02 4.295804301642281189e+02 7.650846042348820220e+02 1.995529623066243801e+02 2.034821743137628971e+02 3.270950364850205005e+02 4.588485363929366372e+02 3.608810399336801993e+02
6.506921358755505480e+00 6.214804637441311570e+02 2.443316706415000112e+02 4.211270031517304915e+02 4.036573142472605014e+02 3.195631826219489540e+02 1.940774319231818197e+02 6.228970596227175065e+02 2.079774267545506632e+02 3.552710881068622371e+02 6.098013084367549936e+02 2.870462441148697508e+02 4.404052725766751450e+02 6.665523364380138673e+02 3.904557439409979906e+02 2.392431564622953033e+02 8.224490636171010465e+02 3.976943502523385519e+02 1.426237044309796431e+02
6.669096730652920968e+00 6.200857284873329718e+02 4.973530572274312931e+02 4.586578207119183617e+02 9.064943794146460050e+02 4.955752253205082525e+02 2.890864483937211844e+02 6.561034098979190503e+02 5.523974099664761752e+02 3.146569673060221248e+02 5.493042673291304254e+02 7.137930300999096289e+02 1.629611414479652467e+02 6.990790782790476214e+02 3.607641913141316081e+02 2.397674863102895415e+02 6.643938085623545931e+02 2.154620564481308236e+02 3.591805684251622779e+02
6.978716005490475993e+00 6.268670908544202121e+02 6.243758293909322674e+02 3.033933693472877735e+02 9.991715207567172001e+02 3.875502233138938664e+02 3.454429320979238014e+02 6.780909091977905518e+02 1.386258777991089914e+02 4.108318571164023751e+02 3.400414812155696609e+02 3.687885490238602415e+02 2.206596845743640642e+02 2.013253837752495770e+02 7.217372333338923909e+02 2.186831146265426185e+02 8.623529412131206300e+02 3.811042712209063552e+02 2.693228541301259611e+02
6.741766088237561405e+00 8.572714476376497714e+02 7.849201498882714532e+02 3.734869298915286322e+02 7.934866726728951107e+02 2.357171350405693033e+02 3.439926010756738037e+02 2.289540016628422734e+02 4.903209216730713820e+02 3.030409006055665486e+02 5.228655740715367983e+02 2.095415559853371974e+02 4.323024456984941821e+02 6.020830226709749695e+02 4.376956502455076929e+02 3.604808789989818365e+02 4.717434968985303385e+02 5.471384207150481416e+02 2.171248481072805703e+02
6.756698230169086550e+00 6.334027001060591147e+02 6.805447428615846093e+02 3.706256598323884646e+02 6.459208458903727887e+02 3.516841900258575606e+02 4.138336048286832352e+02 2.361219407405521906e+02 3.564725192954994100e+02 2.340670651002174054e+02 5.225033336292851800e+02 8.710697541107593906e+02 2.949240160788091885e+02 8.106836793279252333e+02 5.909492116790357841e+02 2.988220969066533144e+02 3.768429956225620003e+02 3.981362581510413747e+02 3.518672389418368311e+02
6.893161135563978803e+00 4.175569604871277534e+02 5.330757523940374085e+02 4.197953045356417192e+02 7.278209768947527891e+02 5.585415875446235532e+02 3.887546386094628588e+02 2.791724367321583600e+02 4.617591498368325915e+02 1.864967687720771323e+02 1.215610515561689766e+02 4.796308603665767123e+02 4.417424439485112089e+02 7.757828453077793256e+02 4.316309249698730923e+02 3.759144119876648347e+02 8.348216164154604257e+02 8.474549444763130168e+02 1.262976195319605637e+02
7.006040759875412860e+00 3.728304226060419069e+01 6.441980355365228661e+02 4.461968729014156452e+02 8.766369895682341848e+02 4.006274803119611647e+02 2.678533969980167058e+02 6.545835648747734581e+01 8.258262142613375545e+02 1.617600320162431444e+02 1.222530370771767707e+02 2.479258601479709796e+02 1.489892186347310883e+02 5.132049443447103840e+02 8.990967375943107527e+02 3.098561769283203944e+02 6.148663326549335579e+02 6.251018648644097766e+02 3.727836953176236534e+02
6.808644665543450714e+00 5.515852976922286643e+02 7.917655303655265016e+02 3.448714832381547808e+02 2.433161853204577483e+02 1.303296056284907536e+02 2.854097435208329898e+02 7.952979688641773919e+02 1.899713857116342979e+02 2.592242232974756462e+02 2.484983463645261281e+01 5.958922184316115818e+02 1.406361668920188492e+02 3.510723922115560072e+02 5.823638312900145593e+02 4.043994376853009385e+02 6.093536142424346735e+02 5.166531581252000933e+02 3.139768227660046023e+02
6.369046677704741199e+00 1.998034052812855634e+02 5.085283520904628176e+02 3.592077996149189971e+02 5.273473755983485489e+02 1.620353228561453989e+02 2.611459148332598943e+02 2.513349991010688882e+02 1.368357814907209331e+02 1.535809982000960758e+02 3.467006966137323616e+02 2.993191481344169347e+02 2.946478378172608359e+02 5.611420590749663688e+02 3.541771094839614307e+02 3.853239347950838578e+02 3.640685509927790235e+02 1.563475935107603618e+02 4.861088023786638246e+02
6.907084665116311584e+00 6.163465244669908998e+02 3.048767775048828526e+02 3.608285931036283500e+02 3.153106876743664770e+02 6.316282458339334198e+02 2.789869137549740685e+02 6.926129218295744749e+02 5.713606275153833849e+02 2.183378097574273511e+02 1.739080462004442325e+02 3.560036067210206738e+02 2.046928669827379679e+02 2.224433940487222117e+01 5.378970399651515208e+02 2.269410441228183686e+02 8.311557273734538285e+02 3.335944312501236482e+02 4.162267943207556300e+02
7.141748945088383316e+00 3.896981461036854171e+02 8.099470842843462606e+02 1.247622015984629797e+02 7.837658347803424022e+02 6.446480539563689263e+02 3.643437531201071238e+02 3.728727994407662436e+02 2.991994256082830361e+01 3.402926782615937213e+02 8.578569808564657251e+02 3.636757214309143365e+02 1.917965143264408141e+02 6.577074151378651550e+02 4.727153692016490254e+02 3.983394979515241516e+02 1.072209920641355438e+02 1.320075554268371150e+02 4.755333997674972011e+02
6.596464921930349945e+00 6.089419671185573861e+02 1.949571125127195899e+02 3.615953493048204450e+02 4.246930721793285102e+02 8.796420360460389247e+02 4.175426230545545536e+02 8.276597330215748798e+02 2.350724085149533096e+02 2.084559961689797944e+02 6.601587737799434308e+02 2.725503889599929153e+02 4.183913990869792201e+02 3.777042223600763009e+02 2.145862198410589770e+02 3.555850931612365002e+02 7.109830208871127297e+02 2.983000609292559488e+02 2.767091240348916017e+02
6.901248570388467840e+00 7.333455824727744812e+02 2.956549119225254572e+02 4.883777853700751166e+02 3.075492864304947034e+02 3.553706860454327625e+02 2.088454263785653211e+02 2.665325274471492207e+02 2.945685579141584753e+02 3.854909618329296563e+02 8.187656056220870369e+02 2.420837374587237605e+02 4.286889836268162526e+02 7.951713278507777432e+02 1.183248559682083965e+02 4.241811942818495709e+02 6.713973773916690106e+02 5.448701887243780675e+02 3.334794815529251082e+02
7.115727901890013030e+00 7.992612409542514342e+02 5.197717577464784426e+02 2.785236594214592287e+02 3.947647921836809815e+02 5.863851970206203532e+02 2.089863156130975312e+02 1.549041084829374597e+02 8.405497164765963589e+02 3.922073329624697067e+02 4.383787757447762488e+02 6.019482424709154884e+02 2.343788420049043566e+02 7.642161333718212290e+02 4.756667307946568144e+02 4.911057392514851472e+02 5.255986864616768344e+02 8.900460526124561511e+02 2.645631595902028721e+02
6.899356438333375863e+00 8.132228596445485209e+02 3.562671671606198061e+02 3.739690325428408642e+02 9.458028133395903296e+02 5.856458538530034730e+02 4.649098865344953424e+02 7.407933615096758331e+02 1.070501642067680024e+02 3.051856255269534586e+02 3.623919611136844878e+02 5.831007428832569985e+02 1.772942006154758019e+02 5.352613500728998588e+02 6.643088075931191270e+02 1.167216266696759561e+02 1.940457621523337366e+02 2.001909449789128530e+02 4.074913418976351522e+02
6.615588358201328845e+00 5.583746602297094341e+02 1.319894285109376710e+02 3.682431511041608019e+02 4.679222574007391131e+02 2.283470887870707600e+02 2.533377350933075434e+02 2.030062519119567810e+02 6.256828517099979763e+02 3.668746242129836332e+02 6.488223829981726567e+02 1.629022606799153436e+02 2.728803951298523316e+02 8.256132273919540694e+02 2.467287037624109587e+02 2.887444413866131185e+02 6.566503443611379680e+02 6.856553350960728039e+02 4.876294576861862993e+02
7.016790988038774657e+00 3.673576627059051134e+02 5.392368529784091606e+02 4.280840175364584752e+02 5.163433176790096013e+01 9.766997207427314152e+02 4.676811615003455245e+02 9.310308998554359050e+02 8.222161047759506118e+02 1.805794079330298985e+02 6.943789038593080249e+02 3.945119186066775683e+02 4.210445993611763811e+02 7.818482177747389414e+02 4.663767438963333802e+02 3.231305364411479104e+02 8.332073291898904017e+02 8.535282816777270227e+02 4.221124586552107303e+02
6.607732546816374786e+00 5.253815826485845264e+02 4.799294722839530891e+02 3.212432020464353855e+02 4.936737919303645299e+02 6.700825923749083586e+02 2.741835798987513613e+02 5.519955659244699291e+02 5.611976292821725565e+02 2.606980465532399762e+02 7.838728650755761009e+02 9.260454970275707183e+02 1.996206469170163871e+02 4.287965588543507351e+02 2.520739928173513533e+02 3.003720579070027270e+02 5.383849730491602941e+02 3.904433919808441260e+02 3.475575747575194328e+02
6.868569868150372848e+00 4.073204780719653968e+02 8.763386198171807564e+02 3.328220840472391160e+02 5.626256198978013572e+02 1.142528472237877111e+02 3.037143139575420037e+02 8.489652060999615060e+02 7.520056276619243363e+01 3.634499173944212203e+02 7.485238331097427817e+02 2.444571539325571052e+02 4.049117707284642620e+02 3.757313414908992399e+02 3.618444085317067902e+02 4.685442104027829373e+02 4.335282015228836485e+02 6.315290708437928515e+02 2.954031180378755153e+02
6.864121089214075155e+00 4.036830531122429875e+02 5.528807391913502443e+02 3.587235926707796807e+02 4.466483561087708267e+02 1.292711573190708236e+02 2.840337588140645835e+02 2.277616382336346987e+02 3.975368852562377242e+01 1.489753602369254963e+02 2.662261991035564392e+02 3.123265098000817943e+02 2.264792505794568456e+02 4.685292918603852286e+02 3.555407634378798889e+02 3.289636856834144396e+02 3.469820626439667990e+02 1.524153625502405589e+02 4.903075793771504891e+02
7.051277775270291315e+00 2.824689354587178514e+02 3.598515755290427478e+02 2.949980311013713958e+02 5.844587553711758119e+02 4.395306353383030000e+02 3.253336791767809473e+02 2.152185679809114163e+02 4.278733265668650461e+02 4.136474034168844014e+02 7.884551977385874579e+02 2.350158203525882072e+01 2.386646609261772767e+02 2.385432009339763226e+02 7.958268527497862124e+02 4.710326528401973860e+02 5.201249539193189548e+02 4.818051659897720356e+02 2.482033226877946106e+02
6.541161816327964118e+00 4.701732665247440082e+02 7.757866527648445754e+02 3.615553961682314252e+02 3.071884397464327776e+02 4.211538096245189422e+02 3.244764243711808831e+02 4.833567775971622495e+02 2.898208864324355432e+02 2.370206739801855917e+02 6.999607612833921166e+02 5.633394135473990900e+02 3.040405234009955393e+02 6.637001730313861572e+02 2.989285781166148581e+02 2.470355503992877857e+02 6.595345842064576800e+02 8.091227911653052161e+02 2.725981936729529593e+02
6.614169884080902229e+00 2.379170828597508489e+02 6.109604048860901457e+02 4.022027351375030548e+02 5.418346637134161483e+02 1.962582921787784187e+02 3.029320351927315755e+02 2.645554403604538720e+02 4.223996709664768900e+02 1.014199848193484144e+02 7.463592750908643438e+02 3.177058579920012562e+02 2.197195343237626162e+02 6.239268041070492927e+02 5.443057362833485513e+02 3.406962639033672531e+02 2.298946267772679448e+02 2.394643023895762326e+02 4.005682133000985345e+02
6.241839756330514355e+00 5.119115426497551766e+02 1.755535977104431140e+02 3.672741132854731063e+02 2.927033344445262628e+02 3.345011649554494397e+02 3.356589008637312190e+02 5.369671418380887644e+02 2.458067891181314337e+02 1.543897767827584744e+02 4.226399848068344909e+02 2.316604705757695797e+02 3.718021196387330747e+02 5.946454337578597915e+02 5.274383649756131263e+02 3.075415305649239031e+02 5.833495335395473376e+02 1.461053787234477284e+02 2.016102483082046319e+02
6.575697260658362353e+00 4.857841007371437740e+02 3.160944320403453958e+02 3.379264359401146294e+02 6.942988442905077591e+02 3.463588257560538182e+02 3.469040978495737590e+02 5.788596270083130548e+02 7.025921461406669550e+02 2.084375751082286854e+02 4.357475733889875755e+02 6.645942015012502679e+02 1.231139749524532618e+02 2.963287147329507434e+02 7.531244686815235809e+02 3.287654792202090448e+02 2.193065463983926975e+02 1.524464525094784904e+02 2.001084430044333828e+02
6.075027235264969683e+00 2.786557867869183269e+02 6.147590099831139696e+02 3.687628721032705812e+02 7.499646732953362971e+02 6.539950199126728876e+02 3.504618165544218300e+02 5.416893396360608222e+02 5.602780161080868311e+02 4.327994290684890757e+02 6.019169617529345260e+02 7.204187887586201668e+02 2.407210256662206973e+02 3.068506143830932160e+02 5.512816187906347523e+02 3.405680761186261520e+02 3.251645983476361721e+02 6.865484436823760461e+02 2.605495414964299243e+02
6.694204443112743874e+00 4.053141788369293295e+02 6.931993366454519219e+02 3.752448611656176922e+02 6.770409996597164763e+02 3.701010362531910118e+02 3.360339028825359264e+02 5.961379008226850829e+02 1.494382378690133351e+01 2.834977705208664247e+02 6.126497532922301161e+02 6.111295249348590914e+02 4.640950630663765537e+02 4.145907943867993595e+02 5.959604697448528441e+02 4.139736090164428219e+02 5.017455262370409059e+02 2.525573029802221754e+02 2.994436699029492388e+02
6.724962603059338129e+00 7.231774309834730730e+02 1.964773431754628064e+02 2.747550110404241650e+02 2.818533925382243979e+02 3.768864850403929267e+01 3.043845805265126501e+02 6.840236321898775032e+02 2.338297926935056807e+02 3.105088290751132263e+02 9.753852442403690759e+01 2.889613402371216466e+02 1.869243309542609381e+02 6.881411852414372561e+02 2.997097511850356568e+02 2.928633708341315014e+02 2.829696801978935810e+02 8.198048493125309051e+02 4.273851037683785989e+02
