1.918719401241585132e+00 5.031855426678571916e+02 6.085867579306013795e+02 4.728168011640884174e+02 2.184023275499527870e+02 7.853848227307661318e+02 4.029694042580217115e+02 6.608905452468595740e+02 5.940762635529753197e+02 4.735970076397074422e+02 7.680826306490916977e+02 1.669884245075633089e+02 2.871229569181612646e+02 5.704359112416585731e+01 1.690599142502813947e+02 4.206816768836092706e+02 1.206312421865774240e+02 3.114064870746127554e+02 2.973160738627885848e+02
1.673989077994478381e+00 4.286110964442232216e+02 3.718266146597222814e+02 4.672688270633456114e+02 6.771756307753797728e+02 7.806646877891430449e+02 4.055844568785864794e+02 1.483127624742396904e+02 2.712356472183444112e+02 3.356529619650162886e+02 4.964686775820956655e+02 7.388540076207814309e+02 4.579920067472743881e+02 5.701938944874941626e+02 4.686018748867897443e+02 1.791063808239689763e+02 7.678475214178034776e+02 1.707111483798577183e+02 4.851360664776212843e+02
1.596404617295111406e+00 7.830434568835655682e+02 2.203482514987755962e+02 4.359990319235849938e+02 3.802371781228974896e+02 7.020634645160682794e+02 4.243673587100168447e+02 6.791111666144979608e+02 7.372605759926785822e+02 4.422243744922885185e+02 2.776745668836715026e+02 1.592760837900755178e+02 3.766006861059444759e+02 7.280740948304102176e+02 4.165119073858277261e+02 2.875965124747407344e+02 1.929700227749134456e+02 1.986460683283147546e+02 2.958521497101399973e+02
1.449177613853533053e+00 8.144420431442019890e+02 3.060673994607448094e+02 3.683628235562416080e+02 3.061437467226388662e+02 8.562009622262181665e+02 3.747701357537468425e+02 5.922641459125004531e+02 7.661521221253162821e+02 4.121734133594995910e+02 7.775939136339975448e+02 5.212882274287351265e+02 2.142429692400633030e+02 6.577902079604323262e+02 6.744380488158782327e+02 4.508046867160297779e+02 1.496503783452117489e+02 1.918677752520362674e+02 4.242044928354376907e+02
1.275767483040490591e+00 7.673962829436937909e+02 1.057488558917173123e+02 3.938539710274668550e+02 7.089258787590616748e+02 2.132229029335758526e+02 4.690877441572340558e+02 3.918527981197195800e+02 7.486820146116946262e+02 4.492236293564352536e+02 1.616921947105342952e+02 4.204201107427510351e+02 3.961211789267057952e+02 7.445274957230386690e+02 7.174341609615960351e+02 2.498856956952728581e+02 3.053240073177363456e+02 2.481817910867266619e+02 4.977312901144271109e+02
1.915330918234793955e+00 9.300562142931719336e+02 8.009550514156387635e+02 4.733716531223186053e+02 4.399944837789896610e+02 5.821349335931944324e+01 4.958508762944131263e+02 6.502855320097083904e+02 9.045522766135997017e+02 4.700500254118610428e+02 3.174961702347773098e+02 5.563467192429218358e+02 4.006018306488502958e+02 1.594321886655421281e+02 9.193925628665130034e+02 4.581983323332684677e+02 8.408044070780822494e+02 1.029637917398074194e+02 4.194585500842069337e+02
1.702588171072568990e+00 6.680203507494973110e+02 7.649941981859151383e+02 4.217875019422195919e+02 4.354239192591635401e+02 6.830797496579029939e+02 4.058625982069817724e+02 3.458936546528140070e+02 6.962705705841804047e+02 4.895268709091189407e+02 7.610943899696462722e+02 3.407309651873330267e+02 3.400320192949366174e+02 6.669346864476261771e+02 8.394830809855889129e+02 2.575951357242772133e+02 3.163288651768700674e+02 1.964554146544924436e+02 3.841123210713515164e+02
1.961435809833230515e+00 5.413709991965997688e+02 6.879421663761908121e+02 1.490956866635964388e+02 5.054060560531574993e+02 7.930282203197480158e+02 3.539725566134492283e+02 6.754538921696941998e+02 7.279249739134863830e+02 3.386829922639349775e+02 6.855502440784140390e+02 1.667436861086542308e+02 4.655965126310205733e+02 1.584181986791408576e+02 3.485722748738635914e+02 3.163454108308958439e+02 3.564568569412915622e+02 5.644965641768950491e+02 4.257453715309924291e+02
1.704905583988514328e+00 7.702830646215935531e+02 2.475036671421304391e+02 4.604639511424306306e+02 3.276249412105670444e+02 6.640166543684908902e+02 4.255736649112718055e+02 5.481062038505731380e+02 6.774360073986944144e+02 4.806070813750353068e+02 2.938164446820306921e+02 4.299678547329417029e+02 3.190762923722428468e+02 8.485545460594131555e+02 3.523452767626065452e+02 3.244769115278521667e+02 1.853666653987481823e+02 1.605079233828645897e+02 3.007158126303517633e+02
1.752196612041120316e+00 3.710346358728098721e+02 1.783625469822088689e+02 4.529739188148277549e+02 2.696410607715826018e+02 6.755850603414841089e+02 3.696499866049661023e+02 2.113758422553996752e+02 3.899210738788070216e+02 4.546894313778288392e+02 3.033872687382666413e+02 7.903664440841278065e+02 3.971437267737348975e+02 7.035053876261151800e+02 8.023479619368428075e+02 3.363259283461293307e+02 6.433402612338704785e+02 3.892900809654373688e+02 4.566223121812072918e+02
1.386309054743927849e+00 6.889729217553276612e+02 6.353700734686068472e+02 3.137426668401140546e+02 3.495610627345798207e+02 7.950070831362714898e+02 4.009965095093189120e+02 5.456919893261292600e+02 7.727978498262339144e+02 4.911741392748863291e+02 7.300413289805749173e+02 3.048940380355486468e+02 4.917459885068318499e+02 5.677259087546107139e+02 9.364353574450200313e+01 4.965077373355753707e+02 2.138582281559245644e+02 3.200096977878389453e+02 3.212825687212715593e+02
1.659609018936317071e+00 7.764277761404067633e+02 3.429277140035743514e+02 4.322855081825953789e+02 1.951772995933378638e+02 7.665978528119424027e+02 3.420273822371304391e+02 4.802553590527952565e+02 7.720445412172477972e+02 3.401472210066138473e+02 7.904129727984337705e+02 5.751311588586563630e+02 2.194717028603506321e+02 4.843831479109184670e+02 8.542272262095040105e+02 4.916464777515309947e+02 1.933169479494807490e+02 1.852749449094850718e+02 4.244846159876645402e+02
1.791952169541470186e+00 8.322390922821598451e+02 4.065875992873471318e+02 4.361001596981567445e+02 3.610379469094087881e+02 7.054176256312312034e+02 4.154679368655628764e+02 7.638579032339321202e+02 5.214672142558212045e+02 2.486159594903319885e+02 1.409584625995241822e+02 5.188089357812710887e+02 4.464210679539960438e+02 6.243819635019069665e+02 7.505525181759758198e+02 4.879128780570002846e+02 4.427804830874634945e+02 3.992196144120557619e+02 4.832200774285934131e+02
1.909915935853269797e+00 7.699374136506355626e+02 6.817754984700684417e+02 4.428521919911288478e+02 1.578847531668516240e+02 8.062327863824140195e+02 4.019073219723712782e+02 4.135508285594837616e+02 7.185869358823233597e+02 4.171666662666250431e+02 7.243224030130684241e+02 1.132510076618033281e+02 2.853781867277477886e+02 6.238277821926540128e+02 3.806742059698335083e+02 4.351338208641861911e+02 2.902669991864560757e+02 1.924485952922074148e+02 3.201058200598209851e+02
1.783669958951205725e+00 1.951721280583310829e+02 6.259636160446665372e+02 3.068916322842548539e+02 5.549390473423209187e+02 3.693696208842662259e+02 4.901719570075045453e+02 6.803784139963157713e+02 6.718489045296544191e+02 4.493024211635589609e+02 7.322071743423029488e+01 4.335046157479968656e+02 4.586111026791763834e+02 3.946128779849174180e+02 7.381230014355788853e+02 1.780294646287267994e+02 3.840845146893495894e+02 1.321945687355302823e+02 3.644613114101344991e+02
2.073288947284722905e+00 2.342920438791144306e+02 7.003977544457461590e+02 2.591639093223880650e+02 5.525692623371892296e+02 7.300867908330155842e+02 3.210424181787361135e+02 7.491820869001506935e+02 3.974961122844538295e+02 3.325295897608675659e+02 8.524991326188936682e+02 6.276943005543367917e+02 2.301211820339497933e+02 5.427524125404561346e+02 2.693226168942176173e+02 3.242364943972685296e+02 2.622469575410788707e+02 3.074460995719232415e+02 4.385589777667204316e+02
1.858322351913648252e+00 4.606084127518698779e+02 3.098894939701713724e+01 4.476547692686639834e+02 3.018480994396238088e+02 8.661952895654799249e+02 4.316044102658980819e+02 7.352261746308597594e+02 7.521829507155430292e+02 4.126607339203421816e+02 2.307305604231634106e+02 4.073697768341660321e+02 1.756323941505526705e+02 6.996263859392819313e+02 1.650860989395430352e+02 4.900771046790252399e+02 1.710649854316938558e+02 1.805416373635181344e+02 3.926705259774264505e+02
1.648515713178253961e+00 5.962465684838500692e+02 6.489329600995370129e+02 4.496748588638955653e+02 3.727985063498663294e+02 2.898969221107013823e+02 1.123606031630459796e+02 6.100232876715017483e+02 4.828494560797433905e+02 4.191928127747547137e+02 1.969916776529329923e+02 8.244498134941072749e+02 3.746808622758773026e+02 4.171059445102338259e+01 1.967170896215632752e+02 4.707737235753093046e+02 5.068358021946654617e+02 1.945069352486688388e+02 4.464348480735749263e+02
1.867597782634731862e+00 7.448957711804517885e+02 3.350412827851629913e+02 4.157687591231660917e+02 3.325331154760916661e+02 4.982045176187674542e+02 4.623649450420325593e+02 6.938881267589315485e+02 6.988039678800423644e+02 3.753890281318792290e+02 1.897297664597953144e+02 8.223166017070067255e+02 4.393335913223889975e+02 5.088957495610525825e+02 7.207056176819526172e+02 4.683684510992523542e+02 1.538425849626738113e+02 1.132271560260886787e+02 3.436100205571294737e+02
1.440685953946133191e+00 7.996172977403737150e+02 5.377618396217322925e+02 4.441162503322269686e+02 3.655335383397197120e+02 3.579715416242660808e+02 4.381688797574219052e+02 7.336199235497431346e+02 7.823474281008620892e+02 3.694109810076198528e+02 2.256097733352123100e+02 4.758479467038974349e+02 1.213555400246265492e+02 1.346659371458105738e+02 7.644883918715165692e+02 4.632932540077839576e+02 4.893374870231818932e+02 1.149035507289645466e+02 4.580911548023063347e+02
1.450199394637623929e+00 6.990424114201022121e+02 3.340867982428537175e+02 4.636214010368629488e+02 2.857405236698920703e+02 7.411619277100367071e+02 4.058909799241253040e+02 5.516374615334133296e+02 7.945526302265615186e+02 4.754237161935727158e+02 4.213945336468906362e+02 2.629085290780724335e+02 1.736701963337125392e+02 5.087279607914201733e+02 6.891328763421649910e+02 2.916602151907000575e+02 2.365103342502729902e+02 3.126026206760304262e+02 4.796014972938385768e+02
1.311696371162710317e+00 7.474697502400174471e+02 2.613477438056586379e+02 4.778863320237123844e+02 3.191326239421216542e+02 6.521086844860624296e+02 4.258378117201975783e+02 7.930568530591588114e+02 6.067512058099979413e+02 4.607313634906141715e+02 1.454598181017190939e+02 2.836808335943089219e+02 3.477724533530933400e+02 5.139884121981441467e+02 8.195578570442992259e+02 2.247115777669260694e+02 2.599133859191785518e+02 3.874916773232349669e+02 4.574497888206080916e+02
1.888993071302512705e+00 8.302663259184739672e+02 6.669112741032098484e+02 3.769640433768847743e+02 4.746365950117962029e+02 4.442580041455981359e+02 4.638899728388310564e+02 7.488299618211501638e+02 7.823351387407581115e+02 4.434446011777181980e+02 2.516522142047442685e+02 7.144842547208784254e+02 3.006308178199902841e+02 3.027079848689757000e+02 5.872631627959700609e+02 4.827508054640585442e+02 4.426634309418860767e+02 1.133046528370140322e+02 4.711052963393362916e+02
1.863957929717818374e+00 2.621805639004277850e+02 6.347766985088900356e+02 2.178252060390882150e+02 2.216931900739327261e+02 9.552332951137705095e+02 3.936027573770731465e+02 2.097231990039384186e+02 6.500679269483446205e+02 3.540619918227791914e+02 5.170864904157944011e+02 8.496885446042657577e+02 4.898114745517804067e+02 2.914479573548772464e+02 2.318843015245312245e+02 2.835991942306080773e+02 6.353938189401281988e+02 4.316208484154146845e+02 4.898253589495483311e+02
1.442350842676556777e+00 1.344295676230542540e+02 5.855995768138861877e+02 3.069692709294592987e+02 6.357119570508531297e+02 3.196159931440870992e+02 4.933318899779707181e+02 6.685724278289829954e+02 6.439699335859479561e+02 4.383826805826702753e+02 5.525122722779105970e+02 5.783387837774928357e+02 4.720631681514573188e+02 3.907497077341154750e+02 7.740964551054861431e+02 2.103700411123488436e+02 3.796433151121279366e+02 1.375840093769516272e+02 3.777855116582827009e+02
1.896798209616380682e+00 5.568277852343406948e+02 9.696289129313425974e+02 4.000281550549933627e+02 6.615394617621958560e+02 3.770780469811352873e+02 4.695423818853813032e+02 1.408835816246026411e+02 8.348242222816388676e+02 4.491964035042677779e+02 7.438378640581337322e+02 5.634976801813012344e+02 2.728053212160028806e+02 8.359551614211144397e+02 4.047963337815496629e+02 4.994776746346225309e+02 3.757175339088317969e+02 2.599428166970438951e+02 4.399739723239135856e+02
1.555803220698067868e+00 6.743242699576481982e+02 6.714709385290931323e+02 3.717706889333580307e+02 1.765214192536197686e+02 7.959068940786439725e+02 3.933126102809536633e+02 7.160519963751733030e+02 6.805053510554670311e+02 4.213572691868572520e+02 6.839179052102898595e+02 3.574104234368091397e+02 4.643840860485345843e+02 2.189128262060926886e+02 5.147283002868886115e+02 4.344947141587010719e+02 1.875638381997876820e+02 3.294691085919288298e+02 4.703058660416957082e+02
2.090985406107166433e+00 9.255651941568389702e+02 3.064088817856860487e+02 3.821123477413642604e+02 4.501047158563383164e+02 8.883018708537910015e+02 4.904858214312997120e+02 6.850679908771796818e+02 7.332903091105179101e+02 4.701592802209673891e+02 8.293860750627027301e+01 8.781622959517294476e+02 2.319822353456046926e+02 9.855342921659233753e+02 6.587049273168253194e+02 4.936024291891739040e+02 1.530314187170802143e+02 1.270167820713223819e+02 4.365543610734693516e+02
1.887222237942981051e+00 3.620225223264608303e+02 6.216883770993234748e+02 3.962177348171042013e+02 3.339824556622521641e+02 3.470468896039982951e+02 1.818565942468361243e+02 5.325117279966202659e+02 5.293109213757683165e+02 4.655063244186383713e+02 9.457656016070404803e+02 3.442731260321814943e+02 4.355266201384314400e+02 9.566311892703718058e+02 6.518923173157808151e+02 3.852272456009643520e+02 4.866904640003799045e+02 1.723049701115992889e+02 4.828072026998414117e+02
2.008887805882774380e+00 8.027984652184130709e+02 6.885770942555973306e+02 3.121784008461985422e+02 3.062970534007764627e+02 7.111165851817314660e+02 3.031556984921668914e+02 5.600922397841198972e+02 1.706234340711220909e+02 4.893433685278890835e+02 6.144109205172040902e+02 2.599421932506607504e+02 4.323057929733091669e+02 8.452183368878041847e+01 3.408218799463813866e+02 4.875975645650150909e+02 4.766607254071487887e+02 3.219293344080623456e+02 4.856003738202293221e+02
1.941535808847008271e+00 2.046874873247198821e+02 7.864205940088509124e+02 3.060110548383510150e+02 7.078322591175931393e+02 4.252981304457323404e+02 4.425123176572444663e+02 3.535899514097051792e+02 5.319842772165158067e+02 2.594645722877667140e+02 1.381982141345316677e+02 3.932034564063001767e+02 2.927536465914885753e+02 7.017389396361895706e+02 6.309533778509994590e+02 4.928923106275237842e+02 5.794313594595303130e+02 1.404871087796861389e+02 4.373974503316176765e+02
1.773219898836554176e+00 9.125557596017611104e+02 7.286300285323113712e+02 3.425883383266368583e+02 4.230094649857835520e+02 6.789645864088799954e+02 4.645561858306580234e+02 4.529972454319736244e+02 2.427736437665988660e+02 4.862648637851242484e+02 7.506773401382964721e+02 2.262298825990033890e+02 3.577854008541876283e+02 2.662475029743231971e+02 6.985204004910793856e+02 3.118331769832319083e+02 5.561107234706586269e+02 2.384325583133700661e+02 3.700071846739033958e+02
1.468322549712840486e+00 7.051412969944293536e+02 2.722814580640688291e+02 3.892748617091685901e+02 3.438666124522679297e+02 7.477892353097965952e+02 4.619725103859936439e+02 6.078488285215629503e+02 7.798097058860118977e+02 4.326166537824656757e+02 7.782784743661791254e+02 5.278293007706311073e+02 3.929661685720554942e+02 8.053687938729440248e+02 6.226466483907346401e+02 4.812387204611005700e+02 2.430720454923248610e+02 1.991431409653181106e+02 2.890822875219080288e+02
2.019092836533013191e+00 7.614588232563038446e+02 4.958598860656456395e+02 4.181166658304901489e+02 2.000916997069550405e+02 7.297318384688494461e+02 3.643602041509961396e+02 6.920837600623603976e+02 8.108338400974630531e+02 4.350415672623472005e+02 6.488372323861385667e+02 2.373315042085569360e+01 3.309340179953509278e+02 5.418012364510988164e+02 8.623895609173556522e+02 4.067375336252297302e+02 1.464601672182951688e+02 1.345528551192248585e+02 4.678450679644146817e+02
1.944867139803821976e+00 7.671095833605174903e+02 7.398998981022600674e+00 3.977833966985481311e+02 5.542033953794243644e+02 3.725992207599729795e+02 4.693761358119224951e+02 5.225288944281743397e+02 7.257401769699926035e+02 4.874193403318700462e+02 1.990964361092785282e+02 6.484652713303631799e+02 4.356753346995448055e+02 9.806848313957973460e+02 6.658420038487610100e+02 4.850861020660504437e+02 5.037309640978538141e+02 6.910909642336669378e+01 4.887154306787731457e+02
1.863947744583666744e+00 2.180741946416036399e+02 8.341633684705072938e+02 4.785552890608703933e+02 3.808372775378989559e+02 3.971767358855508974e+02 4.524796943923913659e+02 3.818178000649705837e+02 5.235483630749114354e+02 4.814768823019152819e+02 8.311884682716680572e+01 2.827744089327240999e+02 2.779452502461425638e+02 7.537892363523133099e+02 6.108765679047156709e+02 4.945887562508539759e+02 6.098078012714796614e+02 1.201958289996041884e+02 4.338995582601048113e+02
1.326985996259424816e+00 7.005577701174784124e+02 2.635433797468644457e+02 4.617968282250908487e+02 6.557877224503690741e+02 6.614325208109827372e+02 4.658713314370296530e+02 4.163530464770873323e+02 2.905125330057188648e+02 1.670913772823334114e+02 3.390900397224381209e+02 6.331875603149435392e+02 4.822168498639483118e+02 3.912551567022331369e+02 6.386581340994573566e+02 1.596376771628133042e+02 3.763309016286995075e+02 2.249278906384433867e+02 4.279233142336751712e+02
1.892688801285884459e+00 8.027755010316000153e+02 2.161944569237838607e+02 4.604069525747167972e+02 3.577155921768997473e+02 6.360402465642717971e+02 4.328988774458197213e+02 5.630033216884185094e+02 6.491087283889307855e+02 4.580839130877947696e+02 6.804055365719929114e+02 1.344875226249821480e+02 3.288709933637913423e+02 8.777025343824990387e+02 7.565179641765138285e+02 3.332405221155625554e+02 2.744517184373298733e+02 3.969652516841844090e+02 2.377755784187869779e+02
1.776501489372077192e+00 8.723290345305591700e+02 2.500916386312372879e+02 4.517408552370902157e+02 2.547807311723909720e+02 8.907322523992359038e+02 4.264305856686165725e+02 3.385263789181413472e+02 2.276390612948135299e+02 4.627927369036946743e+02 7.580719485536428692e+02 7.825731257038879676e+02 4.139800391916298281e+02 7.813193206642292807e+02 6.694306412446915147e+02 1.677319282795555466e+02 3.263967705869331439e+02 3.029364633775119273e+02 2.135897807655319980e+02
2.004048023686354263e+00 7.830434568835655682e+02 7.660808753178139341e+02 4.359990319235849938e+02 2.698978842880554794e+02 7.020634645160682794e+02 4.243673587100168447e+02 6.791111666144979608e+02 7.372605759926785822e+02 2.178606296685239272e+02 6.301274425748201793e+02 1.592760837900755178e+02 3.766006861059444759e+02 7.280740948304102176e+02 4.165119073858277261e+02 2.875965124747407344e+02 1.929700227749134456e+02 1.986460683283147546e+02 3.064358202387023766e+02
1.569046965944190575e+00 6.239863979031684948e+02 8.474047956346889805e+02 3.316951128117569851e+02 2.743533814535878150e+02 7.410509811353405212e+02 4.748846890179231650e+02 5.675630299281237967e+02 4.510751404731737466e+02 4.692949607735289419e+02 6.871337175154762917e+02 2.290015225675126658e+02 4.238809901982135671e+02 7.333887433796260211e+02 1.991113129785931051e+02 2.991288992106818796e+02 2.006435639775920095e+02 2.476479716690468535e+02 4.326512309657134665e+02
1.967482558218732525e+00 7.997933782147482589e+02 2.215889290155758147e+02 4.616449993056066319e+02 3.325294200001662261e+02 6.709201065929128163e+02 4.255245648012155470e+02 5.106417079585847887e+02 6.630382096713323108e+02 4.557153506076413123e+02 2.451773207704187882e+02 9.940826574904775725e+01 3.276505132020520250e+02 8.479301391579198253e+02 7.460246477076523206e+02 3.042955788007395768e+02 2.757632260705922818e+02 1.540512621028983631e+02 2.371845725389241863e+02
1.769100697770829234e+00 6.667069694933314850e+02 3.556387710854281750e+02 4.498440089941173028e+02 4.023186725223180247e+02 6.081058877770478830e+02 3.220279749269922149e+02 1.191209033475207093e+02 3.103081538329794284e+02 2.107269201632578586e+02 7.008481590016403970e+02 6.523433222589187608e+02 4.769878415027634446e+02 3.229142903027938587e+02 6.244455607110380697e+02 1.879124859565350789e+02 2.307742537465349528e+02 6.345038762632680118e+02 4.440606332645352836e+02
1.640222970378605094e+00 1.311160978265523340e+02 5.915934346936550128e+02 3.083448784082257816e+02 6.077273212989269950e+02 3.583713931759104980e+02 4.851382092617438389e+02 6.103928570180567021e+02 6.594471350108385650e+02 4.357509444936108594e+02 6.892536583171710163e+01 5.393618316931213030e+02 4.707070790828580584e+02 3.576692685956941204e+02 7.624372145845288742e+02 1.782089929847677467e+02 3.811005458157528096e+02 1.482380678321464416e+02 3.771288384584351547e+02
1.849155162997719204e+00 5.818961156370528442e+02 7.037417525456301064e+02 3.072816202552627374e+02 3.820968181803354469e+02 7.606289181348170132e+02 4.815792922384721351e+02 4.901581118686174250e+02 3.412690648973934344e+02 4.188680583647380899e+02 7.201168684610303217e+02 4.514248147110647551e+02 4.517089166020969060e+02 7.369695501046968502e+02 2.026577933087496319e+02 3.252208103790907217e+02 1.792893609814119884e+02 2.925448222735716968e+02 3.056705819213212862e+02
1.665195800646569024e+00 7.049202996158957149e+02 4.235017510705345671e+02 4.615268944892890204e+02 3.320389721212063137e+02 6.702297613704706691e+02 4.255294748122211672e+02 5.417301723770009403e+02 7.736936993185169058e+02 4.582045236843807174e+02 3.257065998101673472e+02 1.324642246474371632e+02 1.455039758156100902e+02 6.079965956517287395e+02 7.066567106131477658e+02 3.063137120734508585e+02 2.667235700034078718e+02 1.486345008645344876e+02 4.750425116125661020e+02
1.503006265726304136e+00 3.046456100490355539e+02 3.823380868081544577e+02 1.347461325864836681e+02 1.735708921034585615e+02 8.662556013769421952e+02 3.473608526678693806e+02 8.121629007434894447e+02 6.596030880268348255e+02 3.742918725380768592e+02 5.214052900071990280e+02 4.792630429988395235e+02 4.484943277823080052e+02 2.413503636095978209e+02 1.883822569847247337e+02 3.510194517244927965e+02 6.187465401277768251e+02 3.138121227107769187e+02 4.448689940554737632e+02
1.165265110729250209e+00 7.610044571866242222e+02 2.620410454039369483e+02 4.888524359903427126e+02 7.928564197665555184e+02 5.802973220534447591e+02 3.951246288699596221e+02 5.272082135395600062e+02 3.317666126131761075e+02 4.618639771094631215e+02 2.073978677054951731e+02 7.571967929232879442e+02 4.338666486005358820e+02 5.685775819445083243e+02 9.490089204721637088e+02 4.735204280254181981e+02 1.269384212192339447e+02 3.873398194688166996e+02 4.646461976638324813e+02
1.873162127695940704e+00 5.949507013334521162e+02 4.969175768372514312e+02 4.503759203872796206e+02 1.273931189703901907e+02 3.270639115380791395e+02 3.593567550568832871e+02 7.118317774756034169e+02 7.518336245890428700e+02 3.973192283340420659e+02 6.486541017450325626e+02 1.324184870391642335e+02 4.916005627580086070e+02 2.188972903913590926e+02 8.803193852519590337e+02 3.994711053854700253e+02 1.520134202658528864e+02 1.130568033523692861e+02 3.606994198616989706e+02
1.803841524850897660e+00 7.444971243625517445e+02 6.878551711721232778e+02 4.590097993468117465e+02 6.507421784290348796e+02 7.424327543578141331e+01 4.537422493715238261e+02 3.178122000904113520e+02 3.550719996258392825e+02 3.756654603670131110e+02 8.783351753337399259e+01 2.221667483837412362e+02 2.974118783383440245e+02 2.838186343813389954e+02 6.944247713717497845e+02 4.507296738363707505e+02 3.663532729005250417e+02 2.632216531628345706e+02 4.884691148338806670e+02
1.698186031201460500e+00 2.528763479623382864e+02 7.333837339012552548e+02 4.459090273459680134e+02 4.737581011893094001e+02 6.530166636997313390e+02 2.494116242990001524e+02 6.241440507731481375e+02 2.625355728034966205e+02 4.706950173883382718e+02 3.180969669956604662e+02 3.763898258805043042e+02 4.046925952269701838e+02 7.682070049257770279e+02 6.929893728570121993e+02 3.194532014848109611e+02 5.519859727175600028e+02 4.218563852501002316e+02 2.167537591963276498e+02
1.880153211699771454e+00 6.109784306709404973e+02 6.393102554067296523e+02 4.421193201204149545e+02 1.827482463181904393e+02 7.002534250437073524e+02 4.215088673939588375e+02 5.670396829623119856e+02 7.668191496816252766e+02 4.964031417972532836e+02 4.899072252901877391e+02 2.870369299271551427e+02 3.911628157439958500e+02 9.275494532050443013e+02 8.990148597722924251e+01 3.843747123449326182e+02 1.906086367343960148e+02 2.060828363181243503e+02 3.279930179330675628e+02
1.649829580297678566e+00 3.437407499006282023e+02 6.920298569616957138e+02 4.633260631782541168e+02 4.828829293145011547e+02 5.838921348481993618e+02 2.340715853508883697e+02 9.082186393218158855e+02 3.917454990699259270e+02 4.895268709091189407e+02 5.667193193671873814e+02 2.600688203431199668e+02 4.909423229934049004e+02 8.247652805103103901e+02 7.384179216595998696e+02 1.741372238947710684e+02 4.691308850557430787e+02 2.539483873587856522e+02 4.600661653553379438e+02
2.031393533200792412e+00 8.578964319657524129e+02 7.161007223482459949e+02 4.622635492463753621e+02 2.433960784966383244e+02 6.781154095003930706e+02 4.008271697154726780e+02 3.308926437951661796e+02 9.613545643323166132e+02 4.504147981916077015e+02 7.252577461708658575e+02 1.331955446790102258e+02 3.327250514221464073e+02 5.056622087495278492e+02 4.137463685242551037e+02 4.572173604236439814e+02 1.149243959732669680e+02 3.450946426250582135e+02 3.285807619466888809e+02
1.517962219675333735e+00 6.891983891986301387e+02 7.245184657087113465e+02 3.542623393831160570e+02 1.747363446736618471e+02 7.646609001228868010e+02 4.043874733200057676e+02 7.474162726588015175e+02 6.711321131203510504e+02 4.144725337001931962e+02 6.227186082021066795e+02 2.347114817995024225e+02 4.479303123314834352e+02 2.767464892240079735e+02 4.924207336799066184e+02 4.363796537401790943e+02 2.213154402130647327e+02 3.069232421696155484e+02 4.664193192955702898e+02
1.452931047715235513e+00 6.439548214730119753e+02 2.615258235638920610e+02 4.464353133500165427e+02 8.157624074121448530e+02 6.521556934237038377e+02 4.653003093802266221e+02 2.604937902790210842e+02 2.277137388104749789e+02 2.462952202887919952e+02 3.887944483056717786e+02 9.062072840997041112e+02 4.682751927137912844e+02 4.432595414013578647e+02 5.834409295582127015e+02 1.751355851017475800e+02 4.579406953698976395e+02 4.462173724855426826e+02 4.460720288890352094e+02
2.014992345112037064e+00 7.562613339394933973e+02 6.991668231183675175e+01 3.947436619493815328e+02 5.395057192955698611e+02 4.086461524285334690e+02 4.621692956067655018e+02 5.454758191867725827e+02 7.269287623723997740e+02 4.944229394297057070e+02 2.396546648858247011e+02 6.005382296440408254e+02 2.562880912450547726e+02 8.183615395073784384e+02 6.934106361707016504e+02 4.766284299604452599e+02 4.691540725674859118e+02 7.096503138280684198e+01 4.890242231420833718e+02
2.020419451184646498e+00 8.850030684793409819e+02 3.560402997722694067e+02 4.442225446669128246e+02 3.659749414307836446e+02 3.585928523244639905e+02 4.381644607475168414e+02 7.056403055731685754e+02 6.827574874183959537e+02 3.239359561818989164e+02 1.531334221994385985e+02 4.460975836953469980e+02 2.852874236724243246e+02 3.506061263013825737e+02 7.999195352565707253e+02 4.614769340623437870e+02 4.974731774836478735e+02 1.197786358434920402e+02 2.440190096360286134e+02
1.975494860650289120e+00 6.886592637535279664e+02 7.358703510162514476e+02 3.402500346840958514e+02 4.451869370087737821e+02 6.370719280775557536e+02 4.725319429549634833e+02 3.998391987733864994e+02 6.217684804458797316e+02 4.442087294034686238e+02 7.214727650740315994e+02 4.375519710233455726e+02 4.824227083090606243e+02 6.074897998703663689e+02 1.038496540038246394e+02 3.582956509870580248e+02 1.504452158872729228e+01 4.351812469082860844e+02 3.155890476220391747e+02
1.852031713659315626e+00 2.650673508594915120e+02 7.181559443467368737e+02 2.826138095089411877e+02 5.986294448895660025e+02 4.539245559851922280e+02 4.552696053503762528e+02 6.198151878874608656e+02 5.959381509105936630e+02 4.920902053137515395e+02 1.299186589402185916e+02 3.887524824865135997e+02 3.536683308680438813e+02 4.471727662707648960e+02 6.914252291742374155e+02 4.393458253373230491e+02 5.332000098443575098e+02 1.664683722466643871e+02 3.941181467642452958e+02
1.532916074954374430e+00 8.034481313216248282e+02 5.516567361370314302e+02 4.494692465615784158e+02 3.890719700199773570e+02 3.139625229128583328e+02 4.459852936262557250e+02 6.855284357474808985e+02 7.748705136128143067e+02 3.672934640380232736e+02 1.792120136591699406e+02 5.164395457912736447e+02 3.157477297990670877e+02 3.934755013736294700e+02 7.456507418887749736e+02 4.720104035136104699e+02 5.306996600153239569e+02 1.081369983902302465e+02 4.597390439322668954e+02
2.007329055854408573e+00 8.168262568535801620e+02 6.654380442899814625e+02 4.618926023232633042e+02 2.931663484296569777e+02 9.125882240066457598e+02 4.064080874619481847e+02 2.044675403338685555e+02 5.597221734043479273e+02 4.363529402243605091e+02 7.744387611422507689e+02 1.881013823468366297e+02 4.875309274294972397e+02 1.234023094570371200e+02 1.712234061855972129e+02 3.786202658019348064e+02 1.968302524794034980e+02 2.081909245709362040e+02 2.767127440961007778e+02
1.865301405720441785e+00 2.212142864813665142e+02 8.453622908750933220e+02 2.865573331158599331e+02 7.058488429176398995e+02 3.905803593837798644e+02 4.548177210339690077e+02 3.884391472804031764e+02 5.215695683997203105e+02 2.518148661914733282e+02 7.019899523655033136e+01 2.568712990315149227e+02 2.744716757947650763e+02 7.659985652116509982e+02 6.061671927321306157e+02 4.949866879402771360e+02 6.169331394742825978e+02 1.154361460882269057e+02 4.330790650581449768e+02
1.480093909069243763e+00 6.812954159696230363e+02 2.254079170154491294e+02 3.486085456284123438e+02 6.264585345493467230e+02 3.402749683872577862e+02 3.995152571225115139e+02 2.278347310178473322e+02 7.911587275052928590e+02 2.796555238464283093e+02 7.103967453092471942e+02 7.197245875103490107e+02 2.490860930016996519e+02 6.740858919767325688e+02 9.182884456986727173e+02 4.396870804645348016e+02 3.130714292035343647e+02 3.026961968812361192e+02 4.710514271027456061e+02
1.907955897495048792e+00 3.052031745638454936e+02 2.663708950590103086e+02 4.400845713797277199e+02 6.993879369506040575e+02 3.258652922156925911e+02 4.661597513660715322e+02 2.338912223592643329e+02 2.807369818364992398e+02 3.888965180333312901e+02 1.368184963197416550e+02 6.468552661292669654e+02 4.342202305240689952e+02 7.440031364327587653e+02 5.793860926907204885e+02 3.725589489486922616e+02 7.091929303469579509e+02 6.550737496658368855e+02 3.534793217650693009e+02
1.776858771284114846e+00 6.043790184363525668e+02 2.973131055539330987e+02 4.257210622779757614e+02 3.457692497454141858e+02 6.726749759863065492e+02 4.310935415752419999e+02 6.052952966782057729e+02 6.312406026938853074e+02 4.610070374688210109e+02 3.545836841289658992e+02 6.790594876640027451e+02 1.214550956991173791e+02 3.320849888999745758e+02 3.621527502698041872e+02 3.289575952449509373e+02 1.752275728387973572e+02 1.262533593568008712e+02 3.255930039169537622e+02
1.529458748379407762e+00 9.048874430657986068e+02 5.828832219832711417e+02 3.801670220677777934e+02 4.371675457944657524e+02 4.168701403146152984e+02 4.765177983716267249e+02 7.455587856651058019e+02 7.893856596113105297e+02 4.565960322050236186e+02 2.146668433879874556e+02 6.333975650716009795e+02 4.621438148351182349e+02 5.766850475509274929e+02 5.432934854237804529e+02 4.903967640681457851e+02 4.832049076054770467e+02 8.938864562480188170e+01 4.585133665026334029e+02
1.710353634121412947e+00 2.834804369403976807e+02 1.730147193064057944e+02 4.988137859593296071e+02 6.300805907072307264e+02 2.203259524171733688e+02 4.516569612038854871e+02 5.791134017255419622e+02 2.746906354828648205e+02 3.272140969501783729e+02 7.814193387782646028e+01 4.864390518962870829e+02 4.464649292271212175e+02 1.094155623341006276e+02 7.076800317558925144e+02 3.638592233688293049e+02 7.805022758964425975e+02 6.508879495639420156e+02 3.442726573153431104e+02
1.761285462161724436e+00 5.046926322544211416e+02 6.307518183314061844e+02 1.122705107605489019e+02 2.965239280390817385e+02 8.576249518044817250e+02 3.678211549379172993e+02 8.786415556369915976e+02 6.917324277888160395e+02 3.884686337339887814e+02 3.717967650576425171e+02 3.666521328216325060e+02 4.556181606340769008e+02 2.604861062639657234e+02 2.769150564057966903e+02 3.178388349621484394e+02 5.547461034011462289e+02 3.684314701673505965e+02 4.257217380739875807e+02
2.109776714131212927e+00 9.223699725199691102e+01 7.557415749033046950e+02 2.205606994729937469e+02 7.134809889424059293e+02 5.126778698657728910e+02 3.165980038777663594e+02 1.003841088313204182e+02 3.269472896666220549e+02 4.535112723904543941e+02 3.883350055934377565e+02 7.450535214528890720e+02 3.281187241184725849e+02 5.291449923012061163e+02 2.094419136132502217e+02 4.899924265090265862e+02 2.509812991411335190e+02 1.191890078004566220e+02 3.714591245100631909e+02
1.900298376416547530e+00 7.767298783539213218e+02 4.956060287959940069e+02 4.388750185360781870e+02 1.562763779136511744e+02 6.271138180430294824e+02 4.606725890211424144e+02 4.287377869191109880e+02 9.081090257015105180e+02 3.418926504911148641e+02 5.923456398832872765e+02 1.985261722927043024e+02 4.610006018989705581e+02 2.144744533067592158e+02 6.254590807141387359e+02 1.896218614650999257e+02 5.773180964715824075e+02 1.985426170926089924e+02 4.551637753289064676e+02
1.548471515319501224e+00 3.763247352490240019e+02 2.588360045271216450e+02 4.510888629220112307e+02 3.113096643777654435e+02 6.117461106358746292e+02 4.264439259468342698e+02 2.024592820146285135e+02 3.711480360615668701e+02 4.391921581195560407e+02 2.172681282852156812e+02 6.729665700965560973e+02 3.717941283074426906e+02 7.928471590003929350e+02 8.181194127807273162e+02 3.495140755406050630e+02 6.705321734116918151e+02 2.417187731350910269e+02 4.525192250680620418e+02
1.954964336017543935e+00 7.937212060077833939e+02 2.633831079644543820e+02 4.901027450314171006e+02 2.088209173273481269e+02 6.613902127671054814e+02 4.303550835430035022e+02 8.956598029792112357e+02 6.316462533052895196e+02 3.600839061639733814e+02 1.200888725388806932e+02 7.291375486008786311e+01 3.199910874416085562e+02 4.549111404193407679e+02 8.511633688369352058e+02 2.042560705614739618e+02 1.981063231230523627e+02 1.720747649923664540e+02 4.381632981720907765e+02
1.823392373481548256e+00 5.004276265115885280e+02 8.285613419213939324e+02 4.951267984201375612e+02 6.318491465823942690e+02 2.349637982439581378e+02 4.478022739187955494e+02 4.683270055548013033e+02 7.736486565771084543e+02 3.837882096072452214e+02 7.460546556158567455e+02 5.246837127092030642e+02 2.849176745659663084e+02 5.681434580947265545e+01 5.757554350481858592e+02 4.938632243131901305e+02 4.471579491574112808e+02 2.721009813978432135e+02 4.295558947772299803e+02
2.183736474180937748e+00 3.111765969332506074e+02 4.816880343944665128e+02 1.324189030891793095e+02 2.250136126049188192e+02 7.874420832218687565e+02 3.691814025435314193e+02 8.011548016808089869e+02 6.364264981290074275e+02 3.551594364167524418e+02 4.150853635219509670e+02 3.343249269648003406e+02 4.146382888665025348e+02 3.516488467877184121e+02 2.078531839524833345e+02 3.673011149275492357e+02 6.523168020757044587e+02 1.316253229202258694e+02 4.398034544096154832e+02
1.637114909726298473e+00 8.005793781765811445e+02 6.046327103909460448e+02 3.955378147709660652e+02 2.159748260047671238e+02 7.922038876235660609e+02 3.889879381585124065e+02 4.635070186785169426e+02 9.303779299504205937e+02 4.152214750144866571e+02 7.106895766759857906e+02 3.612471730558013974e+02 4.620228979309941337e+02 2.048322012897993432e+02 4.537168726019298219e+02 1.689857587434912602e+02 4.944616936710621644e+02 2.137553402841015213e+02 4.660216645578246926e+02
1.742790025722599445e+00 7.962768192724793153e+02 7.159741988365531142e+02 4.055595083560672833e+02 3.062018765702943028e+02 7.601824509976978561e+02 4.063607234737209524e+02 5.970575582061219393e+02 7.606722507171078860e+02 4.179367083615629781e+02 8.353250381226147283e+02 3.199523004905231574e+02 3.815836503606217320e+02 4.208302365233624300e+02 9.121711008921085977e+02 2.392009501789420085e+02 2.758416138259096897e+02 2.366949129311596494e+02 3.418689892124446601e+02
1.853325205943719745e+00 1.270261286567638734e+02 6.839846736732172303e+02 3.329864134775884281e+02 6.592873729539875285e+02 3.313482025558145665e+02 4.812927083873869947e+02 4.208824248639884331e+02 6.163295590154722277e+02 4.874986484140090965e+02 7.520050135010023951e+01 4.429280489190593926e+02 4.093567263816357809e+02 6.433390637630257061e+02 6.828397914747122286e+02 2.025407987290835479e+02 4.137474759539659885e+02 1.024051048784260161e+02 4.044454110492723657e+02
1.865965725130286357e+00 1.701391290978993993e+02 7.769536697224880299e+02 4.339863175389448884e+02 6.380601008014505169e+02 5.843287341937924566e+02 2.411998345255046559e+02 1.080487239423130177e+02 6.805772235297758925e+02 2.450710852610227164e+02 2.925711713201143311e+02 2.974755846247438740e+02 3.288854165320038874e+02 8.532397236231211082e+02 7.248694115353828238e+02 2.626805130218257318e+02 7.272221154402664069e+02 2.914234049118812209e+02 3.284133802743320416e+02
1.536430663942209840e+00 6.965896091307063216e+02 6.131038432201501109e+02 3.219623285829090378e+02 3.299737217828619578e+02 7.909116458253379278e+02 3.976789740521787735e+02 6.077671217705266145e+02 7.804820306929397020e+02 4.809035887207966198e+02 7.213561571244767947e+02 2.854569897237449254e+02 2.797539728616148409e+02 2.914913037886936991e+02 1.776819063416709241e+02 4.853408544475523740e+02 2.041801983497224455e+02 3.055889801868123641e+02 3.334803271124105208e+02
1.933561700378136017e+00 7.133347643357943753e+02 8.282475498782719114e+02 2.890076565168917568e+02 2.517445071662988312e+02 8.819268332323525783e+02 4.205016846113235829e+02 3.638360733629374408e+02 6.778502757355004178e+02 4.830085571259186281e+02 6.879147886931235689e+02 4.129517198361467081e+02 4.343250915503143119e+02 9.818437937780724951e+02 3.498719124963821514e+02 4.460460154955823668e+02 1.420828340469706177e+02 3.115741311717209783e+02 4.766489464619327237e+02
1.984596086102878409e+00 4.873015565578456858e+02 7.285017062791430362e+02 4.717440057417617822e+02 2.572187542101626718e+02 7.193663113935033380e+02 4.222832796276616136e+02 6.631224876141634468e+02 5.509421807923100687e+02 4.561748475134193086e+02 7.109155964792795430e+02 2.588633068020480366e+01 2.715625986872198041e+02 1.061250737992239692e+02 1.287978638443881323e+02 3.751013012893083101e+02 1.379690232659683602e+02 1.473054635296259391e+02 2.725031522447327461e+02
1.779272706742311971e+00 7.391286180184705472e+02 4.119641468436395257e+02 3.537209986733914207e+02 4.520558910927485385e+02 5.484110957802890880e+02 2.493540760067879205e+02 1.485848553497384898e+02 4.205228396123625885e+02 4.982392510654921125e+02 6.368155489430035914e+02 3.383622513891789367e+02 4.777027975419347285e+02 6.223866860961275052e+02 8.611385471751376599e+02 4.811308784500135971e+02 7.489349187282475668e+02 6.534286303052723497e+02 4.646710103897800082e+02
1.715116267874925882e+00 8.513294187917072122e+02 2.361302849017606320e+02 3.921536122911531947e+02 3.374955246895937648e+02 7.556438155506257317e+02 3.978290519668569800e+02 8.296208690003372794e+02 5.811907485188771716e+02 4.038060909399483762e+02 4.660392600901153628e+02 5.162225621099053114e+02 3.842879489688090189e+02 6.481444346502551070e+02 8.063325122706411321e+02 3.679416021397228178e+02 1.817394256046234204e+02 2.788303164416402069e+02 4.399978601497892328e+02
2.099791866794970652e+00 6.820008220794491081e+02 8.756186155514487837e+02 4.968429749412535443e+02 5.649418765118906549e+02 2.007598999177272390e+02 4.830014656668560065e+02 3.698474930858841958e+02 3.642778348474413406e+02 4.488668962325695588e+02 1.467018941103558518e+02 2.894944885308124753e+02 2.379147709411444680e+02 6.589527478966004992e+01 6.543217779964529655e+02 4.608583886454940171e+02 4.237259121396234605e+02 2.929974160268114929e+02 2.362939603234314063e+02
1.504243559773254413e+00 8.675041615534036055e+02 5.860269174880429546e+02 4.480160004376074880e+02 3.362836960633712806e+02 3.249607506212140606e+02 4.510190413720164315e+02 7.215384823268733498e+02 7.872722831316302745e+02 3.808449407079713751e+02 1.835073652616831339e+02 4.105823298461492072e+02 3.036517533953854127e+02 4.304191107628527675e+02 7.213365287398249848e+02 4.718308751575694941e+02 5.336836288889207935e+02 9.209349929361408726e+01 4.470715168839662397e+02
1.624465950580999740e+00 8.337140761416000032e+02 5.446941315932583620e+02 3.817817399833010654e+02 4.958211835240280720e+02 4.046498873053311627e+02 4.709247453207814829e+02 7.055476227991141513e+02 7.756059157015150731e+02 4.415388359050812710e+02 2.098942304963061360e+02 7.510166938995170085e+02 4.755837886169867943e+02 5.356365926740127179e+02 5.703092778115026249e+02 4.905962400193023996e+02 4.798893866348139454e+02 1.072147557321531650e+02 4.725883965563007791e+02
1.994196610968026029e+00 2.892325246484144259e+02 6.007460335762571049e+02 3.436713831086416917e+02 6.434317343121258546e+02 4.646496568317994615e+02 4.398635168428195357e+02 4.297111964716190187e+02 5.594049962966948897e+02 4.900663514306143043e+02 1.688929277206968038e+02 6.850488050950056049e+02 3.388505332581733569e+02 6.819997085885153183e+02 8.200464182986468131e+02 4.731316531020039520e+02 5.789524319657417664e+02 1.723026153059309138e+02 4.275915551955609430e+02
1.638455773498163515e+00 7.346110859653372245e+02 4.779369407189345793e+02 4.047011901125459303e+02 5.166145101971274016e+02 5.252376460587754536e+02 2.359002976450346978e+02 4.425023712350580354e+02 2.741299917938427484e+02 4.958872435910114405e+02 6.331336753508562651e+02 2.550813738032032347e+02 4.907553260196600036e+02 1.635235458378758722e+02 6.547984396324327463e+02 4.311193714570925408e+02 7.020433499245444864e+02 6.367982774004993871e+02 4.260453154434738963e+02
1.546907062335998173e+00 7.702830646215935531e+02 2.475036671421304391e+02 4.604639511424306306e+02 3.276249412105670444e+02 6.640166543684908902e+02 4.255736649112718055e+02 5.754482186797904433e+02 6.774360073986944144e+02 4.806070813750353068e+02 2.938164446820306921e+02 4.299678547329417029e+02 1.377871770687818298e+02 6.085585618630727822e+02 3.523452767626065452e+02 3.244769115278521667e+02 1.853666653987481823e+02 1.544454960165040802e+02 3.007158126303517633e+02
1.342443174720387544e+00 7.677828307131647989e+02 1.831905439585783597e+02 4.033215227335458053e+02 1.536876532174005661e+02 3.889473008813945967e+02 3.678211549379172993e+02 3.756047293644970750e+02 7.596016750387117327e+02 4.340418673900801991e+02 5.666223539237780642e+02 3.772411732488217240e+02 2.861994501809006124e+02 6.605060885982123864e+02 7.234182966622780668e+02 4.592560463293630164e+02 2.794240291909972598e+02 2.967767692708056870e+02 4.827176080922786241e+02
1.694560338261893229e+00 7.321249588023290471e+02 6.480416449722559946e+02 4.599983448156058330e+02 4.624975568029328770e+02 2.913802193190676348e+02 4.460550843154476865e+02 4.885044457204702439e+02 3.309017193599560756e+02 4.258869160039802750e+02 1.744584843948077832e+02 4.222979916073965114e+02 2.698933120262238958e+02 3.658564608083831899e+02 6.677319660485337636e+02 4.669620682050419873e+02 5.483866787335800836e+02 6.631414238070144052e+01 4.787945959757209380e+02
1.576101695580488515e+00 6.005021607898728462e+02 2.756376201148133305e+02 4.209617916976332026e+02 6.816120194708921645e+02 7.998947136350061555e+02 3.826440777662833170e+02 2.064133416946460216e+02 3.576163685841419237e+02 3.548639053444042020e+02 3.641276553469533610e+02 7.759919331726462133e+02 4.174246102020683793e+02 6.051661739316430157e+02 5.309576120307733618e+02 1.905558975199999452e+02 6.667434772400729344e+02 4.279621474657532190e+02 4.598475789763116381e+02
1.387875573692260334e+00 6.598791112435048944e+02 2.292732632587037074e+02 3.641145059928170440e+02 1.729512700937039256e+02 7.334149061671296295e+02 4.154623363590578720e+02 7.787805489424297321e+02 6.617588751852350697e+02 4.075877982135291404e+02 5.615193111939234996e+02 1.120125401621956911e+02 4.314765386144322861e+02 2.231873813251398246e+02 4.701131670729246821e+02 4.382645933216571166e+02 2.550670422263417834e+02 2.843773757473022670e+02 4.625327725494448714e+02
2.069899028351814607e+00 3.223706770892435429e+02 4.095220098349255977e+02 3.101134038924179208e+02 6.844300671157423039e+02 7.116650580081061435e+02 4.440186101272199721e+02 6.864290526163392769e+02 1.518149125677541633e+02 4.534882631773508024e+02 7.328510301337568080e+02 9.553512244117462160e+02 2.833837809648146049e+02 1.691178461729396076e+01 1.159340337358116813e+02 2.473985251749094516e+02 1.976610471329178154e+02 8.574260506968764730e+02 1.360512626350533196e+02
1.643622380596223342e+00 6.190282875453805218e+02 7.193188171010961014e+02 3.184342826447660855e+02 3.898680587414897900e+02 8.791844198742790013e+02 4.961980129769636960e+02 8.889109019535503649e+02 4.613942077374685482e+02 3.782027083974091966e+02 7.469678566857907072e+02 4.753333528656444287e+02 4.877487950773343641e+02 5.206139027014282874e+02 2.479211304390556165e+02 3.339065665553246731e+02 1.533531168870538863e+02 3.612983305751422449e+02 4.634217255091333527e+02
1.834320540937891097e+00 2.505211553769270267e+02 5.908611132720395744e+02 4.813702531662563615e+02 5.920506616924234322e+02 1.487002873228436783e+02 4.499704553856709595e+02 3.975112202842545912e+02 4.001839464650860236e+02 3.298070416498092641e+02 1.235647007796548849e+02 5.311157678747025557e+02 3.430429418303432385e+02 6.025991817918654760e+02 8.771706724673219924e+02 4.644707266223400666e+02 3.871821540626369824e+02 2.827637052507645308e+02 4.735560532475976174e+02
1.834891452341492091e+00 9.065769829068091212e+02 6.859684165453207925e+02 3.114058857017604396e+02 5.179449656560750554e+02 6.295885888555433212e+02 4.923466607306224887e+02 5.307409072155481908e+02 9.258712628417711130e+02 4.383106394293591848e+02 2.697113657067965846e+02 7.661711653433626452e+02 4.445986552715376661e+02 5.630478634240111546e+01 2.522746169879236220e+02 2.562231241190606283e+02 7.145630907080125098e+02 2.141048159069881081e+02 4.956694629083456789e+02
1.876546070696808233e+00 3.605222478181017891e+02 8.143523282136514752e+01 4.554542049257021290e+02 7.603030192632038506e+02 7.804845089140656000e+02 4.569597526177024633e+02 9.716841756742138614e+01 6.615370142614684710e+02 2.939583039286097801e+02 6.434063744385476866e+02 8.541179480100058754e+02 4.493614766914562892e+02 5.708489096454052287e+02 3.887583931468453216e+02 1.538914914308272444e+02 6.257094657112274945e+02 1.513335029588902785e+02 4.169014674726413432e+02
1.643760073070412497e+00 7.982685442156007412e+02 1.945447596450459287e+02 4.826789897823133515e+02 3.012451481958023578e+02 6.794963283622821564e+02 4.246187293714441466e+02 6.047758236684002213e+02 6.903115534606556594e+02 4.242545005570292460e+02 3.089493352134459201e+02 7.181367635889829444e+02 3.625409144608522070e+02 8.141337543694165788e+02 5.692991273190931452e+02 3.215577939122995303e+02 2.242942073110378374e+02 1.903213484487915252e+02 3.045780812644215985e+02
