6.305266512695903103e+00 6.439155487029995584e+02 5.073534763508629908e+02 3.522392401767861543e+02 3.936185810296624368e+02 1.782352317137356863e+02 2.359821334128708941e+02 3.468212482135471646e+02 6.547479126722776073e+02 3.336713956195202968e+02 6.023424242624769249e+02 1.343930234127480219e+02 3.341030600586566948e+02 5.568568980307386482e+02 2.812565201970726889e+02 3.393513558344243393e+02 5.007674294611385903e+02 3.662123711474595211e+02 3.682149582219522017e+02
6.288619490776833132e+00 5.125174624408080035e+02 6.407000624790157417e+02 3.607426771268897028e+02 7.061833183993735474e+02 4.453406667095835019e+02 3.677406443253400425e+02 5.873592390573578541e+02 4.426555914837345540e+02 4.089771262221505026e+02 6.575754277373002878e+02 5.239774178685445349e+02 4.970210702562511642e+02 1.889914899590627897e+02 5.741673685388276454e+02 3.911668782158527051e+02 3.772570013335152339e+02 6.753854508791115450e+02 3.370796295583733126e+02
6.059898595208016658e+00 7.789620923406012025e+02 3.236018595608582586e+02 3.175449674378805298e+02 5.459319436095531728e+02 5.446929329885358584e+02 2.126636360501152581e+02 5.327314617288345744e+02 3.959960572952651887e+02 1.729421596176585751e+02 6.458422455223658289e+02 3.988642217997806370e+02 3.955576919541919665e+02 5.443269976698805976e+02 5.842776463211790769e+02 3.375901832700394039e+02 6.455461754888805217e+02 2.398551784117828447e+02 1.972603385838095278e+02
6.252599065423618541e+00 7.507982214728525605e+02 4.107719516918905356e+02 1.938094436086904864e+02 4.708850187230054303e+02 5.177054711847993076e+02 2.756669983390348762e+02 6.745732903639159304e+02 1.213745377570477615e+02 4.070788442268466270e+02 5.085602876027550110e+02 4.084300666080819155e+02 3.136079072670170262e+02 7.522876604273428711e+02 3.393265173678921087e+02 2.615298241447181908e+02 7.150754826063895280e+02 4.419352007438048417e+02 4.407937990406308586e+02
6.071848926626383758e+00 3.714162095134083188e+02 2.675305489313021212e+02 2.229722247873925767e+02 7.547750821684963967e+02 3.269371304090863077e+02 3.770970552869185326e+02 5.025978739255638175e+02 2.601783572435704741e+02 2.482233550342626813e+02 7.155341748843864025e+02 4.731069504385873188e+02 3.526229503539540246e+02 6.781846197514942105e+02 3.292879192946853664e+02 2.816035710350049612e+02 6.260137011725070124e+02 1.265491450801135045e+02 3.737888937893740149e+02
6.283178758647186335e+00 6.109790542708959720e+02 3.163054997022254042e+02 2.860325325070492681e+02 4.162899964848770082e+02 7.023264968929349834e+02 2.846842930203310402e+02 3.163154348615257732e+02 2.518411808467778883e+02 3.432142810416412431e+02 7.059052045086184535e+02 4.844408385238910455e+02 2.866295610343231033e+02 6.750078361370585753e+02 2.370533017901884136e+02 1.896774870210568906e+02 7.457647396578835242e+02 2.433573192064255863e+02 3.455396992242956458e+02
5.912407620177360990e+00 7.190876226571833740e+02 6.050440277413811145e+02 4.575035251345703955e+02 6.647058450593615362e+02 3.842773659452380457e+02 3.451467952176885206e+02 5.095913033224575202e+02 6.446939549823947573e+02 3.537625110763802923e+02 6.855035636303264255e+02 3.650280002299273860e+02 3.529938002804821053e+02 4.618396154950567620e+02 6.403557616540726940e+02 1.298949615263325938e+02 6.245622443089833951e+02 7.152427779055171868e+02 1.930118025971514442e+02
5.975469038791898946e+00 5.912950336381985608e+02 6.733202617994616048e+02 2.219900946887999851e+02 7.759456939847289050e+02 3.134626995638810172e+02 3.678405446693304270e+02 5.565466263829767968e+02 2.243972575196323760e+02 3.326642711422746288e+02 7.033682496970387774e+02 6.560402907431612221e+02 2.853287179371442335e+02 5.854381888280013300e+02 2.070201770276560183e+02 3.114720944205906790e+02 5.486792983368654859e+02 5.777521936361424650e+02 4.766730624334279582e+02
5.791029194971876848e+00 4.779587436017126265e+02 2.130659865479731252e+02 3.039780402115259790e+02 8.032835207474920480e+02 4.451298152849624330e+02 3.612659582863941523e+02 5.258560011307391733e+02 2.620891155548650318e+02 3.347288798316848784e+02 6.429389504001118212e+02 6.353499221653519271e+02 2.712228404008036478e+02 7.453602731619087081e+02 1.525620228508366552e+02 2.354736033781349249e+02 5.013376180660326327e+02 5.574878573658918413e+02 3.134891881529239299e+02
5.976931390217409934e+00 3.247072441798208047e+02 3.004546605504266381e+02 3.630083381933457076e+02 7.302087835975236203e+02 3.148292404333490708e+02 4.382243566929324743e+02 7.289008873415900780e+02 4.037704646344661796e+01 2.959432361248952361e+02 4.166265304642524256e+02 2.398263234850891195e+02 3.549087337089068228e+02 4.949347903246704732e+02 3.458334404531435666e+02 3.179470084727262247e+02 7.726204287908141168e+02 3.207029999433674448e+02 3.742204517119279785e+02
6.272183851870334337e+00 7.181027290135670000e+02 4.090687845433637904e+02 3.687412577061852517e+02 4.012096733202556607e+02 3.726145925670421093e+02 3.764917715304778767e+02 5.858603274191406172e+02 6.862155393912802310e+02 3.230423697183449008e+02 8.920767869089031592e+02 2.946719969586965249e+02 3.083742133491049913e+02 4.282711682585182871e+02 7.009361043093304033e+02 3.012245316661795300e+02 9.384128333966239097e+02 3.861140472614277428e+02 3.234099635713977818e+02
6.280878155152838538e+00 5.660737654992892658e+02 6.275847324204615916e+02 3.888597688102908023e+02 7.025659292794528028e+02 8.711788585077468952e+02 2.511708343002891581e+02 5.954467105957958211e+02 4.808744234547772294e+02 2.304704063498724622e+02 5.697964550362505634e+02 5.175091310715527015e+02 4.151631019256727768e+02 3.996166308629728974e+02 6.752154066585824239e+02 4.607618074487317017e+02 4.388354551678315829e+02 7.083422504401224842e+02 1.847038900980259939e+02
6.189846799880021067e+00 4.619950534672458389e+02 6.028183216316582502e+02 2.129527769261710262e+02 8.443491245426108662e+02 6.203267868493087462e+02 4.799210589392063184e+02 7.780267503134477920e+02 7.145220270493457519e+02 2.827831143590413490e+02 6.238626247752333711e+02 3.379407851746017855e+02 3.338850212454858593e+02 5.507642218669659542e+02 3.338958042669167980e+02 3.522938851436417167e+02 8.688900211174566266e+02 5.951822108138954945e+02 1.795591447865317889e+02
6.293916406395765328e+00 6.817598813978054295e+02 1.570645726456734792e+02 4.860389114978371481e+02 5.778275029314579569e+02 4.567009643703349298e+02 2.828819382519386636e+02 7.495531095246103632e+02 1.256680962308783762e+02 1.134795349597971779e+02 5.506896178649180911e+02 4.183847770739969292e+02 3.967045262170437354e+02 5.889736020207142246e+02 4.244103516183910187e+02 3.640130339859749142e+02 8.229184423294753969e+02 2.318134731958949715e+02 2.456518550202127074e+02
6.376446895740784271e+00 6.888061559581840356e+02 6.089179043846165769e+02 2.999712449972240620e+02 6.085761958932054085e+02 5.704857148587204847e+02 3.548257926622869149e+02 3.861103585706265449e+02 3.170262970917063967e+02 2.282573708518062290e+02 4.669123501772825193e+02 2.777879880595312443e+02 3.198798673896558853e+02 5.965430593673769408e+02 7.443248737914973390e+02 2.907934510058976230e+02 2.790577390080723603e+02 3.646890259984646718e+02 4.031422328159247286e+02
6.246189909696508558e+00 8.538545560050287122e+02 5.161502101733354948e+02 3.875679479791905351e+02 5.152106349690880052e+02 4.533393464583787704e+02 2.782644581321672490e+02 8.448800533549999727e+02 7.009238150671582162e+02 2.804642467169546194e+02 7.603730789813967021e+02 4.642064169125790158e+02 2.738403937008470734e+02 4.268031460514297919e+02 6.752896467619904115e+02 4.329193083321410995e+02 8.576315094841002065e+02 6.778021773707803277e+02 2.522386429715884049e+02
5.976769525863549148e+00 7.779962208113670386e+02 4.624617202457689586e+02 3.296629672660462234e+02 7.685135570113228596e+02 5.057666363043143747e+02 3.670169844845469243e+02 3.554398129823800332e+02 2.738469145609539623e+02 3.219859022293359203e+02 3.734713297827724432e+02 5.656902141430861093e+02 2.631394126206636201e+02 7.406687157369802890e+02 5.205765597143536070e+02 3.980518382749314696e+02 4.951044275814501816e+02 1.146681276925969257e+02 3.520282401529314598e+02
6.151016714493370507e+00 9.983098995604589163e+02 6.048113152674764024e+02 3.846242319680848141e+02 7.544720782079152741e+02 7.793321977909879479e+02 3.517913945265840425e+02 7.183707233764519060e+02 6.616590987472574170e+02 2.594666622533095506e+02 7.003921400566491684e+02 4.500764657019843753e+02 3.536567044315946760e+02 5.464619729728674429e+02 6.819613836298038905e+02 1.917446304297174606e+02 7.715492064693264638e+02 4.344450702307856318e+02 3.322139702637531400e+02
5.969846337410953829e+00 4.996165467461725029e+02 7.135574409916105196e+02 3.229113933230793805e+02 5.442554442121409011e+02 6.923876463157110948e+02 2.555967550842600247e+02 7.655427893571107916e+02 7.430003006490816233e+02 3.962015682405819916e+02 5.980020205045049124e+02 6.310648771584144470e+02 3.974465443351702447e+02 7.299204824506417708e+02 3.859001625870086514e+02 3.387777371566408533e+02 7.866453608300877249e+02 6.842177773030851995e+02 2.076699348864439685e+02
6.202833393846828969e+00 8.112966716685897381e+02 4.896555132093682232e+02 3.886883347313124091e+02 6.503037461056122766e+02 2.955504625388979321e+02 2.676859169168513972e+02 7.874238418514497653e+02 2.221647527275051743e+02 3.548806420842196871e+02 5.564350976160374103e+02 6.711026687134417443e+02 3.527226624193648945e+02 7.452197795240521145e+02 2.549724892654332962e+02 2.913360567999433215e+02 7.205489140950181763e+02 4.744697185159433275e+02 1.944863218029184111e+02
6.129472240435307029e+00 7.398901124107392206e+02 3.899410555927789233e+02 3.530826769505109155e+02 5.241716546076102077e+02 3.328728943308448152e+02 3.536748013847305856e+02 4.157383730441998182e+02 1.190565650578232635e+02 2.763649109147683589e+02 4.777858257933824007e+02 3.175932371720261358e+02 3.690038737124099271e+02 8.495366026637774439e+02 1.804970071031877410e+01 2.318005512132696708e+02 7.333048947365386994e+02 6.784047624650148123e+01 2.584349878818069328e+02
6.291063739133584853e+00 4.370202952109511898e+02 4.989504470944764876e+02 4.460286817567003936e+02 5.401684343271404032e+02 5.738891071833630804e+02 2.922475637916773508e+02 4.938051652213641205e+02 3.528806321254093064e+02 3.596906505683033970e+02 8.185141467405011326e+02 4.300996184765533599e+02 2.500160860012267676e+02 6.438319380141423380e+02 2.638027217133280828e+02 4.118739269673568515e+02 7.915946085211701302e+02 4.503117397064274883e+02 1.492895767694944027e+02
5.919275303624743856e+00 5.909556462895361619e+02 7.028973847273382489e+02 3.910582128076886761e+02 6.894236987262318053e+02 3.175913643091625431e+02 3.273831171498163712e+02 5.415412082672761471e+02 2.868168333178291505e+02 3.718670057494347247e+02 5.010951878456245936e+02 6.524476746903043249e+02 3.897464458466027395e+02 4.360969586328803871e+02 2.872559961101468389e+02 2.567847267959201076e+02 3.464116715137362235e+02 4.980200480833865981e+02 1.800948313685564131e+02
5.628544740064359786e+00 7.035605941330561564e+02 4.947989956648146972e+02 3.118539821704702604e+02 2.857214127019434500e+02 3.845274447164878211e+02 3.037386553912089084e+02 6.141932789128210288e+02 3.741134622257372939e+02 2.842372819461502331e+02 6.115987534655397440e+02 6.644513566643265676e+02 3.617458426927755681e+02 6.310334231208240681e+02 3.333357765795705632e+02 3.414096483193945915e+02 5.641591124591526523e+02 3.928503592805171820e+02 2.617212751598524960e+02
6.117156581980141894e+00 5.711591812242681954e+02 6.320867420648063444e+02 3.869408868415542315e+02 7.521383804854759774e+02 3.589602574348241433e+02 3.087191250678416168e+02 5.589684033198814177e+02 3.626801515318008455e+02 2.542947619691439627e+02 5.404269086408847897e+02 6.259454134294501273e+02 4.416812332092047768e+02 5.025474648719007860e+02 2.252289622912741436e+02 3.080322341239627804e+02 3.663872839289542185e+02 4.849988959717513808e+02 1.870750901347540207e+02
6.264487288704674306e+00 4.441912396485210479e+02 2.605492703554468221e+02 3.400741873333927288e+02 2.884667645945777963e+02 5.471100858175973372e+02 3.713062059528256782e+02 4.665907593400191331e+02 1.825145865622729389e+02 1.865838309946034599e+02 5.039239419396756716e+02 2.828919867585295833e+02 3.933277036183458222e+02 7.538624084726355932e+02 3.834519830595950793e+02 4.025914190660227518e+02 5.096576115309748616e+02 3.171310333753608006e+02 4.800993759830928411e+02
5.864990639735984779e+00 3.994792924835068106e+02 5.816480191705300058e+02 2.661031606604234980e+02 5.285088915999403980e+02 3.687484653872461990e+02 3.003312308289500834e+02 5.156303584154238706e+02 3.753554332120462504e+02 3.204520294253491102e+02 6.116143738694914873e+02 5.363161191464457715e+02 3.875991908374926425e+02 7.517906213668243254e+02 3.638620913832754695e+02 3.941881944047399884e+02 4.421684860856658474e+02 6.686064331724362546e+02 2.620546313199575934e+02
5.800539122696831029e+00 4.267859600587356681e+02 5.856001132268917218e+02 3.230235551526420750e+02 4.801675042020633555e+02 5.726969505446697895e+02 3.651559277569121491e+02 5.822311103406435677e+02 3.403348042171749057e+02 3.415916310702797887e+02 5.549495646517714249e+02 3.864331248599135051e+02 3.732233401840276770e+02 3.404225328638179917e+02 3.530645901843732872e+02 3.053507521076814442e+02 6.899757816802806474e+02 4.228242184021398771e+02 3.302457827528039616e+02
5.939380238607148144e+00 2.181792104612621301e+02 5.602170721969198439e+02 3.391365610842548790e+02 5.518148548279675651e+02 5.348526790922371674e+02 3.332315184521228844e+02 5.116638946735832292e+02 3.045762937944132318e+02 4.548678717902179756e+02 2.822598778113455751e+02 6.901779879494195029e+02 3.293078101366926944e+02 2.458791230476529677e+02 4.070730179667964990e+02 3.922666335439784007e+02 4.035732928530389358e+02 6.053980493184038778e+02 3.461438276859199732e+02
5.990935533997356899e+00 4.403989205967329781e+02 3.470225035991892355e+02 3.419767907406994709e+02 4.249080050247114286e+02 5.219846819281068520e+02 3.928565475080988563e+02 5.735545664138817301e+02 2.553703520759851244e+02 3.068829091590976077e+02 5.190046652407565944e+02 4.172360430814933352e+02 3.204397076135192037e+02 2.319827277159288883e+02 3.770602374446708041e+02 2.423442407902512059e+02 6.618796016679522154e+02 4.139846058510794364e+02 3.164987246410932471e+02
6.511547899637386116e+00 5.199353858745266734e+02 3.806249733051896555e+02 2.624860082755270696e+02 3.861024146448636429e+02 3.743848102493946044e+02 4.742034755235704893e+02 6.342073785985503491e+02 2.246692454932159535e+02 1.525328810255443841e+02 3.568986199570546205e+02 3.160034169328024518e+02 4.024148821847422255e+02 6.561991916317778077e+02 3.560544550641383239e+02 2.627402263016925872e+02 6.226916508424955055e+02 1.279877955656535278e+02 4.382525268343669040e+02
5.897611939738517606e+00 5.521615237493028872e+02 5.957825463020343477e+02 3.387945970881858102e+02 5.461641432555966276e+02 7.523726754872479887e+02 2.912989254383605839e+02 3.409845512776756777e+02 4.515390386301311310e+02 3.951810350448250801e+02 4.884967273372882346e+02 5.202389434177263183e+02 4.223101059348736612e+02 5.041190863190905134e+02 4.934799045355175622e+02 3.331469517475895259e+02 5.596569621556035372e+02 7.335126386383633417e+02 3.344935718000062934e+02
5.920085538756026722e+00 5.877746028261780111e+02 5.942498907610571450e+02 2.206280752397138372e+02 8.410808011111890892e+02 3.702443044628388407e+02 3.458187007582607748e+02 6.029767369771630001e+02 2.891533900460610766e+02 2.204649017095412091e+02 7.168350206544089360e+02 6.729893337701826113e+02 3.373865747728555675e+02 6.562890750642302464e+02 6.436914844307323165e+02 3.542794317216096260e+02 5.750709963414220738e+02 5.466232097068385656e+02 4.576695288397754666e+02
6.360768616378207341e+00 6.939627378131323212e+02 5.020969483503029096e+02 3.740425610971348078e+02 7.206459896208126565e+02 3.831760431948562768e+02 4.932449346488364768e+02 4.149515469273324015e+02 5.673755512933314549e+02 3.556552891604900424e+02 5.952926218306951114e+02 4.802649876471863308e+02 2.387390914272019415e+02 6.967282460155652188e+02 5.325136317287777956e+02 1.547341030211634347e+02 7.233823663026554414e+02 2.446536128307819524e+02 4.589467736330830121e+02
6.292644776681073360e+00 3.853721087706764479e+02 6.509933662490792585e+02 3.348219837310736580e+02 6.689026792811658879e+02 5.656049612677329606e+02 3.153351769439248642e+02 4.448369513295178308e+02 4.217832575354379401e+02 2.201423720847538164e+02 3.477026010201934696e+02 3.636122460202022353e+02 1.250407154140991963e+02 4.606545603615696791e+02 5.197457052505878892e+02 4.522304546300995298e+02 4.202336402522997787e+02 4.573285269770984769e+02 3.112776966487607524e+02
6.229404925638709400e+00 4.438685157977299696e+02 4.945879023901237019e+02 2.954301239893701450e+02 6.215917143930365683e+02 3.217650410946081934e+02 4.002005517907372791e+02 5.834994578811180190e+02 6.350342392450543230e+02 2.914744880256873785e+02 8.386623596933900444e+02 2.981261881495958050e+02 3.699280740184343585e+02 6.286139831610094006e+02 4.431295733126103187e+02 1.833491271518824135e+02 5.845463252904309002e+02 5.724210931390989572e+02 1.947792728542355292e+02
6.088130122207436656e+00 7.036398109279755317e+02 4.437975749919849022e+02 3.379579433743795676e+02 9.169698968046045593e+02 2.231794942072868650e+02 4.107655102108700476e+02 5.990202380097709920e+02 4.150694965238195664e+02 4.051607099095754165e+02 5.650413029404178360e+02 3.415765418338552308e+02 3.470007529706877563e+02 6.482116350214312206e+02 2.944147330911658287e+02 2.228020195244525326e+02 7.006765712038204583e+02 5.853540816571035066e+02 3.079176358054187403e+02
6.002319405779425132e+00 5.148533371281289419e+02 6.976181843126064450e+02 4.211270031517304915e+02 8.731187887608396068e+02 8.322753270317289207e+02 2.753940508932109879e+02 4.753351227598561195e+02 7.494858034353992480e+02 4.793887420290114960e+02 6.907152098475323783e+02 5.037538156428468028e+02 3.825213013460257798e+02 6.913810419547312449e+02 3.904557439409979906e+02 3.662307401960424045e+02 7.004950366171800624e+02 6.489226122170948656e+02 3.624571856127862475e+02
5.934535946122509564e+00 2.443469488620199854e+02 3.809584801175091116e+02 4.219003094029793033e+02 4.951330513845653627e+02 5.111841295567500083e+02 3.532575996198462462e+02 6.013602681684101299e+02 3.345467695419480947e+02 2.681756770796940827e+02 6.139835516782050036e+02 3.537340970458668608e+02 3.534905141904843049e+02 4.905020876162740251e+02 6.345195437144659536e+02 2.960797023343248497e+02 6.293659294325540259e+02 2.212579711243537304e+02 1.916063289831894849e+02
6.166687979316771262e+00 7.342589111054048772e+02 5.199123353782039203e+02 3.655895498500410667e+02 8.628646294161329706e+02 5.089587104225052485e+02 3.155980342964063539e+02 8.640029768513923045e+02 1.891887188581740702e+02 2.688207708375572338e+02 4.840504721133985981e+02 3.240848904143327900e+02 3.384942000308392380e+02 6.958924950391062794e+02 3.391467944917343402e+02 2.783179014783962657e+02 6.328157666454701484e+02 3.836527233478198582e+02 2.238153976011245732e+02
6.365764642310598909e+00 4.418007506724399605e+02 7.419890609587569088e+02 3.059180815768903585e+02 3.770153188670959707e+02 6.604789222107306159e+02 2.578262328517756714e+02 4.497986499089114432e+02 7.429732507996811819e+02 3.626900274259685375e+02 6.552455958572370491e+02 2.957722492485438579e+02 4.431778258469355478e+02 5.649370392986627394e+02 4.246389025421673864e+02 3.141817797824809304e+02 6.940430619678189714e+02 5.319544664695723668e+02 3.108689584959765853e+02
6.263598153367405885e+00 7.853884556755814401e+02 4.531781255980586707e+02 2.756066405188954604e+02 5.022996257569095633e+02 3.243646589929673496e+02 2.025971709962070122e+02 5.566443393766732015e+02 5.683375207943097394e+02 2.795915206716298371e+02 6.506135584135196268e+02 1.662653871855555963e+02 4.136282453757034432e+02 8.411181793218918301e+02 5.094221952007234222e+02 1.354305960011964771e+02 4.831652872339502665e+02 5.665648545359559876e+02 2.973085191570060601e+02
6.274961301196631425e+00 7.889269634796061155e+02 6.493987882683452426e+02 2.980908449032942826e+02 4.660800520018856332e+02 3.838595789699229499e+02 3.633623474450492949e+02 8.425091296345740375e+02 6.949569019172179196e+02 4.635944129852458104e+02 9.123112343144509850e+02 5.128733886891772045e+02 3.818202803756965977e+02 6.839123257370754345e+02 6.778187331191077192e+02 2.280738212291747118e+02 9.016789730948316901e+02 3.289277425072097003e+02 2.377436320286826117e+02
5.980548207120273574e+00 8.242393157948147291e+02 3.244674710435048155e+02 4.247568731568423459e+02 9.270900945619453069e+02 4.501950514099451652e+02 3.152891953440273483e+02 5.329606953523990569e+02 2.960119375046414802e+02 3.610039606807524706e+02 6.127185874184510794e+02 6.613857024394579867e+02 3.552249843625576773e+02 7.031685446089106790e+02 3.356164060857433924e+02 2.323641354493147730e+02 4.630776120932850972e+02 4.108686534905397707e+02 2.985572293773233241e+02
6.101158780616467325e+00 6.126343451154813238e+02 7.013428963359621093e+02 4.191735019589677904e+02 3.693534263345485442e+02 3.700981699695760199e+02 2.431278188606232220e+02 6.090430735342350772e+02 4.215425840505325823e+02 3.107849467070836340e+02 5.740322123504249703e+02 6.544434618612220902e+02 3.920805899852153402e+02 6.024257676750605697e+02 5.690070049012223308e+02 3.808073835115225165e+02 4.998208647425506683e+02 2.998716139094723303e+02 2.347577559530234055e+02
6.220938489358545098e+00 3.056521680122280600e+02 5.606049747975787341e+02 3.464280827715494411e+02 6.053947026221278520e+02 4.745410142385277368e+02 2.315377565010179808e+02 4.771682617274022959e+02 4.148996991950040183e+02 4.380735576062364771e+02 7.841756977047556347e+02 6.118575721773115674e+02 3.316739260487399861e+02 3.546953167806207148e+02 4.127504890349323432e+02 3.798998141058985425e+02 4.405675126500914871e+02 8.323667627314891888e+02 4.853428457144725598e+02
6.188069310265149170e+00 8.095814238361871276e+02 3.287795769060870725e+02 2.560410263762692011e+02 5.320566269151727283e+02 3.045434842183022397e+02 3.760242005539468551e+02 6.997429689076226396e+02 2.195141364575030138e+02 2.960964082827094330e+02 5.478397222898510108e+02 3.904096998619987744e+02 1.655706576234219654e+02 5.137686159529400811e+02 2.853316959222955802e+02 2.402142624149479957e+02 5.202098473003341041e+02 4.340065442390632597e+02 3.888306458018463445e+02
6.216554971512085359e+00 7.164420925466637300e+02 4.561827569819251949e+02 2.496391698888202200e+02 9.193078429994527596e+02 5.461907142356006943e+02 2.988004414226290919e+02 8.796874523987370367e+02 2.574657052507486128e+02 1.630057514352955650e+02 5.194490208291327917e+02 3.742294734742370110e+02 3.852355086571810716e+02 7.556979506542246554e+02 2.833224640547489344e+02 3.244406580736346655e+02 6.507938178191662928e+02 3.719336864473481796e+02 2.300976304907024144e+02
5.820451036533731859e+00 6.537609759040241215e+02 7.312393226044100629e+02 3.737999788887574937e+02 7.848533170848652389e+02 3.121789864311010092e+02 2.911622134143154881e+02 8.515073102224434933e+02 3.266436125552814929e+02 4.367211643964542418e+02 6.535580193864921057e+02 3.864365856799979611e+02 2.406977750851053770e+02 6.755545959525284161e+02 4.111658519471831141e+02 3.307681056875443346e+02 5.139408303776612001e+02 5.164941381258689717e+02 3.710246053891368661e+02
6.099927767660937583e+00 2.446050394955530578e+02 5.319399076919203253e+02 3.241729418313629481e+02 2.543539084532680477e+02 5.470461441792916730e+02 3.282909944803110420e+02 5.108450302270301222e+02 5.122604420863585801e+02 3.954889050066973368e+02 3.064807072495673310e+02 6.559329103758158226e+02 1.096930977911738552e+02 4.857023454380382645e+02 4.359004230912718185e+02 3.941581489907975993e+02 4.395220525731625116e+02 6.068153544232035301e+02 3.506441426035702307e+02
6.196412881482648238e+00 7.973297593519895372e+02 4.390399158744345982e+02 4.040652706874956266e+02 5.803109581888603543e+02 2.501882243670540333e+02 3.360394930412008989e+02 7.072657675403992243e+02 3.220194661900094388e+02 4.387966495271436997e+02 6.826992559895760451e+02 6.801882118764583538e+02 4.079841973861946940e+02 3.409277545225586437e+02 3.904098302726114866e+02 3.663342673296792782e+02 5.630251108745994770e+02 4.807739948293764769e+02 1.445867787800442557e+02
6.049620414183694450e+00 7.420856077092097394e+02 3.644055664790009814e+02 2.655773667275245771e+02 4.395571694787873867e+02 4.975798035443815479e+02 3.300751755352544023e+02 7.053588801473970307e+02 3.200693434275312370e+02 1.702250651069174978e+02 5.892666263144427603e+02 2.561675596679222053e+02 3.443456006910087126e+02 5.924352313675196910e+02 1.713787645038626977e+02 3.189480663203262338e+02 6.665792194953532999e+02 5.163207277086780778e+02 4.044735449951782584e+02
6.122343304673041331e+00 5.476922777408941556e+02 3.895299358353890398e+02 4.431840648856173743e+02 4.637149897608405809e+02 5.517934018529888363e+02 3.664935066133605801e+02 6.649919471542974634e+02 3.594764051448838700e+02 3.699400148583301302e+02 3.758669561184871100e+02 4.680187031230506136e+02 4.625233669594444450e+02 6.449100410036066933e+02 7.310422992800728252e+02 3.908609368339850789e+02 3.364049963184477292e+02 6.620503111768448434e+02 1.673486759372580650e+02
6.293786193840047005e+00 5.966688939484405410e+02 3.582175058581203189e+02 3.962527460593896080e+02 8.300905522733279440e+02 2.652764887612083839e+02 3.196905992024763918e+02 6.936921537232661876e+02 2.569790580696388247e+02 3.927671190745390959e+02 7.775414834146083649e+02 6.811731472437256798e+02 3.313709225430960146e+02 6.107216119329373214e+02 3.890586044965446035e+02 2.842039817209129637e+02 4.087017060411816942e+02 6.006157590846794392e+02 2.003567131019592864e+02
6.235941971147017426e+00 8.270323435601012534e+02 6.195148366254900338e+02 3.934582850802456164e+02 8.701398753030401849e+02 4.650742916003945311e+02 4.079901949303434776e+02 6.549814083641019806e+02 5.688793838472151947e+02 3.167008238748936719e+02 8.760071414967073906e+02 6.704208510109010604e+02 2.656170718736862568e+02 7.250887880037041668e+02 4.881535661169319269e+02 2.701521653932343270e+02 6.187087682685796608e+02 5.206239168922850240e+02 4.028350985956831209e+02
6.092994163938105778e+00 1.544702970535645932e+02 5.787559096477754110e+02 4.450307373483923925e+02 3.505229209881806582e+02 7.296734652965606074e+02 3.385047630333575057e+02 2.095689225382319592e+02 3.939781390198845656e+02 4.925906789388649258e+02 3.093833349714506085e+02 7.172930408844902104e+02 3.824458543873765848e+02 3.903520130920784368e+02 5.933109123155049929e+02 3.208435715341637433e+02 2.959766579255037300e+02 6.358232261433834083e+02 3.472956050402878532e+02
6.052719288863080749e+00 5.622870131822585336e+02 5.966226105730181644e+02 3.671968350129323539e+02 7.182316285334316035e+02 3.887429646876199740e+02 3.062298404344579126e+02 5.534190880086985089e+02 3.686366373348346315e+02 2.149731061677307196e+02 5.388310349961526526e+02 5.981235933078434073e+02 2.108291785564347265e+02 7.167038530798613465e+02 2.722407729833017243e+02 3.183471895127835296e+02 4.060546445414862546e+02 4.984561164112162714e+02 2.074822788075208280e+02
6.373104740170941973e+00 6.815539376382739647e+02 3.650794971521136745e+02 2.400752382598569739e+02 2.835851928262945876e+02 3.766289897131735529e+02 4.357980015238883880e+02 2.674611369776082483e+02 1.995146212952944609e+02 3.398247249073243097e+02 5.182196157040549451e+02 4.681562859666090617e+02 3.904976528137432865e+02 5.966797008567087914e+02 1.845824728949721703e+02 1.961236057469356524e+02 6.144732871653588973e+02 4.437902848661262283e+02 2.859851941749620323e+02
6.184838933113571358e+00 5.380185069226628229e+02 6.026489857313308676e+02 4.289287404238022532e+02 6.438880872244551483e+02 2.455702685424921015e+02 3.880997512844112975e+02 5.918248585998397857e+02 3.493633571305911687e+02 4.636735956298945780e+02 7.959432332734889997e+02 2.246791488493735756e+02 2.785458565949374474e+02 6.521474731695070659e+02 4.632246889760037902e+02 2.092884492860424359e+02 6.290912222008287245e+02 2.409368119410075053e+02 4.303173297471913656e+02
6.036309128569975258e+00 8.520633212623897634e+02 4.717374749052091829e+02 2.841731122860348933e+02 5.818119074688811452e+02 6.301623685422673589e+02 4.630264388645329063e+02 6.580577807061448539e+02 2.285731621435360807e+02 3.117416405796234926e+02 4.858202574999796752e+02 4.262972963250991825e+02 3.098811807868682422e+02 6.232979151234019355e+02 4.289504114050346288e+02 2.685828219718463288e+02 4.053200390737438283e+02 6.120554578490788344e+02 3.273720746698273274e+02
6.412457287283479523e+00 8.368495575068693597e+02 4.435019518667879765e+02 2.699653335128957679e+02 5.378524517264493170e+02 6.692744092557728663e+02 3.302150174767015756e+02 9.958702779864495369e+02 3.166449126386295347e+02 4.149568355330267195e+02 3.888606129515418388e+02 3.164498439302481074e+02 2.986720452026086150e+02 6.606153701424439078e+02 3.687817418089017565e+02 3.426388659118989608e+02 8.104531332085404074e+02 4.029273251977990640e+02 2.192691646182883005e+02
6.185713674720457966e+00 6.253819411798834835e+02 5.793891909012172619e+02 2.818987600907033766e+02 3.661787284973294163e+02 3.254261680599706210e+02 2.807847532105708410e+02 8.038966433245626604e+02 2.688182831270245288e+02 2.835409862309692812e+02 5.631847194023159773e+02 3.311255607468606286e+02 4.172773365245429318e+02 4.395194052503720741e+02 4.410048104862877949e+02 3.541502254100334426e+02 4.427861872931667335e+02 4.354753797585938173e+02 4.003178215211585780e+02
6.415118755145691409e+00 6.211071743482513057e+02 4.402813517338890392e+02 2.945682567701140897e+02 6.173532574168663132e+02 4.976582978998702060e+02 4.091932826492914046e+02 5.061922145549683023e+02 6.884760345600697065e+02 3.737686469766811115e+02 3.471501403374101073e+02 3.389351195744910683e+02 3.398784959740633553e+02 3.232379141588507991e+02 7.523702976052720715e+02 4.475999179700821742e+02 7.153639392623175581e+02 6.722253404869375117e+02 1.897657975778406012e+02
6.207782752688469685e+00 4.763572043772018105e+02 4.666074340136705700e+02 3.167315650453257945e+02 4.924480000115232770e+02 4.403327141571696188e+02 1.852158523026442651e+02 3.474393806537680121e+02 4.672539992203863903e+02 3.888068465773778826e+02 5.508135776646382737e+02 4.947893077426955983e+02 2.904916855656501866e+02 4.205819823483983555e+02 3.570311327339433092e+02 3.119521843879959988e+02 6.916953173912893362e+02 5.689589673382682804e+02 3.967434203909340908e+02
6.145836514132088091e+00 7.449185077231334162e+02 3.443179500355420828e+02 2.609902231964337034e+02 5.215762727669609831e+02 1.616486174414396828e+02 1.982700477038997633e+02 6.279388478787994927e+02 1.893011176424851385e+02 3.546322303139435235e+02 3.956670528817529657e+02 2.128139682336783380e+02 4.169282469377203029e+02 7.599771065565288382e+02 4.379584979968568632e+02 3.372940684483520499e+02 6.242039057428869455e+02 1.752181623952936889e+02 2.895881676895739361e+02
5.959907638456893864e+00 6.016839986788631904e+02 2.625006657127048584e+02 1.864900627036985554e+02 4.017077637417018536e+02 2.266811002331245390e+02 2.999658352978557900e+02 5.174689165647172331e+02 3.368395796302124836e+02 4.289093082326911599e+02 6.491330292320152466e+02 3.982001919579726632e+02 3.254012328509571716e+02 5.660562548601745902e+02 6.812958325300453453e+02 2.904906637903378623e+02 6.380481778777144655e+02 3.702368767952093549e+02 3.863711802923391474e+02
6.099340800312488042e+00 8.873122855375530662e+02 5.196053851523599860e+02 4.724189716367540655e+02 4.708389299621197210e+02 4.938834925449856428e+02 3.253954757228075323e+02 9.132686233035906298e+02 6.515762012687831657e+02 2.658038226005459705e+02 7.550057102908366460e+02 3.471039610443493189e+02 3.953755075651451989e+02 5.946867376678196706e+02 7.533752428077054901e+02 3.082391931574152864e+02 5.205967094395158483e+02 3.719995167098633715e+02 3.182756394792198762e+02
6.417170682110602264e+00 5.237796641395561892e+02 7.258410915050664016e+02 2.439493330058242861e+02 1.109848529875974918e+02 6.174583303399169836e+02 2.169790402898376556e+02 3.049536096222865353e+02 3.658247592369901895e+02 3.273511139234904022e+02 6.711001194745958855e+02 3.744032796139953234e+02 3.407408180919358074e+02 6.821526674758537183e+02 4.718311557151204170e+02 3.660270326061736341e+02 6.800212596796982325e+02 3.668224034359193411e+02 2.883901916321108274e+02
5.957244401800952716e+00 6.581563387167998371e+02 5.938766048839869427e+02 3.641175863093916405e+02 7.353103246474711341e+02 3.230667156482247719e+02 3.175012847664936544e+02 7.402469130732563372e+02 2.418073383845408557e+02 4.400579716844835616e+02 7.018752343266089611e+02 5.518758437912775889e+02 4.112529486946183397e+02 5.390720892792385257e+02 5.144088881771150454e+02 1.649046762897217491e+02 3.665357947771562976e+02 2.465146983596183645e+02 3.718937803471279153e+02
6.112610617792107348e+00 5.870687654173162855e+02 4.517668694178752844e+02 2.844331689221925785e+02 2.952772526808455495e+02 5.412328856503822863e+02 2.893240535949650507e+02 3.649732275163992767e+02 3.319341227492635085e+02 2.456910514541721682e+02 4.275376293111326049e+02 3.955268052882954635e+02 3.812464108611640654e+02 4.342237747666363816e+02 6.834162981352899351e+02 2.970375975278435021e+02 6.265999667215348836e+02 5.537348099022801762e+02 3.757007702889397933e+02
6.262134166431442495e+00 8.468248070642149514e+02 4.953893893518164191e+02 4.441271113286122159e+02 4.650621230624109330e+02 5.101738762867653350e+02 3.212385560239272309e+02 8.722892859940368453e+02 6.286430820981187253e+02 2.253312607359925153e+02 7.319519564811093915e+02 3.471662861612526854e+02 1.691540254767811007e+02 7.996291985961883029e+02 3.280078480271067178e+02 3.185334526428907793e+02 5.448431275009917272e+02 3.967566750755170801e+02 3.713473550985576708e+02
5.901173384138463263e+00 6.812468308781622000e+02 2.757010015444456030e+02 3.306064307571582503e+02 4.663438966285604010e+02 1.507094262463353687e+02 3.163901191250541274e+02 3.726425968797529436e+02 2.699660376748641966e+02 3.665111579243148299e+02 7.535737611983063289e+02 1.851353347393473996e+02 1.497962868959687341e+02 6.566337221645657110e+02 2.036626941749137245e+02 3.427478128232915537e+02 7.205746467075922510e+02 1.820396034141851374e+02 3.759267344662424648e+02
6.291282269430793050e+00 6.116329108097872904e+02 6.087823441364064365e+02 3.493403952927436080e+02 6.756672416425336678e+02 6.923670668203378398e+01 3.655002881552946974e+02 6.228970596227175065e+02 4.480164287064649784e+02 3.735876360008786037e+02 6.561391414570413190e+02 4.989377797590984756e+02 2.892542210687581132e+02 3.817322393462272885e+02 6.164779981616525220e+02 3.723243241880155665e+02 4.129576258847940835e+02 6.874969492746299693e+02 3.554460993638634250e+02
6.059460948509757472e+00 7.803038094799294413e+02 3.915139847874524435e+02 3.834100142210883178e+02 6.196261998747457937e+02 3.265261579254530488e+02 4.333183092193331731e+02 6.561034098979190503e+02 6.782622825459624210e+02 3.488132345422507683e+02 7.082327772100097718e+02 7.057008271841941678e+02 3.482595741274517991e+02 3.580886373811109138e+02 7.212874337846258186e+02 4.225788942278913964e+02 5.891619625394895365e+02 6.918066049555590098e+02 3.605976837489498052e+02
6.506470637047183203e+00 3.037654075392602522e+02 7.151542452087290940e+02 3.820704603710669289e+02 7.120445435688412772e+02 5.235738276771246547e+02 1.802768645151783176e+02 4.971961387342830108e+02 4.326017621767873038e+02 3.409639478805914905e+02 3.619885445029588595e+02 4.722270939040246276e+02 2.844160324751452436e+02 5.427481920842818681e+02 5.740769053673498092e+02 2.758226324177746278e+02 7.705304836958646320e+02 8.340296435053542154e+02 2.712042378329269923e+02
5.941828812127528892e+00 6.040921410550736255e+02 5.773916561821345113e+02 3.711839512589409651e+02 4.986914854584247223e+02 5.779697441962014182e+02 3.292025885898165143e+02 3.695885433614421345e+02 4.201108731488086505e+02 3.872893359810774996e+02 6.645841426976137427e+02 7.700656603725828973e+02 4.621875577204464207e+02 6.966175212190175898e+02 4.735627998419710138e+02 2.178932814358823293e+02 6.601222263367508276e+02 5.721451205783446312e+02 2.481770025358106011e+02
5.984109425705485208e+00 8.079415831451617578e+02 3.409616415753821457e+02 3.561048134683307467e+02 7.150328627682556544e+02 2.534685604224490589e+02 3.440762640444378349e+02 8.421433031969224885e+02 3.086205816574407663e+02 1.483758487125473664e+02 8.802474667665450170e+02 4.542045226135198845e+02 3.747317378848871385e+02 5.384657731185603780e+02 5.216855621229196913e+02 3.601530443087510207e+02 9.643023190352905658e+02 4.682867093375718923e+02 2.226296356922918562e+02
6.181574236459766780e+00 3.823565834168374522e+02 7.795070174911058984e+02 3.779977625999256929e+02 5.878621573427458316e+02 3.558970885732585430e+02 2.400611367545902795e+02 5.203364450865776689e+02 4.226603579382106659e+02 3.433782194383626347e+02 5.740462707139815848e+02 5.391217480951294192e+02 4.153486033154607071e+02 7.111072460964608126e+02 5.964806882245567294e+02 4.283080749883333738e+02 3.900293010064125383e+02 5.480520804121995297e+02 2.350577764971179988e+02
6.342708635186113497e+00 4.644380775205190730e+02 5.079825538639213391e+02 4.863535263055215410e+02 6.091433348241076828e+02 2.759631869417721077e+02 3.457869399154753296e+02 4.468193499634098771e+02 3.248898427363338328e+02 1.309086444771170363e+02 5.307482847915619004e+02 5.562357625982468790e+02 2.979735844021209346e+02 2.755865535145674130e+02 2.944641304431248727e+02 4.370504640012899813e+02 3.762767129031801687e+02 7.052720490655595995e+02 2.424736561500086793e+02
6.095550816898472668e+00 6.208506073209390479e+02 3.412126556159645361e+02 3.145014507523937368e+02 4.387202407118223277e+02 7.980934400889227618e+02 3.150590012393595316e+02 2.971702863896886129e+02 3.747258320336998736e+02 3.383964819355410896e+02 5.130634791925551781e+02 4.868211105940588368e+02 4.240715053162463732e+02 5.212259788490686105e+02 5.595770523229357423e+02 1.816936977586852322e+02 5.571255102484483359e+02 5.390938217083844393e+02 4.085966971980825519e+02
6.184659123219576671e+00 5.154177336796136615e+02 1.231552691609472276e+02 1.995828226276463511e+02 5.243876102671270019e+02 1.037726049278610390e+02 3.393293216767270337e+02 3.941397396617948061e+02 2.647391849810531426e+02 2.160455440077055300e+02 5.943912692520835890e+02 5.852826538126241758e+02 2.870622905457013303e+02 7.477918281555549811e+02 3.419968092718314665e+02 2.820974918052976932e+02 3.739211016595660340e+02 1.864230797104528961e+02 2.854791286473811169e+02
6.066367348042390084e+00 6.855915556758959610e+02 3.676410018992293089e+02 3.668556272502011666e+02 4.927457576200974358e+02 4.084811628669157244e+02 3.529169140104369831e+02 5.988556105565594407e+02 7.221389869979068408e+02 2.103525895411631268e+02 8.923103477978354476e+02 3.039473034710031243e+02 3.684462239614567807e+02 4.955042535349749073e+02 5.975410596705393118e+02 3.480280585071962491e+02 8.991883296235530452e+02 3.842834952319884110e+02 3.160587091173112526e+02
5.977911211683188952e+00 7.077799432821776691e+02 6.829441995431079704e+02 2.972452396801626264e+02 6.936629622941334219e+02 2.715465898362375583e+02 2.332817562926761639e+02 3.798051121521517075e+02 6.309740047266852798e+02 3.782658337339527179e+02 5.634377272466348359e+02 2.210834891009793921e+02 4.137729130196623260e+02 5.241588589209543443e+02 4.900253025852003930e+02 2.630113584972879721e+02 7.915615737304411823e+02 6.279744838738060935e+02 3.426940539593362018e+02
5.901120816366640653e+00 2.726684832106620320e+02 4.944884474379314270e+02 2.225742845350192454e+02 7.097579756035721630e+02 4.591931616449760440e+02 2.747727380382260094e+02 3.751575824379845017e+02 3.125890218885114678e+02 3.509685174870505193e+02 6.696407084989539271e+02 5.565247791496096852e+02 3.261104397083686308e+02 6.850353884159367226e+02 3.294242616327220503e+02 3.000102547663229302e+02 4.644719063005197199e+02 6.105181611562310309e+02 3.938539797282043651e+02
6.198494469722572120e+00 4.909060757670779935e+02 5.959205293256229652e+02 2.852442513819119654e+02 6.656398866868897812e+02 3.363941844560792447e+02 3.992615408539582518e+02 2.743624820820093078e+02 7.100892059752218302e+02 2.905841246118395702e+02 5.886327187901006255e+02 6.727729732463260461e+02 4.227989716142199654e+02 5.578718418148633873e+02 5.682803126459828036e+02 3.330350042442802874e+02 4.624735858783784579e+02 3.619545714044876377e+02 3.738162403995800105e+02
5.936008372616113249e+00 6.258000937796621201e+02 5.506691153657957329e+02 3.707223612274307811e+02 2.870533631643305625e+02 3.477924126230168440e+02 2.008235800116370342e+02 4.848323564329610917e+02 5.472054080252405583e+02 3.624946173034905996e+02 4.795842284980296881e+02 4.677211509165412053e+02 3.480227973455832284e+02 4.579535035140039554e+02 3.945363926068546334e+02 4.074570050954878297e+02 6.946389428531875865e+02 6.224295511524776430e+02 2.652651209452128569e+02
5.995968337575018126e+00 5.274161068995636015e+02 5.191117625712777226e+02 1.550033014265909230e+02 3.953355560508986173e+02 6.006355748830932271e+02 3.056674463722197288e+02 5.221008278197821255e+02 3.230760622777704612e+02 2.944666943815458353e+02 4.810946813902862687e+02 4.458618594890050417e+02 3.246912849901490290e+02 6.496323440041630874e+02 1.833697211968155329e+02 3.466478920307503131e+02 7.300607652981759657e+02 6.090004147761779905e+02 3.674335601700946086e+02
6.177375861860287642e+00 8.038327245658863376e+02 3.639829767892319978e+02 1.754663239111407620e+02 4.353320738191135888e+02 5.760481257377430211e+02 3.227851850814685690e+02 6.866882569515501018e+02 2.623048556020806359e+02 3.910479128388584513e+02 5.856586205679520845e+02 5.017229582219702024e+02 4.406205080406859906e+02 6.494036433675282751e+02 3.341593813958306214e+02 3.055574445115996696e+02 8.966292971403971706e+02 4.557729074628284707e+02 3.051215623438772013e+02
6.084782878894121616e+00 7.101933403688915405e+02 4.074099797874775959e+02 3.208889362617618985e+02 6.106265051929221954e+02 4.994152935855839246e+02 2.479262852287463943e+02 6.908307811042266167e+02 1.947460561005443083e+02 2.404315912070470915e+02 7.553381753424019962e+02 2.575993283655557775e+02 3.376797550901368936e+02 8.483249669243443805e+02 2.426732981644112215e+02 1.844279821200616425e+02 6.281927065883240857e+02 2.224109844742584414e+02 4.296485688003946848e+02
6.025326935284772922e+00 7.149180282658760461e+02 8.092248987176493529e+02 4.661930321070894934e+02 7.562077613014894268e+02 5.796986458916350102e+02 2.793520574607172193e+02 6.045516397567881768e+02 5.611976292821725565e+02 2.606980465532399762e+02 7.966196360698464787e+02 7.810232646160753802e+02 4.099796701808734838e+02 6.665882157559276493e+02 4.876551723245514154e+02 3.470764618801177903e+02 5.258278955394638388e+02 3.904433919808441260e+02 3.475575747575194328e+02
6.383314626591111818e+00 6.961913245749040016e+02 5.265998224633142399e+02 3.509759103379096246e+02 8.173942469410468448e+02 2.757833675423453883e+02 3.633855654107532587e+02 7.604037971539796672e+02 3.895512958993907660e+02 1.833240795042937918e+02 4.588821968472446997e+02 2.458367204513820639e+02 2.084111669978924226e+02 5.559771346349691612e+02 1.360180879125952913e+02 4.983390188420983691e+02 7.088242612940316576e+02 3.653966479404643906e+02 1.909145629794152796e+02
6.071675974735208925e+00 6.265599466261829775e+02 5.534827810593563981e+02 3.548343641149563155e+02 8.741758078763500635e+02 2.365014329748396733e+02 2.790312034924995146e+02 8.100958244325174746e+02 3.637432155515861609e+02 2.787489157384954979e+02 6.836407683955549146e+02 7.312540763183378658e+02 3.896322882159903997e+02 5.864158401616879246e+02 4.002253001661446206e+02 3.536386825522924937e+02 7.395985343723037886e+02 6.657337198589510763e+02 2.418448399650295357e+02
6.105585873002858044e+00 6.313059834146176854e+02 8.223436216016009439e+02 2.240722203571904743e+02 3.421443131810517571e+02 5.827227844826854835e+02 3.349748928307293454e+02 2.919151405868057623e+02 7.666971405060018014e+02 3.322031300243943974e+02 3.776371746454104823e+02 6.482523913917019627e+02 3.976604727867954807e+02 5.321747936422653993e+02 4.369539343578999251e+02 3.915748931404510813e+02 5.561159435914805726e+02 7.201798576884641534e+02 3.680964401422285164e+02
6.260613883643102895e+00 4.033252820357614610e+02 5.280172470742013502e+02 2.614389565369032766e+02 7.473879579800731108e+02 3.201727963404044885e+02 3.571102048953114263e+02 8.835979863441637008e+02 2.686701605643472135e+02 4.241664127121175625e+02 6.999607612833921166e+02 3.666659386851886779e+02 2.576007201805441582e+02 7.122876767624550212e+02 1.579567177417492303e+02 3.709930024122345458e+02 5.798479631648310715e+02 6.335420528542912280e+02 4.131288856444230078e+02
6.026824191444662304e+00 7.058720065345071362e+02 5.781180282554137193e+02 2.712337735392051172e+02 7.617893201804378123e+02 2.981452204761429243e+02 3.029320351927315755e+02 7.261975862834450481e+02 1.525291014846730491e+02 2.329758876623425863e+02 3.692084871675916702e+02 4.150172837182261674e+02 2.517818398841948238e+02 7.335909447014392981e+02 3.226267022059612941e+02 2.519541783334922798e+02 7.627089980840719363e+02 2.827460624239385538e+02 2.312704008076959781e+02
6.134804234473515194e+00 5.069412124699450146e+02 6.532771498822737612e+02 3.895995933470107389e+02 6.148409944619020280e+02 3.028853810242933378e+02 4.143793744403577648e+02 2.602464540893990375e+02 6.486399182219047361e+02 3.858176420738750494e+02 5.567740249459398001e+02 2.316604705757695797e+02 3.807317938505123038e+02 5.040469317612568716e+02 6.185222100392696802e+02 2.915245233085657333e+02 4.462933398220519052e+02 3.725017046149121711e+02 3.681622307989599676e+02
6.478225265593338555e+00 4.857841007371437740e+02 8.756270079233768229e+02 1.754744598451862316e+02 2.343884249585171347e+02 5.179778474429315338e+02 2.048628004665195022e+02 5.788596270083130548e+02 6.005920624764762579e+02 3.169333754040022768e+02 3.762110549197992100e+02 7.113705174783746088e+02 1.231139749524532618e+02 5.193990251299665033e+02 4.171265768838911185e+02 4.067139598873089881e+02 6.135354752892467332e+02 5.488319582718399943e+02 3.540135773766934904e+02
6.025333970769709779e+00 5.751094566117712930e+02 4.290042416861625725e+02 2.828115937470020071e+02 7.296773971658450364e+02 5.812170246354884284e+02 4.285933538452463836e+02 5.472877234877522596e+02 3.531203432889822125e+02 3.513508574139434586e+02 7.656793347248011514e+02 5.300695834413264720e+02 2.367975177122135619e+02 4.804248820431570834e+02 6.095216106397215299e+02 2.263141185250471494e+02 6.481982912397229484e+02 6.003401837921705919e+02 3.313520782708636716e+02
6.177543999615417114e+00 8.649392138597165740e+02 5.241494530552341757e+01 3.650762208308665890e+02 6.122610439555970743e+02 2.665569063291444536e+02 3.281770033173322076e+02 7.206851104331990427e+02 2.218178532139122012e+02 3.869320879099910258e+02 4.652709029203238060e+02 2.504311174548403471e+02 4.292575612882660039e+02 5.585840287429782620e+02 4.168147855241893467e+02 2.887446919956491342e+02 6.969420883661937296e+02 2.745820262396986209e+02 1.481452442108507057e+02
6.148422713481182633e+00 9.015945853209627785e+02 3.688742545988329198e+02 3.713104239188203906e+02 7.587134129970581853e+02 4.200613038893235966e+02 3.849982643812757033e+02 9.813149869707026483e+02 5.284798228216933467e+02 3.685259148356324204e+02 6.274287731188443331e+02 3.404867023536525039e+02 3.114655713562319761e+02 6.667114466064766702e+02 7.575596419315991170e+02 2.716392014813116589e+02 5.685984463074150881e+02 6.894675837618831338e+02 2.266908184447183316e+02
