6.899122306906630975e+00 6.727936385130082044e+02 7.738180335683257454e+02 2.850330788189506279e+02 3.225712566190845223e+02 2.955932469158377671e+02 1.982807518228944161e+02 2.936820182173035505e+02 4.329060718774902625e+02 3.226933832598077743e+02 3.657378920042095842e+02 2.516676862615997265e+02 4.076378262717635153e+02 1.049647641531433351e+02 8.792456860155973573e+02 1.935847439942069173e+02 6.856174004034819518e+02 3.147759550633448384e+02 4.081558104057286869e+02
6.700390352201889499e+00 8.506478240914308344e+02 1.431338404992193887e+02 3.543624559106279435e+02 2.088002616127745057e+02 2.427986609036827588e+02 2.178968799709854522e+02 8.831468933987594028e+02 1.680844872306929005e+02 3.374533107521472175e+02 6.638410761559588309e+02 1.032944771988194077e+02 4.554302860845267560e+02 5.060033718806517413e+02 5.664381063875719065e+02 3.164326869718740909e+02 8.601710791088673886e+02 2.192296841214900383e+02 3.654234119821439890e+02
6.689060569452651706e+00 6.434792248230230598e+02 6.879601171650690503e+02 3.193059351479622592e+02 6.120298646402102349e+01 2.052429537965380177e+02 3.715778076879721539e+02 2.691814222514820472e+02 1.321670869632268079e+02 1.848473641514008250e+02 6.836766322990745266e+02 2.109397041341530041e+02 3.397644954034245757e+02 5.799970237623402909e+02 2.666124456289926457e+02 3.505358573876592345e+02 6.042543819870326161e+01 7.679143774735911165e+02 3.866870997021704852e+02
6.870336337732926957e+00 7.718154568099141954e+01 7.542799139213187800e+02 3.593651988256156642e+02 5.403035391251436295e+02 6.985949616478254711e+02 3.509284609237283803e+02 7.224162149342930661e+00 3.867849521521824840e+02 2.906125247873827107e+02 2.574213161469070883e+02 7.174778429295010937e+02 2.194299425288076293e+02 5.667422332295323031e+02 4.324961728060317228e+02 3.673942090473211692e+02 6.065485699140729139e+02 8.349047403425979610e+02 1.809658175370443587e+02
6.739377989336966301e+00 3.603428010218192981e+02 9.758097293538514805e+02 4.219659425996269420e+02 4.644171287306979821e+02 8.161321750633085230e+02 3.558985741261229805e+02 8.908898051044000113e+02 9.537900868658705349e+02 2.100412678949712415e+02 6.736883238480454565e+02 4.933110424067840540e+02 3.593347103721752660e+02 8.747505076770488586e+02 4.706275645934921954e+02 3.274218823158773830e+02 6.457251117020459787e+02 7.832423143166190584e+02 3.606373031587283435e+02
6.706573177214716353e+00 4.620055111386382123e+02 6.233430018481844854e+02 4.262701829330994769e+02 6.421646945675422558e+02 4.505656509938262957e+02 3.955895834674078628e+02 4.865501353745827942e+02 4.421277783084636326e+02 2.023172456966126731e+02 6.206870426085852159e+02 6.669624512673468644e+02 3.129992896950166710e+02 7.792914205354369415e+02 3.327945228757815812e+02 1.434617724451336187e+02 6.246785367404946783e+02 5.100455360363718569e+02 1.767626756226288762e+02
6.621246644064584075e+00 2.972090458650465621e+02 6.425370939551650054e+02 3.669032681681430859e+02 3.887968561005284869e+02 2.491705231508477141e+02 2.118332171859758546e+02 5.296199523450775359e+02 5.038508073890950527e+02 1.584539730913457731e+02 4.874731037466826251e+02 2.267197128325359472e+02 3.632891489206650135e+02 6.746465867826934755e+02 5.088849508679213614e+02 3.660439951884424090e+02 5.854265591522078012e+02 1.506686080666468115e+02 1.843891743439899642e+02
6.622364944675832810e+00 8.020955586104917074e+02 1.345041574363223162e+02 3.687628721032705812e+02 3.806204470003158349e+02 2.029508972423212185e+02 2.753580035474508350e+02 1.740630302457323353e+02 3.849979148583698816e+02 3.859682780290227697e+02 6.019169617529345260e+02 1.607521904061911471e+02 2.713479487600523044e+02 7.623861455459270928e+02 2.361536459694904693e+02 2.216531374517802817e+02 6.624870726605809068e+02 7.405350754228099959e+02 3.929232035968047398e+02
6.571684095121019809e+00 6.853784127057668911e+02 7.271626918302324611e+02 3.181807567155993866e+02 4.125569277245494959e+02 6.811817725835308011e+02 2.113914330755142146e+02 7.280514598076127868e+02 3.788386198444840147e+02 3.728518971321411186e+02 5.636626412024124875e+02 6.047914208758982113e+02 4.639630082733140739e+02 6.903941465774189510e+02 1.085176457991898644e+02 4.369259305296997695e+02 4.702957850837163960e+02 6.743142795048285052e+02 3.296230375384587887e+02
6.894944359964505054e+00 8.760712229710306929e+02 5.628288350648529104e+02 1.830256709023906012e+02 2.528971258698248903e+02 5.008059466525238008e+02 2.254590906564137640e+02 8.846153030853934069e+02 5.234453385821543634e+02 4.183843496357036997e+02 4.305840737015731747e+02 2.588516474715407298e+02 3.661989647229389107e+02 3.884983405274313668e+02 4.950238026779608731e+02 1.605976519814234393e+02 8.446818656399353813e+02 2.812307305045479779e+02 2.458399590685448004e+02
6.915661255839993693e+00 9.879480502215062643e+02 8.208751202438525070e+02 4.589687359938463942e+02 5.117020997664334345e+02 6.191425246912885996e+02 3.593188177817289102e+02 8.559129376182310125e+02 1.353241786162867015e+02 4.001298046400680732e+02 1.099450050624301127e+02 3.875073203552886980e+02 4.095894313670086717e+02 1.867420026181478079e+02 6.714652064225788308e+02 3.279700266045113040e+02 3.172554769311063865e+02 4.320514275054228506e+02 3.932653732490094853e+02
6.702248557811579133e+00 2.572839578191141641e+02 6.693468398939626240e+02 4.115364956092140574e+02 6.028011297854809527e+02 6.367338972014705405e+02 2.702617443072991819e+02 5.924560184709049508e+02 2.825270385577555885e+02 4.034280582904506787e+02 8.258802305134128119e+02 6.258142886962662033e+02 2.232463929992583758e+02 3.996166308629728974e+02 3.838012511223967067e+02 4.439466518293394302e+02 3.772095164105376739e+02 5.136879190816860046e+02 1.499151034977946324e+02
6.835905860426602310e+00 3.993848423512502563e+02 5.954715139280128824e+02 4.115329682040804755e+02 6.732131962920199157e+02 2.060430454474093835e+02 2.801738675770292843e+02 4.028156839333316270e+02 2.747344512402223415e+01 1.857039464680986498e+02 8.358257344394349957e+02 2.039397933513272392e+02 2.902816933544750668e+02 9.624959389057887620e+02 3.993673955645414253e+02 4.463538913479505936e+02 6.613929572475700525e+02 2.301188565532729058e+01 3.253032526247517353e+02
6.890153963781057378e+00 4.080696889114728947e+02 6.050527676428353061e+02 3.339826301619003743e+02 7.774239371844660127e+02 3.830867018127925689e+02 4.849290813934672428e+02 8.630050691496064701e+02 7.931346573760629326e+02 4.206220169812835934e+02 7.330855671150164881e+02 5.832301637872349147e+02 3.701178581432088777e+02 2.313697225737479926e+02 9.271266075149976587e+02 2.395401337275103799e+02 6.266089836894440168e+02 5.477124906250541017e+02 2.114339191740415629e+02
6.627345142545082446e+00 2.924848460916188060e+02 1.683122812063061247e+02 2.587125592663252860e+02 6.580654702102767715e+02 6.913471201574106999e+02 3.433688002700114907e+02 8.842707099813509330e+01 1.509164954386710065e+02 1.447080852469147203e+02 1.454332839732110756e+02 5.873958321148078312e+02 3.018110153437104373e+02 6.292023257648558001e+02 6.320267937260325652e+02 3.208881781724367102e+02 7.118850537781409002e+02 5.128649814817144943e+02 3.461161044023592126e+02
6.728701673312713183e+00 5.786744690760116328e+02 6.701341315604046258e+02 3.146058158145024208e+02 2.413269127334692143e+02 3.693241843799744970e+02 2.133797333556436797e+02 4.385403970090879966e+02 2.363352018880509604e+02 1.564787676039906330e+02 3.574269628037337725e+02 6.365233266271131924e+02 4.000237824088263778e+02 1.863031296537981234e+02 5.126221016783919140e+02 4.558290952047183850e+02 7.270295966739959113e+02 2.206524600688507007e+02 2.718008097049820435e+02
6.555210544400999595e+00 3.566810216804797165e+02 1.300308428697829868e+02 4.492780896809645128e+02 5.750997100902752663e+02 5.621866786279085773e+02 2.805864018437713980e+02 6.297451730518349677e+02 4.483515762232739235e+02 4.927020118697979001e+02 7.137573581458709668e+02 4.672731403719077434e+02 2.831131918439804735e+02 3.807216884167372655e+02 6.906519475698393080e+02 2.986597000762268976e+02 7.889255892539702018e+02 4.462754485300385454e+02 2.217779753419692668e+02
6.950060376744475299e+00 7.428768305030749843e+02 6.672298116433680661e+02 1.586430836409548988e+02 5.102595103263095098e+02 6.051868065486150954e+02 2.785012216918321997e+02 7.438394899500082147e+02 6.869542133746051604e+02 3.703644944478023717e+02 2.869750303706202885e+02 6.085394538841843541e+02 2.458413817249261797e+02 9.492414119575438463e+02 8.172156602335481921e+02 2.373873797330768696e+02 4.237993734138069044e+02 9.003425949048476014e+02 4.872361543923404383e+02
6.728414501075381082e+00 4.634808998866871548e+02 1.889893935373297040e+02 3.562531618999418015e+02 5.442554442121409011e+02 6.637200814065314489e+02 3.065755848972090689e+02 1.390308369535067641e+02 9.991699765141535181e+02 3.229796810770797038e+02 2.570547549778495977e+01 3.182470694155697402e+02 3.483742059541710887e+02 1.980385821775262514e+02 8.886663600881391858e+02 4.267186905936159746e+02 7.946044631911822762e+02 3.854281568298732168e+02 3.477820933853406586e+02
6.836268297487382739e+00 6.222743998755720440e+02 7.152231344565126392e+02 3.519697478966349422e+02 9.664763943559479458e+02 3.992217025907520451e+02 3.787993507309290635e+02 6.486357594475034603e+02 4.240107576440261710e+02 3.329457578440241150e+02 7.403659812325179246e+02 3.802283187925002039e+02 1.531301964051555160e+02 3.000917963373041744e+02 8.751098477482864837e+02 1.907195257516801234e+02 6.783505779755753338e+02 4.417453123287076551e+02 2.054608598764144460e+02
6.762897401063121094e+00 9.585111082287983209e+02 2.240998928103280718e+02 2.843964241790922642e+02 6.041863205762847429e+02 5.543996614966506513e+02 3.587124113207431151e+02 6.693242768956890814e+02 7.318536309339890522e+00 4.831866618654631793e+02 5.661755399200544616e+02 5.987246204877117179e+02 3.640106772776915705e+02 7.427653289122220031e+02 7.515379051642929653e+02 4.206759412705623618e+02 5.576899393310551432e+02 8.142558490327787695e+02 1.113657985375531041e+02
6.822579013675559523e+00 1.258332858157310739e+02 4.954985483603960006e+02 3.772252170590772948e+02 7.556294595701970138e+02 1.900015990358236877e+02 2.929024775354463372e+02 6.112625793052420704e+02 3.147070189226051866e+02 3.545675326539463299e+02 8.952321963949988231e+02 6.157386454707141183e+02 4.481399135390838069e+02 1.617450780349756201e+02 4.289190668307591636e+02 3.539668189114919983e+02 1.577890058804734679e+02 9.280472575031661790e+02 4.958120312179322582e+02
6.876473612791345502e+00 1.205910800646461212e+01 8.303381743755281832e+02 3.884988297359611806e+02 7.883497452953877200e+02 4.788611199992645879e+02 3.265889284159795238e+02 2.137311242584451634e+02 6.824279606927752866e+02 3.432846958575178178e+02 5.086658043648989747e+02 6.703675115756686864e+02 2.692676648092581786e+02 4.757282794498328258e+02 3.194389498609467637e+02 3.756813888281930645e+02 7.876768451182564377e+02 4.061783452042560612e+02 2.150283432930239655e+02
6.663102271790439346e+00 6.354031333763018665e+02 3.155843577537961551e+02 3.623249430235538284e+02 2.933333877966507544e+02 5.274391362320276357e+02 4.153204800984364624e+02 5.111852729215631257e+02 1.449551536571557051e+02 2.375079714693105473e+02 7.140380019966870577e+02 5.560794700172110652e+02 3.730539255612803800e+02 6.750506258021588337e+02 3.143993622550108284e+02 1.786004109308933039e+02 6.730431006689942706e+02 8.085548926208939520e+02 2.843182609421081679e+02
6.883165025432241180e+00 2.009862394767877731e+02 6.678785439412331471e+02 3.218438394080636726e+02 2.908343764734593151e+02 5.371162139835419111e+02 1.785257180224814988e+02 4.878398284200688408e+02 5.153695489007708375e+02 4.097517256795641174e+02 6.759274931903743209e+02 4.083835234674406252e+02 3.071555935612769872e+02 6.468860084131417807e+02 1.794556454373641259e+02 2.876747672057280738e+02 2.353848926936886983e+02 9.697561812986427867e+02 3.348103427312622671e+02
6.813725104195165194e+00 5.632288953508998830e+00 5.200097106540097229e+02 2.446296435408626166e+02 6.558770585266690887e+02 3.350860566530336087e+02 3.493691455572242717e+02 8.792102215029829040e+02 1.872193654327908519e+02 2.048828337874688543e+02 3.196904891945134750e+02 5.617027046162203305e+02 4.181439995397893767e+02 1.982054468724765570e+02 6.933004795437864232e+02 3.120879681856699790e+02 6.815688404323969962e+02 1.496408139321382862e+02 3.683959387425901468e+02
6.813590384741944561e+00 4.898730705735617335e+02 3.648982678827800896e+02 4.772285889024275889e+02 4.115245002505414504e+02 3.256649105940516620e+01 2.864836568687691738e+02 6.406116982993814872e+02 1.736590022209751396e+02 3.738476117972989528e+02 5.911963919556847031e+02 1.248476002258598783e+02 1.876724293915066539e+02 2.965238562871301724e+02 1.380338073991287615e+02 3.806964976784934720e+02 5.470053905188593717e+02 6.444562798740836342e+02 3.505208277642452686e+02
6.728725618488214266e+00 3.717682049242769153e+02 4.692675158889558702e+02 3.090164426679891676e+02 5.845974143941333523e+02 6.212677337109188329e+02 1.522458109431759112e+02 6.127705804807245613e+02 3.142219030502397459e+02 3.528312189898852580e+02 7.994397069542337704e+02 5.758914501153385572e+02 2.369144192345926854e+02 6.787116588756985038e+02 5.846387560176341935e+01 1.655909964694310474e+02 4.349814997886832089e+02 3.756535010948343825e+02 3.504542683540694270e+02
5.938880238607147533e+00 2.181792104612621301e+02 5.602170721969198439e+02 3.391365610842548790e+02 5.518148548279675651e+02 5.348526790922371674e+02 3.332315184521228844e+02 5.116638946735832292e+02 3.045762937944132318e+02 4.548678717902179756e+02 2.822598778113455751e+02 6.901779879494195029e+02 3.293078101366926944e+02 2.458791230476529677e+02 4.070730179667964990e+02 3.922666335439784007e+02 4.035732928530389358e+02 6.053980493184038778e+02 3.461438276859199732e+02
6.763588180345417200e+00 7.937620818331080272e+02 5.140675358048724775e+02 3.836163074335465808e+02 5.184929152573894271e+02 7.451041579319846733e+02 2.653755661998133633e+02 6.003661895247781786e+02 6.098806475007480685e+02 1.955912421440602031e+02 3.493511944432466407e+02 6.261038518034519029e+02 3.083742717113901790e+02 4.927158811960606499e+01 6.426312756230485093e+02 2.572486355615767479e+02 3.411520535718763085e+02 3.026011876446038400e+02 4.173980656892319985e+02
6.564010947581529365e+00 5.199353858745266734e+02 5.199596440734819680e+02 1.515294613387098366e+02 4.332098499414500452e+02 5.670972296686012442e+02 1.237430164868533780e+02 6.342073785985503491e+02 5.865778118815881044e+02 2.612727811569446885e+02 2.153896374718189577e+02 6.273351625639727445e+02 2.191362249567773119e+02 3.643575735705354646e+02 3.560544550641383239e+02 3.254831731185421404e+02 4.750211194711197322e+02 5.046366422359647004e+02 4.933630080704868988e+02
6.517445680590388868e+00 7.411437697468047645e+02 8.208267883272642393e+02 4.049681226689907589e+02 4.861284413848578652e+02 5.301252221074682893e+02 3.785649705453241722e+02 8.359363971394175223e+02 3.391266385499334035e+01 3.069056826756603868e+02 5.178659879857799524e+02 6.609382398629448971e+02 3.120819354232591536e+02 5.815414638527304305e+02 2.841116937057183804e+02 3.789513812880411479e+02 5.118332212260826282e+02 5.342769918261985822e+02 3.207434720461610596e+02
6.995442806083350007e+00 4.505487610014444044e+02 5.980437519523170522e+02 2.292043438131169069e+02 7.931508956132386174e+02 4.449828412913557258e+02 3.485436460979111644e+02 7.780413139284818271e+02 3.877495482510843772e+01 1.975618718059306786e+02 2.982813841127778005e+02 6.606667959949611486e+02 3.089433989356282382e+02 5.544582623366518419e+02 4.118199904708021108e+02 1.685106407756737497e+02 5.049909272601951216e+01 1.091782007006806907e+02 4.982474286768450611e+02
6.713591482128477672e+00 6.737797645897881011e+02 7.450030014974727237e+02 3.739227161412539999e+02 8.661157902135150835e+02 2.652048840239364154e+02 3.233935414929495664e+02 2.501700264435330325e+02 5.776948053416588209e+02 3.071859747724200815e+02 5.952926218306951114e+02 7.982500563869114103e+02 4.138483713155257533e+02 6.854345131640980071e+02 4.364683616869810976e+02 4.112051031994843129e+02 8.549747994596459648e+02 5.506774285795160040e+02 2.133459488086425608e+02
6.741378071240493597e+00 7.076710094281631882e+02 1.832601189022363144e+02 3.476024640890224759e+02 9.462473072157929437e+02 4.611991438974608855e+02 4.000586046034043761e+02 7.446523069712243341e+02 2.704147795398308745e+02 3.344636819551018334e+02 8.695520514191911161e+02 8.520288626190563264e+01 2.798179548469870497e+02 8.093761008542775244e+02 5.363697235907699223e+01 2.675165419763898171e+02 2.411720742311262313e+02 4.584636415029043519e+02 4.148266963001866543e+02
6.594261899638260260e+00 8.901470335989788509e+02 1.920027902762440419e+02 4.213536973050467509e+02 5.594722001253545614e+02 6.699150313442210063e+02 3.698987683152731734e+02 3.864716997545313006e+02 3.002593643059850592e+02 3.251425684494667507e+02 7.022533637241008364e+02 7.066048358933878717e+02 2.336306575161521550e+02 3.952080760917716589e+02 6.241686994557696835e+02 3.950308545262035977e+02 6.784860933189889920e+02 6.323739118901800111e+02 1.898782601991889294e+02
6.775022676953724954e+00 6.319286256561631490e+02 5.151905843159599954e+02 3.477385193734295399e+02 4.447571525234656065e+02 5.441432471938603612e+02 2.746774680336726533e+02 6.433847491119149709e+02 1.536973858226551215e+02 3.041777327076570714e+02 9.096236021135053988e+02 7.377527065459651112e+02 2.873465026631477031e+02 7.824134973717943922e+02 1.632659897407541507e+02 1.621111404483491185e+02 8.966864316037159597e+02 1.525477099144304702e+02 2.862014339552118258e+02
6.834817021955988281e+00 3.484508434667075107e+02 6.959492242517404748e+01 2.846979642816273213e+02 1.897677796917292028e+02 6.204767761767792535e+02 4.572975805175451001e+02 5.268260443806558442e+02 6.430881117276740042e+02 3.003367460365595889e+02 3.686571585331588494e+02 3.487997464044608478e+02 3.550434500020426185e+02 7.005656004518583586e+02 4.656912146915581729e+02 3.202507573448283438e+02 2.068229717594036856e+02 9.017095285245343916e+01 4.035199410184574162e+02
6.697974162748819182e+00 3.106264564668550747e+02 4.587764992103827240e+02 4.788631946809945248e+02 7.183756313704383274e+02 1.845748476929696267e+02 3.962247787878368968e+02 3.862057685383680905e+02 4.315339697309082680e+02 3.214278605727375293e+02 6.386516751680035213e+02 7.104390118545537689e+02 3.455843850084619930e+02 9.164140116296546239e+02 2.931733648767349223e+02 1.056887400193844400e+02 9.175390334949970566e+02 2.650338168171690540e+02 4.364288527960799797e+02
6.793085450404820591e+00 7.593993552879182971e+02 4.166701434348201474e+02 3.708002035247014305e+02 5.612195777759163775e+02 5.573589877135681263e+02 1.388373826816812766e+02 4.775555204679496910e+02 5.171335704170226109e+02 3.952390230146059480e+02 2.857393341360816521e+02 2.304526305921179983e+02 3.078788947949907424e+02 8.799635372191394254e+02 4.205733196754338792e+02 4.506530279683800018e+02 4.789305231176734310e+02 2.624449488085502935e+02 2.606933916498864505e+02
6.594404836480226351e+00 7.572223335813946505e+02 6.650921225924259943e+02 3.333635748935420224e+02 7.538341836618795924e+02 1.975482814317572036e+02 2.714014094968605377e+02 2.192937042732184523e+02 1.979649071266559872e+02 3.350398224076923839e+02 1.455563656963375649e+02 2.019712763284192647e+02 3.492794201437953348e+02 5.414826557824994779e+02 2.582280320499046411e+02 4.031300883811369999e+02 5.817325341019152347e+02 4.332543000036851026e+02 3.210097737051276567e+02
6.549655653185732618e+00 2.562946689536804570e+02 3.974984852589131492e+02 3.040671620526813399e+02 6.725920920668576173e+02 6.289303655058643017e+02 3.457108893980064863e+02 1.970915201518803030e+02 4.291791047813718478e+02 3.887709340959403903e+02 6.506135584135196268e+02 6.224919740247701156e+02 2.538184689009215447e+02 2.340779801274107115e+02 8.227340160453964018e+02 4.825663064630047074e+02 4.777771166307617250e+02 6.033500269617424010e+02 2.568110787065759268e+02
6.681483946352769543e+00 7.091779634892629929e+02 4.946095910368642876e+02 3.544908545200677850e+02 6.537901713693079273e+02 1.336283905905239635e+02 3.196330016126260603e+02 6.190773638323504429e+02 3.464608424682300551e+02 4.332027948071726655e+02 7.349209240375528225e+02 5.682866804466987105e+02 4.044217194806959697e+02 5.965398602255606875e+02 8.175428064941881985e+02 3.171369571472487792e+02 8.799879844630968364e+02 5.733718131204421979e+02 2.397945895738453430e+02
6.636698465383074286e+00 3.415000299387500036e+02 2.834912739928222436e+02 2.643737747200962076e+02 2.038470943313780026e+02 3.789936734033885841e+02 3.855518014906446069e+02 1.711183834728417423e+02 6.816348454235042027e+02 1.198916469821835449e+02 6.570724833118988499e+02 5.110722322783991558e+02 3.437716946482912590e+02 5.460383602856733205e+02 5.700998521115024005e+02 4.109914521696703105e+02 6.286527896254719963e+02 8.480031678487644058e+02 2.305809465725196503e+02
6.969778032618436647e+00 9.132056734740913271e+02 3.945629312769888770e+02 2.361318504543223753e+02 2.067805110930419232e+02 6.997022955171814829e+02 3.501869055204125516e+02 6.801923349219971442e+02 3.783493893028718844e+02 2.850527506954838373e+02 5.624546647105769352e+02 6.190921959154939032e+02 2.250940925883942043e+02 5.257439259823619295e+02 6.878693947108394013e+01 1.723342479370776914e+02 7.986143662959293579e+02 9.752534960058204661e+02 3.784571700373335830e+02
6.502599345092823668e+00 4.916339558566158416e+02 5.807064444633026596e+02 4.157080259412078362e+02 7.575978698865686738e+02 2.642148764337400735e+02 2.929349681650717230e+02 5.771069442605727318e+02 2.917569447404073344e+02 1.837346282770153323e+02 4.570970302388558366e+02 4.709075027108005429e+02 2.138636678228035066e+02 4.540843848346289633e+02 7.246290290318765983e+02 3.417944608467083754e+02 4.637250220762603021e+02 2.029568774735190573e+02 3.364102640809391005e+02
6.759589346176161584e+00 7.291440160575141363e+02 1.728067997086657499e+02 2.229739405333052105e+02 1.142121351659140203e+02 1.688901414697785981e+02 3.014331429662179289e+02 2.951912713146289207e+02 2.485959400922612303e+02 4.621513207481002041e+02 8.174667274443553424e+02 4.080287264856511342e+02 3.030335157688621166e+02 5.162553360693290188e+02 6.138533788695897329e+02 3.561125698836212337e+02 3.077016087870277374e+02 6.598787551415485950e+02 2.001535203507564802e+02
6.258733525310931078e+00 5.022339658694402260e+02 3.482560698094568465e+02 2.496391698888202200e+02 3.503561792057885782e+02 6.154184368371209075e+02 3.024902708159794997e+02 4.860480551554481394e+02 3.463816913481668962e+02 3.991229065669414240e+02 4.851364513983027109e+02 3.742294734742370110e+02 3.289281596925836766e+02 6.518757168046161041e+02 2.189897486687970627e+02 3.599342806841277138e+02 7.430852776390564713e+02 6.325922524780360163e+02 3.841667180962243719e+02
6.158206430086406336e+00 6.537609759040241215e+02 7.885754895038948007e+02 3.727278542429052095e+02 6.170900062598180966e+02 5.433148332995233432e+02 2.631886339175567855e+02 6.944459702834991504e+02 7.078216654035500142e+02 4.277177106327191609e+02 5.873994356143142568e+02 4.124679025082162411e+02 2.406977750851053770e+02 5.315140603316260695e+02 6.037891255427900887e+02 3.307681056875443346e+02 6.737521144131814026e+02 7.169402509071686609e+02 2.997080138036054677e+02
6.632857668736017231e+00 5.287422662490561152e+02 1.926614078875300606e+02 3.014346134562810562e+02 2.727871960929081752e+02 6.336510712485317072e+02 3.940483679424332308e+02 4.659670829052440695e+02 4.078910241386235498e+02 3.778251994965040694e+02 3.015188674483100044e+02 4.698476572961649254e+02 2.724836316700883572e+02 6.735403686244446817e+02 2.453372552210135780e+02 2.125445569832863271e+02 7.004261522056810918e+02 3.099682620899973244e+02 3.049264797580838149e+02
6.554013667844187374e+00 3.935259393080011137e+02 5.992840550584099901e+02 3.378348718110351570e+02 3.470551560077473141e+02 4.744337707121694621e+02 3.351101362693742090e+02 4.354236049631498986e+02 6.985848374064840982e+02 1.060790143889616957e+02 2.829169436535796649e+02 4.408746822219980004e+02 2.743289465874760253e+02 2.017377242940335407e+02 6.261139239496100117e+02 4.611647721856501221e+02 1.852368018122632520e+02 4.104339143527962506e+02 2.697837380885464427e+02
6.623398117372737204e+00 4.943482301027509038e+02 8.913075267039937444e+02 3.151827547260156166e+02 6.323633951566379210e+02 5.043825570965389602e+02 3.182755848340278249e+02 5.337360860179865085e+02 2.963254726436133524e+02 3.078608333988309482e+02 5.311413417300896072e+02 8.353667965075434267e+02 3.073858432276251733e+02 3.898066882928316090e+01 3.960405727261828588e+02 4.299672981809147814e+02 7.402809085382706371e+02 5.397415697088838442e+02 3.366455275667415208e+02
6.824656599025740178e+00 8.862463197198949274e+02 5.053727868524267706e+02 1.536219264288724276e+02 8.124620827427519316e+02 8.751698176317652269e+02 1.931395584633769147e+02 2.899266206605799994e+02 5.049439102021862595e+02 4.957357861770104819e+02 5.480042091074751625e+02 9.369747317532289799e+02 2.597058947440516476e+02 6.450342802026679010e+02 5.554100954521857147e+02 3.255463318016122116e+02 3.656023315270306284e+02 5.602819292750859859e+02 3.375269331504009642e+02
7.008182921617451377e+00 3.575060512879483667e+02 1.964023042179565550e+02 3.301439801010578208e+02 1.273424556966775754e+02 3.707117722140351361e+02 3.188452710929505542e+02 5.253329278232737352e+02 4.779687660380143370e+02 4.910781117140104470e+02 7.992814017681495216e+02 2.012084274288804409e+02 1.650997579546780116e+02 4.377805107313802182e+02 6.369659343839330177e+02 3.389363631894079845e+02 5.626409593991938891e+02 9.336737107018742563e+02 2.204248332433258497e+02
6.983582755002696096e+00 6.475474838356142300e+02 8.174033227748384434e+01 1.074168627470540542e+02 5.513791439806847166e+02 9.065881382180898527e+02 3.710016867253572173e+02 6.885701520604739017e+02 3.324374397595131541e+02 4.648317344037108114e+02 5.264663635940329414e+02 2.011661388436858147e+02 3.351561033143526060e+02 5.034171564234288780e+02 7.631790907576157679e+02 3.523512303524279332e+02 1.289607508105655711e+02 1.691439429756783852e+02 3.069590976684115731e+02
6.459683886226312843e+00 4.421708862700641021e+02 7.358695043740458459e+02 3.619911824179567930e+02 3.798175572870527503e+02 4.506415586078860542e+02 3.038773647884566458e+02 5.045728023778530087e+02 3.771947701010229821e+02 2.411657481470391247e+02 7.723878090425504297e+02 5.516327880483007675e+02 3.653922519150191306e+02 7.470516635245091948e+02 2.977012895580882628e+02 2.977597745997902621e+02 6.749124237203886878e+02 8.126617990297730785e+02 2.688192943743149499e+02
7.014772806132337557e+00 1.341133159564670336e+02 9.565652010125533025e+02 1.796319199800658453e+02 1.681999472547607866e+02 4.853475899227549348e+02 2.475494176430815401e+02 7.672600106690288158e+02 5.876291270321971751e+02 4.523873098419129519e+02 3.957516720733831335e+02 6.708811117479829136e+02 3.135432228781669437e+02 5.219849130397747103e+02 5.669254728179128051e+02 2.385365589461123363e+02 4.966761957739828972e+02 3.627798644391734797e+02 4.482843848683790497e+02
6.412219598009508914e+00 3.378544991472475090e+02 8.318669207351495061e+02 1.268263705590062500e+02 4.203958826081900497e+02 2.629598364777437496e+02 3.172788800230506467e+02 7.531327606537145130e+02 6.324182126809793090e+02 2.807663442520668013e+02 4.803637511367418256e+02 6.235229323050249377e+02 1.406763790849361158e+02 4.685038115944827268e+02 6.981412665876441679e+02 3.645095768954343498e+02 5.306566298654623779e+02 5.633562561310943693e+02 3.893977707121504181e+02
6.699831019304153479e+00 7.884973144658866886e+02 1.722893872944741531e+02 1.913405152322065419e+02 3.467081529865898801e+02 2.281742759822803350e+02 3.522119073820649646e+02 7.744577189464506546e+02 2.449630063112582548e+02 2.932559433099479520e+02 1.399559625598989214e+02 5.833857786499244185e+02 2.060272350881813281e+02 6.022886992566975550e+02 4.165649570590799726e+02 3.718634872431724716e+02 2.277468497395609575e+02 3.369185632569623294e+02 1.297228394260523032e+02
6.454441770864068673e+00 6.036872881251739500e+02 1.689339247576463663e+02 3.676469050458300671e+02 4.688662116636013479e+02 6.537575210700996422e+02 3.623882505116223456e+02 6.227221383158627077e+02 6.767402215983388487e+02 3.664973266081906331e+02 6.666417216866151421e+02 5.535308899190989678e+02 3.216817674908523941e+02 7.757270734339630280e+02 6.593413644719363447e+02 1.646994747297200661e+02 2.128453519936811631e+02 2.346071263416505701e+02 2.430427681862065867e+02
6.883534693533667870e+00 2.280893085546731527e+02 3.710488944840810746e+02 2.504419938287658169e+02 7.459782703018245229e+02 5.391472851393904193e+02 4.484078698192000161e+02 5.713064068151878701e+02 4.779120726814808791e+02 3.157278593358257126e+02 4.815584179336422039e+02 6.439135177275751403e+02 2.916667788453306116e+02 9.946083681730058288e+02 2.777540105251579234e+02 1.846424676401291265e+02 4.199353803147283202e+02 2.515604655303012294e+02 4.800028633454491569e+02
6.728803754751717214e+00 6.253819411798834835e+02 2.745064738719644311e+02 3.319042111650024367e+02 7.303215601147617235e+02 6.734918204721243455e+02 4.123610525444110522e+02 8.912825612011122303e+02 1.911492479463720429e+02 2.897040658741407242e+02 6.365496458324830655e+02 6.741711356986621695e+02 3.035560799751031595e+02 6.018182265033008207e+02 4.083172649577299467e+02 2.256504226956689649e+02 5.710596601623737456e+01 3.869481398214464321e+02 3.867814844711076603e+02
6.784817568881745586e+00 3.836318283505675595e+02 6.209465416296229705e+02 3.230174021673273614e+02 3.815319798146214794e+02 7.733777327912162036e+02 2.352976968383650842e+02 4.673506249167280657e+02 9.615137071181241879e+01 2.793521851950176824e+02 3.701263771702498389e+02 5.098533851850864949e+02 2.890602457386677884e+02 6.464091485750202537e+02 1.322331074312271539e+02 3.466810944218646000e+02 7.645845682415877036e+02 6.722253404869375117e+02 3.675347753454585700e+02
6.816391636173138480e+00 4.815985963742624563e+02 7.301475352474841429e+02 4.888455342692739123e+02 5.613874607356322031e+02 6.391437332163302472e+02 2.962570996935681933e+02 5.713473063988428748e+02 2.357042058724384219e+02 4.448232862028845602e+02 7.765507265013727647e+02 7.438486127295581127e+02 3.997455511095477618e+02 3.282849761428029183e+02 3.924224794936097851e+02 4.708224655406613124e+02 3.730602059795173773e+02 5.456739864520509400e+02 1.291075569821443878e+02
6.365904845967515158e+00 5.132808456194014752e+02 4.106108822438720836e+02 3.463853924257285826e+02 2.457484533586140287e+02 6.796637783485481350e+02 3.753086265511263377e+02 7.446291085676040211e+02 6.722993473743593995e+02 2.766928375452393425e+02 4.393307293568576597e+02 5.563054990659559280e+02 2.311918019607238648e+02 7.352321872473809208e+02 3.662663221089117087e+02 3.895432422058432280e+02 3.301771445678541568e+02 1.277207771765666848e+02 3.544306285164684027e+02
6.811570846587875927e+00 6.423944479594634913e+02 1.832418792908157741e+02 3.964639898369173920e+02 7.937558096892901176e+02 1.219035463004255178e+02 3.063622149418587242e+02 5.954595595937663575e+02 1.222939033495936343e+02 4.171767230828836546e+02 2.887217704277899770e+02 3.202106330023833607e+02 3.765796611528975291e+02 7.459242628252851546e+02 6.188009239745488230e+02 3.182538261355897475e+02 8.451896773393140165e+02 6.370029466025230249e+02 1.067459710879140005e+02
6.801115648355776422e+00 8.259778651448315259e+02 7.050118714293844278e+02 3.491769726034401060e+02 5.007968495015770145e+02 4.789166349916445142e+02 3.803761743803133299e+02 7.792731960225104331e+02 8.005530849773288082e+01 1.809901282540163265e+02 6.319604561494072641e+02 8.323022422300538210e+02 3.467443056248077937e+02 3.121874958063268650e+02 4.080605884395341718e+02 2.209696434361612774e+02 5.814085900341153774e+02 6.332220414577880092e+02 3.022064266633859688e+02
6.817900377753913332e+00 2.565008511046933677e+02 8.267147191392184595e+02 4.087298728377772932e+02 6.192411719813067066e+02 3.530349290310850279e+02 3.075557802051419003e+02 7.107374192577765371e+02 2.837513437236851814e+02 2.583674810946088201e+02 4.677681593549965555e+02 4.504434626978506344e+02 2.251012748487665078e+02 6.730995786018414719e+02 5.821363369307429139e+02 1.767277790153536046e+02 8.270677527604957504e+02 6.051538047602913366e+02 2.918302470704566076e+02
6.633496974816743830e+00 2.669996011986813187e+02 5.691305051862341315e+02 3.921259229693808948e+02 7.475138405620915591e+02 2.944157015455184023e+02 2.802906905024809703e+02 2.846966046149328804e+02 4.209488062836915674e+02 1.290605062870639586e+02 7.018752343266089611e+02 3.329200379224176345e+02 2.028819699073800962e+02 6.288881605587888544e+02 5.144088881771150454e+02 3.278810932113591434e+02 2.769477793201093050e+02 2.465146983596183645e+02 3.910040399458970910e+02
6.682413020845126894e+00 6.080329603541516690e+02 7.173638217176919625e+02 2.875879980470176633e+02 8.395018605060604386e+02 2.330395394685029373e+02 3.151088728687082039e+02 2.524081261873557196e+02 5.423462913234237703e+02 2.570462029250844580e+02 5.776761340849146791e+02 7.839230705945723798e+01 4.798887134243944388e+02 6.813404168044971811e+02 4.281165076108264884e+02 3.306188637641797641e+02 4.763538418218862489e+02 5.115983458590871464e+02 2.402443442357808578e+02
6.934312552070217350e+00 9.440173347023542192e+02 2.756742544481196546e+02 3.729370757309164333e+02 7.166369993763337334e+02 7.933161188277204019e+02 3.793441013626825224e+02 4.753637081495025996e+02 2.562447179314118557e+02 2.761852408427544106e+02 8.503787534259304266e+02 1.682771722147388402e+02 1.884515949677237359e+02 6.867253736970106957e+02 4.642846276835741719e+02 4.900615933182009485e+02 9.464068184669778248e+02 1.058532049997125171e+02 4.157078327322072937e+02
6.380534361210740357e+00 6.174700213646164002e+02 3.971344746743068868e+02 2.614266170641586200e+02 6.844597701819592430e+02 5.275977655309915235e+02 3.776142138696961865e+02 8.247447396954835312e+02 3.979920679688663085e+02 4.268694600994928692e+02 5.603728604438180128e+02 4.943694647500558403e+02 3.445132681883277428e+02 6.834224786070619757e+02 8.004101905479915331e+02 4.048633211702984340e+02 3.270950364850205005e+02 5.584014228017001642e+02 2.882101568509222034e+02
6.508721358755505726e+00 6.214804637441311570e+02 2.443316706415000112e+02 4.211270031517304915e+02 4.036573142472605014e+02 3.195631826219489540e+02 1.940774319231818197e+02 6.228970596227175065e+02 2.079774267545506632e+02 3.552710881068622371e+02 6.098013084367549936e+02 2.870462441148697508e+02 4.404052725766751450e+02 6.665523364380138673e+02 3.904557439409979906e+02 2.392431564622953033e+02 8.224490636171010465e+02 3.976943502523385519e+02 1.426237044309796431e+02
6.441658990323651857e+00 3.203623679034474208e+02 4.973530572274312931e+02 3.603564026969569341e+02 6.097798137104925900e+02 4.298513353406153783e+02 2.844995472391864269e+02 6.561034098979190503e+02 3.308443172354424178e+02 1.487166922857518330e+02 4.688776801168453972e+02 7.137930300999096289e+02 3.880289669895422549e+02 6.745359649668686188e+02 4.825301813032305631e+02 3.506940513679267042e+02 5.891619625394895365e+02 1.665985734689818969e+02 2.341457319507596821e+02
6.978256005490475644e+00 6.268670908544202121e+02 6.243758293909322674e+02 3.033933693472877735e+02 9.991715207567172001e+02 3.875502233138938664e+02 3.454429320979238014e+02 6.780909091977905518e+02 1.386258777991089914e+02 4.108318571164023751e+02 3.400414812155696609e+02 3.687885490238602415e+02 2.206596845743640642e+02 2.013253837752495770e+02 7.217372333338923909e+02 2.186831146265426185e+02 8.623529412131206300e+02 3.811042712209063552e+02 2.693228541301259611e+02
6.741346088237561318e+00 8.572714476376497714e+02 7.849201498882714532e+02 3.734869298915286322e+02 7.934866726728951107e+02 2.357171350405693033e+02 3.439926010756738037e+02 2.289540016628422734e+02 4.903209216730713820e+02 3.030409006055665486e+02 5.228655740715367983e+02 2.095415559853371974e+02 4.323024456984941821e+02 6.020830226709749695e+02 4.376956502455076929e+02 3.604808789989818365e+02 4.717434968985303385e+02 5.471384207150481416e+02 2.171248481072805703e+02
6.757818230169086782e+00 6.334027001060591147e+02 6.805447428615846093e+02 3.706256598323884646e+02 6.459208458903727887e+02 3.516841900258575606e+02 4.138336048286832352e+02 2.361219407405521906e+02 3.564725192954994100e+02 2.340670651002174054e+02 5.225033336292851800e+02 8.710697541107593906e+02 2.949240160788091885e+02 8.106836793279252333e+02 5.909492116790357841e+02 2.988220969066533144e+02 3.768429956225620003e+02 3.981362581510413747e+02 3.518672389418368311e+02
6.269498637681663489e+00 2.776942541461529004e+02 6.056654135717353711e+02 3.779977625999256929e+02 6.344056381044232467e+02 3.558970885732585430e+02 2.211846466027090798e+02 5.745512991455539122e+02 2.418398765973519460e+02 4.309347131371690125e+02 7.261110595709981226e+02 5.391217480951294192e+02 4.703966755377668960e+02 4.383753396539328264e+02 2.676007590795643409e+02 4.282729881405210222e+02 7.597947535952337148e+02 5.480520804121995297e+02 4.835866029438720943e+02
6.885841154818464815e+00 2.017690805974473278e+02 4.904597045788378296e+02 3.345003269911056805e+02 7.996254129656977057e+02 2.647036965720260469e+02 2.583781696347058983e+02 6.392447290737228514e+02 3.217196502871304347e+02 1.244836781155831034e+02 5.045999742708247027e+02 3.687989145321942601e+02 2.371789602291825929e+02 5.168974858752238788e+02 7.469313729290140600e+02 3.098561769283203944e+02 4.674444253526972943e+02 1.291744089240548305e+02 3.727836953176236534e+02
6.641399492552791273e+00 5.515852976922286643e+02 6.023098624695784338e+02 2.876627281146978703e+02 4.483677930772141167e+02 7.116633620117338523e+02 3.152439614429559924e+02 6.070631967448346131e+02 2.638868219747677131e+02 3.893706895257639076e+02 4.971431313562408150e+02 9.767402430190086307e+02 4.225611328631954962e+02 7.234313184144069737e+02 5.823638312900145593e+02 3.930033351254290892e+02 8.969725293195801896e+01 7.100467455102723306e+02 2.976800912573836513e+02
6.371486677704741197e+00 1.998034052812855634e+02 5.085283520904628176e+02 3.592077996149189971e+02 5.273473755983485489e+02 1.620353228561453989e+02 2.611459148332598943e+02 2.513349991010688882e+02 1.368357814907209331e+02 1.535809982000960758e+02 3.467006966137323616e+02 2.993191481344169347e+02 2.946478378172608359e+02 5.611420590749663688e+02 3.541771094839614307e+02 3.853239347950838578e+02 3.640685509927790235e+02 1.563475935107603618e+02 4.861088023786638246e+02
6.909944665116311668e+00 6.163465244669908998e+02 3.048767775048828526e+02 3.608285931036283500e+02 3.153106876743664770e+02 6.316282458339334198e+02 2.789869137549740685e+02 6.926129218295744749e+02 5.713606275153833849e+02 2.183378097574273511e+02 1.739080462004442325e+02 3.560036067210206738e+02 2.046928669827379679e+02 2.224433940487222117e+01 5.378970399651515208e+02 2.269410441228183686e+02 8.311557273734538285e+02 3.335944312501236482e+02 4.162267943207556300e+02
6.915367672848466540e+00 3.896981461036854171e+02 6.981588419805751755e+02 4.525878172215849418e+02 7.718270814533545945e+02 2.265496441343063054e+02 3.377479066405057324e+02 2.001893979681566407e+02 9.249857366456348018e+01 3.455572768609387708e+02 5.536035936377265898e+02 8.200941005848637815e+02 2.533823569417102703e+02 4.195623616322507701e+02 6.146606666888386599e+02 4.476848358283749576e+02 9.711451932860600209e+02 6.279744838738060935e+02 3.426940539593362018e+02
6.598464921930349725e+00 6.089419671185573861e+02 1.949571125127195899e+02 3.615953493048204450e+02 4.246930721793285102e+02 8.796420360460389247e+02 4.175426230545545536e+02 8.276597330215748798e+02 2.350724085149533096e+02 2.084559961689797944e+02 6.601587737799434308e+02 2.725503889599929153e+02 4.183913990869792201e+02 3.777042223600763009e+02 2.145862198410589770e+02 3.555850931612365002e+02 7.109830208871127297e+02 2.983000609292559488e+02 2.767091240348916017e+02
6.898188570388468221e+00 7.333455824727744812e+02 2.956549119225254572e+02 4.883777853700751166e+02 3.075492864304947034e+02 3.553706860454327625e+02 2.088454263785653211e+02 2.665325274471492207e+02 2.945685579141584753e+02 3.854909618329296563e+02 8.187656056220870369e+02 2.420837374587237605e+02 4.286889836268162526e+02 7.951713278507777432e+02 1.183248559682083965e+02 4.241811942818495709e+02 6.713973773916690106e+02 5.448701887243780675e+02 3.334794815529251082e+02
6.436418886685906671e+00 4.331533934793707203e+02 3.838220439221564675e+02 3.732094364677815292e+02 3.947647921836809815e+02 2.419227072791028093e+02 2.089863156130975312e+02 5.329910707983505063e+02 3.961403418999942119e+02 2.075750457255518313e+02 7.186472822751172771e+02 1.208625912230283461e+02 2.343788420049043566e+02 7.642161333718212290e+02 1.204285970700275499e+02 4.911057392514851472e+02 7.200224711020531458e+02 2.601490317856862475e+02 2.645631595902028721e+02
6.903076438333376252e+00 8.132228596445485209e+02 3.562671671606198061e+02 3.739690325428408642e+02 9.458028133395903296e+02 5.856458538530034730e+02 4.649098865344953424e+02 7.407933615096758331e+02 1.070501642067680024e+02 3.051856255269534586e+02 3.623919611136844878e+02 5.831007428832569985e+02 1.772942006154758019e+02 5.352613500728998588e+02 6.643088075931191270e+02 1.167216266696759561e+02 1.940457621523337366e+02 2.001909449789128530e+02 4.074913418976351522e+02
6.615508358201328321e+00 5.583746602297094341e+02 1.319894285109376710e+02 3.682431511041608019e+02 4.679222574007391131e+02 2.283470887870707600e+02 2.533377350933075434e+02 2.030062519119567810e+02 6.256828517099979763e+02 3.668746242129836332e+02 6.488223829981726567e+02 1.629022606799153436e+02 2.728803951298523316e+02 8.256132273919540694e+02 2.467287037624109587e+02 2.887444413866131185e+02 6.566503443611379680e+02 6.856553350960728039e+02 4.876294576861862993e+02
6.931162604469514932e+00 9.669956166164927254e+02 7.463788732211319257e+02 1.384175028819945510e+02 5.349573137950371802e+02 7.089372885456765516e+01 3.150144979393135714e+02 7.356314991992754813e+02 5.326860321310424524e+02 2.509194583275141781e+02 5.698207739253537056e+02 7.560899350433320478e+02 2.981162141636359024e+02 6.789324920942829067e+02 7.773004467410087273e+02 4.011504724600014811e+02 6.236566057321313110e+02 6.921375484136705154e+02 3.702784334858563398e+02
6.612392546816374228e+00 5.253815826485845264e+02 4.799294722839530891e+02 3.212432020464353855e+02 4.936737919303645299e+02 6.700825923749083586e+02 2.741835798987513613e+02 5.519955659244699291e+02 5.611976292821725565e+02 2.606980465532399762e+02 7.838728650755761009e+02 9.260454970275707183e+02 1.996206469170163871e+02 4.287965588543507351e+02 2.520739928173513533e+02 3.003720579070027270e+02 5.383849730491602941e+02 3.904433919808441260e+02 3.475575747575194328e+02
6.752181783586191699e+00 6.961913245749040016e+02 7.692278279177029390e+02 2.651972307072069270e+02 8.173942469410468448e+02 3.529318223483615498e+02 2.915836375484488485e+02 2.535306970287556965e+02 5.528707474601746981e+02 1.990600440405002871e+02 7.485238331097427817e+02 4.598040462665029509e+02 1.948781765720334249e+02 6.621797767713335361e+02 2.737890037091814861e+02 3.194939633132579502e+02 9.722784939800433790e+01 3.653966479404643906e+02 3.813232066118189891e+02
6.650022501812989262e+00 8.529233246494725336e+02 6.342901492655610127e+02 3.277804690729448680e+02 1.269980857074249343e+02 7.142464702081125552e+02 4.941965161388994829e+02 7.608982547893490391e+02 5.078855817382317355e+02 2.916028735870156652e+02 2.526854197737239360e+02 6.384988246356306263e+02 3.020477114016136966e+02 1.543515729141651036e+02 4.832665588698226884e+02 4.914385345892737291e+02 5.474326494269814702e+02 6.837906309890133798e+02 3.935252142349810356e+02
6.717658667759735636e+00 6.137672445178279759e+02 7.885947839786282429e+02 1.462373999581283783e+02 7.876998268239490244e+02 5.077302409327438113e+02 4.241227280433771512e+02 4.522273819495719067e+02 5.225588187311884667e+02 3.645915944225168914e+02 2.188264230028074735e+02 3.449415101481890815e+02 3.321802755570938075e+02 4.780962421427935851e+02 5.064234635183664182e+02 3.026039969295467245e+02 5.633967851952317005e+02 6.346336612696391057e+02 2.794475479951443049e+02
6.541081816327964482e+00 4.701732665247440082e+02 7.757866527648445754e+02 3.615553961682314252e+02 3.071884397464327776e+02 4.211538096245189422e+02 3.244764243711808831e+02 4.833567775971622495e+02 2.898208864324355432e+02 2.370206739801855917e+02 6.999607612833921166e+02 5.633394135473990900e+02 3.040405234009955393e+02 6.637001730313861572e+02 2.989285781166148581e+02 2.470355503992877857e+02 6.595345842064576800e+02 8.091227911653052161e+02 2.725981936729529593e+02
6.613289884080902681e+00 2.379170828597508489e+02 6.109604048860901457e+02 4.022027351375030548e+02 5.418346637134161483e+02 1.962582921787784187e+02 3.029320351927315755e+02 2.645554403604538720e+02 4.223996709664768900e+02 1.014199848193484144e+02 7.463592750908643438e+02 3.177058579920012562e+02 2.197195343237626162e+02 6.239268041070492927e+02 5.443057362833485513e+02 3.406962639033672531e+02 2.298946267772679448e+02 2.394643023895762326e+02 4.005682133000985345e+02
6.236499756330514010e+00 5.119115426497551766e+02 1.755535977104431140e+02 3.672741132854731063e+02 2.927033344445262628e+02 3.345011649554494397e+02 3.356589008637312190e+02 5.369671418380887644e+02 2.458067891181314337e+02 1.543897767827584744e+02 4.226399848068344909e+02 2.316604705757695797e+02 3.718021196387330747e+02 5.946454337578597915e+02 5.274383649756131263e+02 3.075415305649239031e+02 5.833495335395473376e+02 1.461053787234477284e+02 2.016102483082046319e+02
6.576497260658364041e+00 4.857841007371437740e+02 3.160944320403453958e+02 3.379264359401146294e+02 6.942988442905077591e+02 3.463588257560538182e+02 3.469040978495737590e+02 5.788596270083130548e+02 7.025921461406669550e+02 2.084375751082286854e+02 4.357475733889875755e+02 6.645942015012502679e+02 1.231139749524532618e+02 2.963287147329507434e+02 7.531244686815235809e+02 3.287654792202090448e+02 2.193065463983926975e+02 1.524464525094784904e+02 2.001084430044333828e+02
6.074087235264969742e+00 2.786557867869183269e+02 6.147590099831139696e+02 3.687628721032705812e+02 7.499646732953362971e+02 6.539950199126728876e+02 3.504618165544218300e+02 5.416893396360608222e+02 5.602780161080868311e+02 4.327994290684890757e+02 6.019169617529345260e+02 7.204187887586201668e+02 2.407210256662206973e+02 3.068506143830932160e+02 5.512816187906347523e+02 3.405680761186261520e+02 3.251645983476361721e+02 6.865484436823760461e+02 2.605495414964299243e+02
6.517863812903367027e+00 9.624772657769840407e+02 5.823023599035429925e+02 2.740865863456692182e+02 6.770409996597164763e+02 5.184891736729500735e+02 2.370889192384740625e+02 5.020789465635575652e+02 5.784896785590017316e+02 4.422928972088869841e+02 6.574700943604234453e+02 2.167086004797276360e+02 3.619033065584536644e+02 5.449227315312534756e+02 2.124361088314749964e+02 3.534002402490648933e+02 6.914068992122199688e+02 4.400529309513665339e+02 4.263741107267337611e+02
6.554200057272009161e+00 6.036293306151620754e+02 6.922533753361369691e+02 3.149529995395079141e+02 5.657287480433510609e+02 6.071720414489199129e+02 2.206820620771716790e+02 7.085770203410695558e+02 2.338297926935056807e+02 3.420478182541563683e+02 6.967965234477529748e+02 3.319392280377339830e+02 2.915770306007836439e+02 1.131343544560592136e+02 7.979273631381601035e+02 1.218094447607563495e+02 8.370855926328839587e+02 1.152058308318125057e+02 3.091870022890877863e+02
