2.306883580700967773e+00 7.426973783838062673e+02 6.459558471705475995e+02 4.589266571163424260e+02 6.682501621896032020e+02 7.742267201671299972e+02 3.036523204743617725e+02 3.666153725700343102e+02 3.343187768987917252e+01 2.251731649743521757e+02 1.012163252048504773e+02 5.632618949032062119e+02 4.465154681138092201e+02 4.715692021682957602e+01 8.685253611746833258e+02 3.916256696200539409e+02 6.187421283397243315e+02 3.510137478877700232e+02 4.237790792514154532e+02
1.650189077994479003e+00 4.286110964442232216e+02 3.718266146597222814e+02 4.672688270633456114e+02 6.771756307753797728e+02 7.806646877891430449e+02 4.055844568785864794e+02 1.483127624742396904e+02 2.712356472183444112e+02 3.356529619650162886e+02 4.964686775820956655e+02 7.388540076207814309e+02 4.579920067472743881e+02 5.701938944874941626e+02 4.686018748867897443e+02 1.791063808239689763e+02 7.678475214178034776e+02 1.707111483798577183e+02 4.851360664776212843e+02
2.583675065643638913e+00 8.390406199226870285e+02 1.288889334338005597e+02 1.058457472132333237e+02 5.617420913878008832e+02 6.558502984151216424e+02 1.262812055667100424e+02 8.858643906837909299e+02 7.390170757703181152e+02 4.502178999490836304e+02 3.786252566641651924e+02 4.703438026545187540e+02 2.198816322419043559e+02 3.716910647151320859e+02 1.500469825219566928e+02 3.161257909129167842e+02 3.374769113775518008e+02 8.655195385059341788e+02 3.181185385477352838e+02
2.239795524766665213e+00 1.480393099082660910e+02 3.056711246218389988e+02 3.683628235562416080e+02 8.447186785955980213e+02 7.060199488265243417e+02 3.449855697003225714e+02 5.337574408302907614e+02 6.547536213636478806e+02 3.922087795115709810e+02 7.759874723318226870e+02 1.535604574926310306e-01 2.904372009306070481e+02 8.277409474524937423e+02 5.461611751342445586e+02 4.437799320772870715e+02 2.427171168578090032e+02 6.941093617074848225e+02 2.977307998331817771e+02
2.035540682318982775e+00 4.907493067809716649e+02 2.617050265725446252e+02 1.714650665484588501e+02 8.446441725399835150e+02 2.726899797470186968e+02 3.985546855068680543e+02 6.691477012064669907e+02 7.608371490594455508e+02 3.823896645940755548e+02 5.165487844578018439e+01 6.457231741606083233e+02 2.806662751078826545e+02 5.145886655156064080e+02 8.459292872354147903e+02 4.578317984893164407e+02 1.751949789588962290e+02 3.340183480734850718e+00 3.907483380210886139e+02
2.736936355313873470e+00 3.447432539849270370e+02 3.237082232016903163e+02 3.796946648643695994e+02 3.774284596247869672e+02 6.103776947007027047e+02 1.130220003417261410e+02 9.105744998597911035e+02 9.848443834923978102e+02 3.439249188643825050e+02 9.577705873718257408e+02 3.371039190123923390e+02 2.780697966906131455e+02 1.910366455083719757e+02 9.652262333430144281e+02 3.763548900990163020e+02 3.929050427934774916e+02 9.648817213487203617e+02 2.849025241441539720e+02
2.094208917719180718e+00 4.722965893412762171e+02 4.911262151391021007e+02 3.530412799317157919e+02 8.078783721061624874e+02 7.502105489136475853e+02 3.394965659617957954e+02 2.074242581430556811e+02 6.501850671625097675e+02 4.474894198569934929e+02 3.282457519726515329e+02 9.217995661841421224e+02 2.988799934582531250e+02 7.713017289021959186e+02 1.305224673700244011e+02 4.414787923602357864e+02 3.671820251668534638e+02 1.375983218484464317e+02 3.870422463918788480e+02
2.315307153635602688e+00 2.818740341997788050e+02 8.844075460873212933e+02 1.794218508522311311e+02 6.805456910953571423e+02 1.691133833049311761e+02 3.795856602273851763e+02 8.507130399230100011e+02 8.179004134881782875e+02 1.773732816779038330e+02 3.582520852927327724e+02 7.343299388418322451e+02 4.346708068051586338e+02 8.057247747606129451e+01 8.177123098239310366e+02 4.206816768836092706e+02 1.143553372550598510e+02 2.617250883167391748e+02 2.181263502007615784e+02
2.497421106672884861e+00 7.702830646215935531e+02 9.159927781158321523e+02 3.385626393501484017e+02 6.859740460190058684e+02 3.600524714928868661e+02 4.183417319532322267e+02 6.492680170818794068e+02 2.563363545666363734e+02 3.102283649944290573e+02 3.967272522026336219e+02 7.999843963285475184e+02 3.062356021527401708e+02 4.668762989400072456e+02 4.189426250657780884e+02 3.644974534636097587e+02 2.556704686239507680e+02 6.374282895988270639e+02 4.431666549071805434e+02
2.608555511377865344e+00 9.255651941568389702e+02 4.170386396795820474e+02 3.821123477413642604e+02 4.501047158563383164e+02 8.883018708537910015e+02 4.904858214312997120e+02 6.983941393697757576e+02 6.102886825049961317e+02 1.989443081585928326e+02 8.293860750627027301e+01 8.781622959517294476e+02 2.319822353456046926e+02 9.855342921659233753e+02 6.587049273168253194e+02 4.936024291891739040e+02 1.530314187170802143e+02 1.270167820713223819e+02 4.365543610734693516e+02
2.221558182069435450e+00 6.174767653350922956e+02 8.078566069092230464e+02 3.759857459755864966e+02 9.123159414186061440e+02 5.230461698891448350e+02 4.657611402861996339e+02 2.606111722635623664e+02 3.317287007620814734e+02 2.031952147887137130e+02 1.651015433131279337e+02 1.728387246390036296e+02 2.060950480316466269e+02 2.115767154160684811e+02 6.520129593142172553e+02 3.763757253520602717e+02 4.799817306347262615e+02 2.379136722918855185e+02 3.325377836598481736e+02
1.868766625130579895e+00 7.760381614060647735e+02 6.442947521332254155e+02 4.235642364527251402e+02 4.252102987929836786e+02 2.578679816469088451e+02 4.493142918610624292e+02 5.694534733607347334e+02 7.713904075677595529e+02 4.173170407983620294e+02 1.496638651772796038e+02 5.650337126618557022e+02 2.670838649702593557e+02 3.811564871752052568e+02 5.482915151733641324e+02 4.916464777515309947e+02 5.258171684035105500e+02 6.919197887335207042e+01 4.731168822612909821e+02
2.344305418585684642e+00 2.652136248354378267e+02 1.838436740482437131e+02 4.439586214489921758e+02 4.042047555629335420e+02 7.660613763069496827e+02 3.569831154913606497e+02 8.891829414475980684e+02 3.103023570282046535e+02 4.755960977286134721e+02 4.156427408000466812e+02 4.755725612880742119e+02 4.465028093691396407e+02 3.197194440734006093e+02 2.078182303789237722e+02 2.184383585868691853e+02 3.150365362882756131e+02 3.828823832886822629e+02 2.334706917568773008e+02
2.171475055825573541e+00 9.900127833938104231e+02 6.901864427785114913e+02 3.768643095498742923e+02 5.294019541476715176e+02 6.313123409427416277e+01 2.686866140313883307e+02 3.383475182106910779e+02 5.801036674224682201e+02 4.318996658261494304e+02 9.317970304567145376e+02 2.834347354632449765e+02 2.543908017489802091e+02 1.647938393346278190e+02 1.396135858467910111e+02 1.662444920453602606e+02 7.487480563306248769e+02 8.521325254702329630e+02 4.430729669464906806e+02
2.161057705318783384e+00 7.960380470485106343e+02 6.966548808637249977e+02 4.090046202250020997e+02 1.229843400426599374e+02 6.496325164477034377e+02 3.031556984921668914e+02 3.671673958976882659e+02 7.235775156014833556e+02 4.755149658412539111e+02 8.984207745551652806e+02 4.485667234129393819e+02 3.868298384943012707e+02 8.372262254652060847e+02 2.014706885324272321e+02 3.626486396140819579e+02 3.343032072875466838e+02 2.967871877226389188e+02 4.281273753408240168e+02
2.317500670816903252e+00 8.966061345459194172e+02 6.467623307219271283e+02 3.872873336289639496e+02 5.490300592246215956e+02 1.305939176851771890e+02 2.749943213549218513e+02 3.085074852469642792e+02 5.846649663369889822e+02 4.215408919589752372e+02 9.136364458326795557e+02 4.171105491948571853e+02 2.746808599502821835e+02 1.606546863468687434e+02 2.110551316541938149e+02 1.970243343220986389e+02 6.980647846302383641e+02 8.035138502234915450e+02 4.463919620311287986e+02
2.287268510492685536e+00 8.744757560242896943e+02 2.559453222126672074e+02 4.345445708693812890e+02 3.523228818743785951e+02 4.325131980748718092e+02 2.890354296653374035e+02 3.812579386588659531e+02 2.895540737034042422e+02 2.398220772023964003e+02 7.543774741347964436e+02 8.684423767647376735e+02 4.702131710351891343e+02 3.879553327543697492e+02 8.540290439208187081e+02 2.742535035817614357e+02 2.419153393267590673e+02 2.070829517471791235e+02 4.296348058474937943e+02
2.840079384482304015e+00 5.993704934262819961e+02 8.436687910740452025e+02 1.313110337985564797e+02 9.160498283443936316e+02 5.139798595431809645e+02 2.747934623252945698e+02 6.164903996542892628e+02 5.544652092393507701e+02 2.948058734406976100e+02 9.536243818262710192e+02 8.451258744384012971e+02 4.300031756911582193e+02 2.935910560235187745e+02 6.459892755980234824e+02 4.236925748537755680e+02 6.077914931623929533e+02 3.141291707886933864e+02 3.472348711982546661e+02
2.723179596031612970e+00 1.574567843342928768e+02 2.486364102323599923e+02 4.207019939305013168e+02 4.133905511720055301e+02 7.023408860025066360e+02 3.687717328906076091e+02 6.677890495251094762e+02 3.287981480381633901e+02 4.590112892100825661e+02 3.731459997316520116e+02 7.236072026923693556e+00 3.145208661661811220e+02 5.994912590583699057e+02 2.911436918422768372e+02 2.169268610198168403e+02 3.654590557231092589e+02 3.025729756598258291e+02 2.526263729054836062e+02
2.869660466525542297e+00 4.756258923646030325e+02 9.669533992458543707e+02 3.753485695423592574e+02 8.583263424312616507e+02 4.498276753342270808e+02 3.056374698861299066e+02 4.867180634688932059e+02 1.327823472123122315e+02 2.023178593121069468e+02 2.969525803356461324e+02 1.033225856171298744e+02 1.167967757094290846e+02 3.456824072552447547e+02 5.782264596480212049e+02 3.626450420748699344e+02 2.822153964243517521e+01 2.594604722014711911e+02 3.739163590097373344e+02
2.820622415956128837e+00 4.104133544219911869e+02 7.784012748580053085e+02 3.891801450391118351e+02 2.314922321450334266e+02 8.591997375108538790e+02 3.076489939830266849e+02 1.257132194236884715e+02 6.898908830774400940e+02 4.859543548764485195e+02 7.945204464920569762e+02 4.004641178683796738e+02 3.604335884013912619e+02 6.909490693501521719e+01 1.108810372438813943e+02 3.656435193093416274e+02 5.508919820528558375e+02 2.554963621180671964e+02 4.141054545124858350e+02
2.137058579826340399e+00 5.185577331664291023e+02 5.172574254642614733e+02 3.388131387751541297e+02 8.170111906827169150e+02 7.515941576814635710e+02 3.403557747056926814e+02 2.112259897701303260e+02 6.238376794823639102e+02 4.607313634906141715e+02 2.813629261677946261e+02 8.695797459498581929e+02 2.812787278689478967e+02 8.432905532849913470e+02 5.013284775326951603e+01 4.378605565321792596e+02 3.263488753811341212e+02 1.122263828312939609e+02 3.771288384584351547e+02
2.809840700978837091e+00 4.185699102786998793e+01 3.309176210276390293e+02 2.703670536016840629e+02 6.259821236680713810e+02 8.903639507157208755e+00 2.884827691443285858e+02 7.522119392114856282e+02 4.505400444434629890e+02 4.934668183854951735e+02 8.777766920060826124e+02 1.971237710450752729e+02 3.102561814738162411e+02 2.974199913499916761e+02 7.456541529049970904e+02 3.796377070368041018e+02 3.631142186905894960e+02 7.591949182426565130e+02 3.169805866322017209e+02
1.855957929717819255e+00 2.621805639004277850e+02 6.347766985088900356e+02 2.178252060390882150e+02 2.216931900739327261e+02 9.552332951137705095e+02 3.936027573770731465e+02 2.097231990039384186e+02 6.500679269483446205e+02 3.540619918227791914e+02 5.170864904157944011e+02 8.496885446042657577e+02 4.898114745517804067e+02 2.914479573548772464e+02 2.318843015245312245e+02 2.835991942306080773e+02 6.353938189401281988e+02 4.316208484154146845e+02 4.898253589495483311e+02
2.152691728680938610e+00 8.284258886388589644e+02 5.927291451235566910e+02 4.099810361100900877e+02 6.154603949916565853e+01 6.044452042923190902e+02 1.418693215320101615e+02 3.825803675472706118e+02 4.732509760180679450e+02 3.457207377707591149e+02 3.358849404029191987e+01 1.779710612006502970e+02 3.770010083093629873e+02 2.321919725261208214e+02 8.681531777804668764e+02 3.360030637247923551e+02 8.090456732753837059e+02 1.804495306712944682e+02 4.249642416091161294e+02
2.568705306113531428e+00 1.560217629260870922e+02 1.933409122481126587e+02 4.548501691455649052e+02 3.919846882272383368e+02 7.032010806827839815e+02 3.955593438055165620e+02 6.993977505290977206e+02 3.260214639291101548e+02 4.610497862493019738e+02 3.257065998101673472e+02 2.962443403969251676e+02 3.235665674763463926e+02 5.960128839781109491e+02 2.624012006290183194e+02 2.125196828625904004e+02 3.213560797520198662e+02 2.462577357121406862e+02 2.333622754956128347e+02
2.477516441629881161e+00 8.975347437179145800e+02 3.520841368779022105e+02 3.365077692352832628e+02 4.325199253391995740e+02 7.201342789718321455e+02 4.335773519064219954e+02 6.817947158729575676e+02 3.953061262751970162e+02 4.783630322609033101e+02 4.978866853344047740e+02 6.500379491277800525e+02 4.348421653938057716e+02 8.870073980300165317e+01 2.459238055941166294e+02 2.815995342686092044e+02 7.434754484755487738e+02 5.398735244937104198e+02 4.388466713170777780e+02
2.073585406107165685e+00 9.255651941568389702e+02 3.064088817856860487e+02 3.821123477413642604e+02 4.501047158563383164e+02 8.883018708537910015e+02 4.904858214312997120e+02 6.850679908771796818e+02 7.332903091105179101e+02 4.701592802209673891e+02 8.293860750627027301e+01 8.781622959517294476e+02 2.319822353456046926e+02 9.855342921659233753e+02 6.587049273168253194e+02 4.936024291891739040e+02 1.530314187170802143e+02 1.270167820713223819e+02 4.365543610734693516e+02
2.590522897988598583e+00 2.877739840188370408e+02 7.255931222102181266e+01 2.994242660168584393e+02 5.149698189458604247e+02 7.048542347072593657e+02 4.011968673096603766e+02 9.815241534995614074e+02 2.506675878746261787e+02 4.207459580356016886e+02 5.193672215748445069e+02 7.226526182195109413e+02 2.884567643712915697e+02 7.376919483738576844e+01 1.402186346514583875e+02 4.092184788153577983e+02 2.125695409735521935e+01 7.897678383040026802e+02 2.487081108797383422e+02
2.176474538391799829e+00 3.521361685141229714e+02 7.812860477988175489e+02 4.090046202250020997e+02 1.229843400426599374e+02 6.496325164477034377e+02 3.031556984921668914e+02 1.124100688692313952e+02 7.235775156014833556e+02 4.755149658412539111e+02 8.984207745551652806e+02 4.005599794269436984e+02 3.868298384943012707e+02 8.372262254652060847e+02 9.197104276476228506e+02 3.612376398904161761e+02 3.343032072875466838e+02 2.967871877226389188e+02 4.281273753408240168e+02
2.216333890032664122e+00 9.076867836260311151e+02 9.064835341574905669e+02 2.597532723450837011e+02 2.656779744684260436e+02 5.636890074056902904e+02 2.530634632490719298e+02 8.943783523078458302e+02 2.771542254065864768e+02 4.268543014824325041e+02 1.115238359613051671e+02 3.704943815116394035e+00 3.512721963733957864e+02 5.908208874394947543e+02 8.614536436271918092e+02 4.677994180238262629e+02 5.362666450607841853e+02 1.929324435715827804e+02 2.170868841845210682e+02
2.031958171046321482e+00 9.125557596017611104e+02 7.286300285323113712e+02 2.721045036480597901e+02 3.448917537644141476e+02 7.498086197905748804e+02 4.004451474155886217e+02 5.383483975526337417e+02 7.753115742447990897e+02 4.352170783846401036e+02 8.168371317515008059e+02 2.262298825990033890e+02 3.818056180503883752e+02 6.986931191463525010e+02 2.265074016088017288e+02 2.124780296919906561e+02 3.624868714861754597e+02 2.848172286095852428e+02 3.052559956147800904e+02
2.421159657288469713e+00 5.594629491490036344e+01 2.559453222126672074e+02 4.810945503407709225e+02 7.256830049171722976e+02 7.377580700033040557e+02 3.317636872667235366e+02 1.880155051578240091e+02 6.257166565676754999e+02 3.283119271544073854e+02 7.501911842163640358e+02 4.986415054411953065e+02 4.572913837620001232e+02 1.234023094570371200e+02 8.540290439208187081e+02 4.740429148127446410e+02 2.419153393267590673e+02 3.659457730028186688e+02 4.762629177928718605e+02
2.440341816458046154e+00 2.652136248354378267e+02 1.838436740482437131e+02 4.439586214489921758e+02 4.042047555629335420e+02 7.660613763069496827e+02 3.569831154913606497e+02 8.554273675843667206e+02 3.103023570282046535e+02 4.755960977286134721e+02 4.156427408000466812e+02 4.755725612880742119e+02 3.362521734711920089e+02 6.160107825874010814e+02 2.078182303789237722e+02 2.184383585868691853e+02 3.150365362882756131e+02 3.828823832886822629e+02 2.334706917568773008e+02
2.307915746607566820e+00 1.958679034343178387e+02 8.607105533563443487e+02 3.114269702135578086e+02 5.631285427771113063e+02 6.676116003327211956e+02 3.417352367734251857e+02 7.053051690273649683e+02 8.331012097370003175e+02 2.899493545731235713e+02 8.396513941978909088e+02 6.052220290498826216e+02 1.595830106927814995e+02 9.157892224084368991e+02 2.596302381580269980e+02 3.255303383710322578e+02 2.515135265031276788e+02 1.691035053697609385e+02 4.738903888699311437e+02
2.336891791341711766e+00 7.190414009336129766e+02 5.179652289054560015e+02 3.630659506396816596e+02 2.151315811857478479e+02 6.343058949557968162e+02 3.896169994921879152e+02 6.683043158577432905e+02 8.181039182875420011e+02 4.814768823019152819e+02 5.082805173630896434e+02 8.129219493458663237e+00 3.502313238807570315e+02 4.214675731062033606e+02 9.304821245626474138e+02 3.965906446283840978e+02 1.304092933843862170e+02 1.141456280037758688e+02 4.530376427906376193e+02
2.401277143893603139e+00 1.703719770081449383e+02 7.462958920905862215e+02 2.329073449714971957e+02 5.589736006397560004e+02 7.267996327822970670e+02 3.100483599792248697e+02 8.000565866713270680e+02 3.254943898381273470e+02 3.203207512080332435e+02 8.682693985978652336e+02 6.915970084008997674e+02 1.861535749263345281e+02 8.993075277003554220e+02 2.096410651610663933e+02 3.213886778949659515e+02 2.521307282136457104e+02 3.037398236305074306e+02 4.508268093875109912e+02
2.202423680189529165e+00 6.218494503753569234e+02 7.888667117350887565e+02 1.259862253601500583e+02 3.276610599360202514e+01 8.090524727164477099e+02 3.640017946681593344e+02 2.019647002984693245e+02 1.653492880236402698e+02 4.519368311322011778e+02 5.088888650481705440e+02 8.334894677568598809e+01 4.897102310819287254e+02 4.357522409886391870e+02 8.165469422716494137e+02 2.642749752929381089e+02 6.917113237440431703e+02 7.118095990652110459e+02 4.972086829149871505e+02
2.721304773941791932e+00 5.020761493334927081e+02 7.380408507037296886e+02 4.421365543760534251e+02 6.215200433305996057e+02 6.935262020730871200e+02 1.902166361969075297e+02 3.514967926095411030e+02 3.160759254607156663e+02 4.541961508523434077e+02 3.638376678723462305e+02 3.095787079160575104e+02 3.795987577650030858e+02 6.383556447068315265e+02 6.785997002792624926e+02 2.060292177567622218e+02 8.408957349882197150e+02 4.801855071547277021e+02 2.772607426036810239e+02
2.003945969046320830e+00 4.346980249514988373e+02 7.660808753178139341e+02 4.217091859457412397e+02 8.934458427346223743e+02 5.827182598580516242e+02 4.311049521721392921e+02 5.903611027649617427e+00 7.358606573420279346e+02 2.178606296685239272e+02 6.301274425748201793e+02 3.499417356850460692e+01 2.754990348318351039e+02 4.405630746420728201e+02 3.406213748482372239e+02 4.532924187262759119e+02 2.076112987795037839e+02 2.638753831731729633e+02 3.064358202387023766e+02
2.159244055813084984e+00 7.651397955091134691e+02 4.127077709840396551e+02 2.230623177508962272e+02 1.536876532174005661e+02 7.540527100269357561e+02 3.678211549379172993e+02 8.759692974936178871e+02 8.757991484649073755e+02 3.884686337339887814e+02 6.431896104195936914e+02 1.998371992026616795e+02 3.861493354264509890e+02 4.720019057214450413e+02 2.596302381580269980e+02 3.848389084553455177e+02 1.663544334850601558e+02 1.758025217775732472e+02 4.432601526326611747e+02
2.172513136454369942e+00 5.611954037680879992e+02 9.792296363949044462e+02 2.373383831486432882e+02 8.309714377810649921e+02 4.520604197798243149e+02 4.940741913319620267e+02 2.455172015369946621e+02 7.497798680501841773e+02 2.578586577479636048e+02 3.152781448190547167e+02 1.274058961953833347e+02 4.489439372891382618e+02 8.336527889524414832e+02 3.532446398198141537e+02 2.433666280447050951e+02 4.304139562379657491e+02 2.615729637440675788e+02 2.400728587583432159e+02
2.720150289644668096e+00 1.818999051063408245e+01 3.004377775513391953e+02 4.591146583401325643e+02 7.323373887546035803e+02 6.726771691169394671e+02 3.453261546174422278e+02 6.433647117326350440e+01 6.482302746190765674e+02 2.144496720079992542e+02 6.608782698561694815e+02 3.598557655934185959e+02 4.346708068051586338e+02 8.288467418798776976e+01 2.044412362454165759e+02 4.852094789672364641e+02 2.414877479711163630e+02 2.786120018525211890e+02 4.841902581365966398e+02
1.633622970378605155e+00 1.311160978265523340e+02 5.915934346936550128e+02 3.083448784082257816e+02 6.077273212989269950e+02 3.583713931759104980e+02 4.851382092617438389e+02 6.103928570180567021e+02 6.594471350108385650e+02 4.357509444936108594e+02 6.892536583171710163e+01 5.393618316931213030e+02 4.707070790828580584e+02 3.576692685956941204e+02 7.624372145845288742e+02 1.782089929847677467e+02 3.811005458157528096e+02 1.482380678321464416e+02 3.771288384584351547e+02
2.060465157767135125e+00 1.854104199740675369e+02 2.914732640666521206e+02 3.289833096997239181e+02 9.722467979413436296e+02 8.490648514953834365e+02 4.398630749594143481e+02 3.407104249263952624e+02 6.831989439491374014e+02 2.835364966470586978e+02 6.595426922122924225e+02 2.516005712034886415e+02 4.517089166020969060e+02 2.986892341183113899e+02 8.818476140056792474e+02 3.071866815659765280e+02 7.456388060537565252e+02 3.526458184327590288e+02 3.397391625417119485e+02
2.271903281726712187e+00 3.655005681140378329e+02 1.933409122481126587e+02 4.548501691455649052e+02 3.919846882272383368e+02 7.032010806827839815e+02 3.955593438055165620e+02 7.550981687585511963e+02 5.122022835278730781e+02 4.610497862493019738e+02 3.257065998101673472e+02 2.272219841314506539e+01 3.235665674763463926e+02 5.960128839781109491e+02 2.624012006290183194e+02 2.125196828625904004e+02 3.213560797520198662e+02 2.462577357121406862e+02 2.333622754956128347e+02
2.260111480238342185e+00 7.085606932472230710e+02 6.640197412855075072e+02 4.195940058110606401e+02 1.183586736643915742e+02 5.456809430099947349e+02 1.754183804068703409e+02 2.697087408940241176e+02 8.078681313364764947e+02 3.237776180015045497e+02 2.488186969585723318e+01 1.569672808711404173e+02 3.326386315908633833e+02 6.052513364210795999e+02 8.461511928725362850e+02 3.461223553439081684e+02 7.528648672425154018e+02 9.198115699084368657e+01 4.377841966789223989e+02
2.405917115840784604e+00 2.630491221452120953e+02 3.848082272868333575e+02 4.914751276407185401e+02 9.793279744900286232e+02 9.603894804624981134e+02 1.444887546114812551e+02 8.733589914275211186e+02 4.246862591312925588e+02 4.684284524271399732e+02 4.413777208673400310e+02 8.336562642522385431e+02 3.836241404922822085e+02 4.201086330602348085e+02 1.752675847596298127e+02 2.630415574133702421e+02 6.098420072575304403e+02 3.112927337128321597e+02 3.122060201325800790e+02
2.342220685892143273e+00 4.466178113830736720e+02 3.683271631874258105e+02 1.186674091533871405e+02 3.979790698554658093e+02 2.163329277743883949e+01 3.251753867833549521e+02 8.191406229080807861e+02 3.657346868500151231e+02 4.464718961925192389e+02 4.108261059325474207e+02 5.024563149150959589e+02 2.236009479678987759e+02 5.744969199865653309e+02 7.401283608318229881e+02 2.694097396878701716e+02 2.403419718834072114e+02 6.702294701271778194e+02 2.317527506760347080e+02
2.006363155057685699e+00 1.297838231125875836e+02 6.911392129496292682e+02 2.579183375556800684e+02 6.531045879183262741e+02 3.191967887726472100e+02 4.683038056197490278e+02 5.688947234017305163e+02 6.992711159067505378e+02 4.309014650370924642e+02 8.783351753337399259e+01 2.773666179115859904e+02 4.780103235067496144e+02 3.346650197445734420e+02 8.467392629039551366e+02 1.788038722666805711e+02 7.134481752276388988e+02 1.936622335709433287e+02 4.884691148338806670e+02
2.407397396421639968e+00 7.035212289011635676e+02 4.303794115024620055e+02 2.700117575052896086e+02 6.200526247471399302e+02 1.741420950472006837e+02 2.672010842965664210e+02 8.011280164480647272e+02 9.316201520543048673e+02 4.388956353604363585e+02 1.960712979807756824e+02 2.178498417393581121e+02 2.308593061620526896e+02 8.345083626278758402e+02 2.172315282923050290e+02 4.221249728724369561e+02 1.373121280453534894e+02 6.515393742218357147e+02 2.588577638461858896e+02
2.419761533418898658e+00 5.766652812708484817e+02 1.570738978579208833e+02 4.474580943507993993e+02 8.005898972779480118e+02 3.178765769166080872e+02 2.698682964645441302e+02 2.789782347400573599e+02 8.091812039473549021e+02 1.660638887281921257e+02 6.286654550453840073e+01 5.771322029577189596e+02 4.991649854324031139e+02 4.698684913798803109e+02 6.403614844866133353e+02 2.992273682415984695e+02 6.641300764729085131e+02 8.303320355536549187e+02 2.729424763972364190e+02
2.898533614123650182e+00 8.923575841889846743e+02 9.385532971001684928e+02 3.287931392115106064e+02 8.079980118393965540e+02 7.679652289167496519e+02 2.333343140090216252e+02 9.192339876474500215e+01 4.072457152172694350e+01 2.882511565009671131e+02 3.290611750582319246e+02 6.336943885861287526e+02 4.361351374690107718e+02 3.163326321921985596e+02 1.675557091214452043e+02 2.185861147402282256e+02 8.139846499074144504e+02 4.425073321087623412e+02 2.877230295716589126e+02
2.262118746512766343e+00 2.442775870140547454e+02 7.825333060424017049e+02 4.201566623754150669e+02 6.281744271680308884e+02 2.531497565912701475e+02 2.037791035476261925e+02 1.980395749563399193e+02 3.124300535405020582e+02 2.479923875784478469e+02 2.745247535121516762e+02 8.147932378313061008e+01 3.569781808081615964e+02 5.978380094377821479e+02 7.174500093335758493e+02 2.171957819112540733e+02 7.911916402414202594e+02 3.928517360044302222e+02 2.851880829474058601e+02
2.695466544691305089e+00 5.251118061497180634e+02 6.230193536239862624e+02 2.253158992647717582e+02 5.971931900837458898e+02 2.725581452253964017e+02 4.603690071181143253e+02 3.396966461151234853e+02 1.290457076721354213e+02 2.637977900771293776e+02 4.527382551766758070e+02 7.229519347399173057e+02 4.317036814645453546e+02 3.410425235945896816e+01 5.368116571731051181e+02 2.210478554603563452e+02 5.383782906555881027e+02 5.532909442517554908e+02 3.239212839551912566e+02
2.534519796074583553e+00 1.350857693131243877e+02 1.444676233247830623e+02 4.145904503622282959e+02 3.499340401730740950e+02 5.934877648767447909e+02 4.259655123823089866e+02 3.202914576972248710e+02 4.566158965664133689e+02 4.107497118249725645e+02 6.438843731973688591e+02 6.120823833375360437e+02 3.521879298723586658e+02 3.987840238122852270e+02 7.030181180102271128e+02 3.830038833998484051e+02 6.069272739178373968e+02 1.843267814985397308e+02 3.463268623992033781e+02
2.270147615594216184e+00 2.864160670125962724e+02 3.064088817856860487e+02 4.789350295130736299e+02 3.799231329875082110e+02 2.954439010167819788e+02 2.878625363428009791e+02 3.833107404892156183e+02 6.854310924642995815e+02 4.701592802209673891e+02 8.866173013309761473e+02 1.803521008696355921e+02 2.755147509068671070e+02 6.703637231480104219e+02 4.868208465404298977e+02 2.877998465637201093e+02 2.795521682997805328e+02 2.247901213724105958e+02 3.219640447841167656e+02
2.653678926664729598e+00 4.749640653433407351e+02 7.520305364952813534e+02 4.345445708693812890e+02 3.523228818743785951e+02 4.325131980748718092e+02 2.890354296653374035e+02 1.519763443332547581e+02 2.895540737034042422e+02 2.398220772023964003e+02 7.543774741347964436e+02 8.252363071773415868e+02 4.702131710351891343e+02 3.879553327543697492e+02 7.582238374424083531e+02 2.729836038304622434e+02 9.222797717157824309e+02 2.070829517471791235e+02 4.296348058474937943e+02
2.875664215040203420e+00 2.279481915274337496e+02 3.526195704502624153e+02 4.835271549924314058e+02 8.530802195347316683e+02 3.869142671552072557e+02 2.429304590806121382e+02 8.360781376331910906e+02 6.937940170297019904e+02 1.891761468314581691e+02 4.439166560413390243e+02 8.049930160127255476e+02 1.510562343869460165e+02 8.478842860727793322e+02 2.207491616198002475e+02 4.227940586772008373e+02 3.779545207046027144e+01 8.182913426781254884e+01 1.788544852999679051e+02
2.383987339091421020e+00 8.455039212614384496e+02 5.127651278854021939e+02 2.215123228034839826e+02 3.408525593205423547e+02 8.122032833732351946e+02 2.363518414751760588e+02 8.209264503611068449e+02 2.297220984914773965e+02 2.718744829647650931e+02 7.640332799351696167e+02 7.317789396207344907e+02 2.292502099532479463e+02 3.023486631343513977e+02 7.759240933428711742e+02 1.160524387227380458e+02 1.730619463063555088e+02 3.492946030016454984e+02 3.630227877890964692e+02
2.824971809318014504e+00 2.755648998924449415e+02 7.000005548875236627e+02 3.097450908960366860e+02 6.366888988531145515e+02 5.749824138002577456e+02 3.080661119018934642e+02 4.660646608383611920e+02 6.938399881416130484e+02 2.558457940040296990e+02 6.116757187996954599e+02 7.044755052760270928e+02 4.399824755635670499e+02 3.572797238031215556e+02 1.464679081407502395e+02 3.863933408334266346e+02 3.339860238544753201e+02 4.860757062635943271e+02 2.102674975966031923e+02
2.177608027323862494e+00 3.698008297733757672e+02 2.957155722954196904e+02 4.284378602974956038e+02 4.135253670305110063e+02 6.472930421279183975e+02 3.933940054965763125e+02 2.044675403338685555e+02 6.420731167502667631e+02 1.413934640991233778e+02 7.324216188969210179e+02 5.664143311891469921e+02 4.572913837620001232e+02 1.234023094570371200e+02 6.188564517259380864e+02 4.736593507856127303e+02 3.120683079613802420e+02 5.309592909000452892e+02 2.767441867478631821e+02
2.710066340877489655e+00 3.849696523609796941e+02 8.799320645492173298e+00 4.239315784061286649e+02 3.744142236066617215e+02 4.667232462038157337e+02 3.458418028342259731e+02 5.350317252517430688e+01 8.327745011423415917e+02 1.372732471262439162e+02 9.137575468729442036e+02 5.479882282147059414e+02 3.655317396107401464e+02 6.352357260926337403e+02 8.474105300676714023e+02 2.577735280647585796e+02 3.320947636020150640e+02 8.127659255653895798e+02 2.495236357382026995e+02
2.232430429462080035e+00 6.890794750347743047e+02 3.031886581169061401e+02 2.959898155515085136e+02 3.516916394114297191e+02 7.089633157424789260e+02 1.738293487023825605e+02 1.903768573043570882e+02 3.478066030405406082e+02 4.387532286389372302e+02 9.583444245795973870e+01 8.737838412921039435e+02 4.705662050004626735e+02 3.002729538820915423e+01 5.782705478819382279e+02 2.755163302961641421e+02 7.686178282787830085e+02 8.218626775808293132e+02 3.302456866703489595e+02
2.371238787763580547e+00 2.981108863505454920e+01 2.722161502868687535e+02 1.876391572304304418e+02 2.524859857668078007e+02 3.511294326893187190e+02 3.654657500719903283e+02 5.215046235605051379e+02 4.111451893695214039e+02 3.352416179675816466e+02 7.926463864605716481e+02 3.278155064404900827e+02 3.551022805632082395e+02 2.381714015465717864e+02 8.225289069504000281e+02 2.871229750942674173e+02 6.343812342676770868e+02 7.101855461792948745e+02 4.674064150207600505e+02
2.516969370637256453e+00 7.117845452159539832e+01 4.356102182344898210e+02 2.288105996140645289e+02 7.718838088905795303e+02 5.303922277970771120e+02 2.976919456390053256e+02 6.873957115938940206e+02 1.913886122096432700e+02 4.170203903848259301e+02 9.333793748504379550e+01 4.762970170391975557e+02 3.558341118463828820e+02 4.865577000438691471e+02 7.743177899851002621e+02 3.342577607881713675e+02 3.594627568813071434e+02 4.553493044761274859e+02 2.410276621167147368e+02
2.052499991578874194e+00 8.732841742535514413e+02 1.515639215902957631e+02 3.455722780041061242e+02 7.700922820745528270e+02 8.445729392462855003e+02 4.005279356605832959e+02 9.481559193474636231e+02 7.835864548982165161e+02 3.088006338699627804e+02 1.300320900953313412e+02 7.076119234207766340e+02 3.069944748940076806e+02 4.126698588147359033e+02 2.237580774663520060e+02 4.570559456781831500e+02 1.466688661852794269e+02 3.253254249080001159e+01 4.062835365786105513e+02
2.308834244630892041e+00 8.703773379769326084e+02 5.432930836361433649e+02 1.261357721734535176e+02 5.807291999585036137e+02 6.809950280607954483e+02 1.454217341711439246e+02 8.583832294757366981e+02 3.939665754340656463e+02 4.422529166298425025e+02 3.319388661070155422e+02 7.016691508306488458e+02 2.242168578563872359e+02 3.908155173805182585e+02 1.050745886712066408e+02 3.833720816502967637e+02 2.538847315581504347e+02 7.391664999745821660e+02 3.137198415455055738e+02
1.760885462161724035e+00 5.046926322544211416e+02 6.307518183314061844e+02 1.122705107605489019e+02 2.965239280390817385e+02 8.576249518044817250e+02 3.678211549379172993e+02 8.786415556369915976e+02 6.917324277888160395e+02 3.884686337339887814e+02 3.717967650576425171e+02 3.666521328216325060e+02 4.556181606340769008e+02 2.604861062639657234e+02 2.769150564057966903e+02 3.178388349621484394e+02 5.547461034011462289e+02 3.684314701673505965e+02 4.257217380739875807e+02
2.392229346994816375e+00 4.995421478440224661e+01 7.557415749033046950e+02 2.205606994729937469e+02 5.727296051536860659e+02 7.397071481861440816e+02 3.271756144720363295e+02 7.823455068983899992e+02 3.461678848346659834e+02 3.107517631984072182e+02 9.200182875599327872e+02 9.044627815888491114e+02 2.119744249565448513e+02 2.355595536925692386e+02 2.802198096799927498e+02 3.292150318607116333e+02 2.509812991411335190e+02 2.761215032833641203e+02 4.662003014185004304e+02
2.031335200941686736e+00 7.651397955091134691e+02 4.127077709840396551e+02 3.959392842680637727e+02 1.536876532174005661e+02 7.540527100269357561e+02 3.678211549379172993e+02 8.626431490010218113e+02 8.496396584932926999e+02 3.884686337339887814e+02 6.431896104195936914e+02 1.105235549175114187e+02 3.861493354264509890e+02 4.720019057214450413e+02 9.340272417161905878e+02 3.848389084553455177e+02 1.170779300939033192e+02 1.758025217775732472e+02 4.432601526326611747e+02
2.110800530730047253e+00 9.067270807128686556e+02 2.588360045271216450e+02 2.295185734287614423e+02 8.318722522098512400e+02 6.117461106358746292e+02 4.756071349724161337e+02 4.699214063400911527e+02 4.124401161538312977e+02 4.179952298032778799e+02 1.586299902582092329e+02 3.818037396425307861e+02 4.550544144266245894e+02 4.126003726411727257e+01 8.181194127807273162e+02 3.495140755406050630e+02 3.843271451924410940e+02 9.784481535879465355e+02 1.950514672835045644e+02
2.335344293323364795e+00 2.697719158501665788e+02 8.498833298597794510e+02 3.013602600288119220e+02 2.763323375697511892e+02 6.772551039586297748e+02 3.423705784361591213e+02 6.741256412244488274e+02 8.175283077678661812e+02 3.189453047351312307e+02 7.416280041705100530e+02 6.838973450680805399e+02 1.559114433800234281e+02 9.733292974406082294e+02 1.663298414624718475e+02 3.335069479418961009e+02 2.769988970183995889e+02 1.405810480004770113e+02 4.552921666886822436e+02
2.032329252153274979e+00 4.890083430932886586e+02 7.627395616682839545e+02 1.867924596770595542e+02 3.424010992898460017e+02 5.468129184053703966e+02 4.094697502017691022e+02 2.676863383209574749e+02 7.666233692705939120e+02 4.333259432535322730e+02 8.226108908157308406e+02 4.441957679486038160e+02 4.800123149504820503e+02 5.894740420212626759e+02 9.092218933765295787e+02 3.142597442205283187e+02 3.997550651394678312e+02 2.568435464002783988e+02 3.093240608843852897e+02
2.825004347399226567e+00 8.284258886388589644e+02 5.927291451235566910e+02 1.017136699505219894e+02 5.881229597778717562e+02 6.086829159648348195e+02 1.604911423386091087e+02 7.026820415195088572e+02 4.189817066022890231e+02 4.240018072506675821e+02 2.327022945956882722e+02 5.474627732220080816e+02 1.990828834598966637e+02 3.457959226371301042e+02 1.482415987315548591e+02 3.957793751552877097e+02 2.534096300518807539e+02 6.421289764742516581e+02 3.225279974829775824e+02
2.268629297041611093e+00 7.819408035109072443e+02 4.738094827415299051e+02 3.580702145594801209e+02 4.432936006811763150e+02 5.243890089360202182e+02 2.397258832362055045e+02 1.834565839092520321e+02 4.400245080807933391e+02 4.638188117303467379e+02 6.792745986780213343e+02 1.352827381573384571e+02 4.681666114004174233e+02 6.435843599837817237e+02 9.321929409625936387e+02 4.528156896571443895e+02 7.974655963395982781e+02 6.459763934961785026e+02 4.666244566010499852e+02
2.515494892657184067e+00 9.718751802907770525e+02 3.140377598275021569e+02 2.550552499107415088e+02 5.156536491406566256e+02 1.179220386087186654e+02 1.536236514052726818e+02 7.639804082730023538e+02 4.946463823445182584e+02 4.347294279242697712e+02 4.398632555234154324e+02 8.563112001489490694e+02 3.988482853897446603e+02 1.650280428887639914e+02 5.044294604654199361e+02 4.621937899585609557e+02 5.929135728888506947e+02 8.134827420435849490e+02 3.848578705744599233e+02
1.886476347446823354e+00 3.805657669472752787e+02 5.394122546190621961e+02 4.559707146718907893e+02 3.919635218493051525e+02 3.389434715214372886e+02 2.787165722525478486e+02 3.115828768757911575e+02 6.388038414314333977e+02 4.689545912077493881e+02 8.472221878269148192e+02 1.717889219542991555e+02 4.310115815585891141e+02 6.652756441468069397e+02 7.630341596216574089e+02 4.777212487414008706e+02 8.387237805319148265e+02 2.341416232768607415e+02 3.494495230293340455e+02
1.879965725130285925e+00 1.701391290978993993e+02 7.769536697224880299e+02 4.339863175389448884e+02 6.380601008014505169e+02 5.843287341937924566e+02 2.411998345255046559e+02 1.080487239423130177e+02 6.805772235297758925e+02 2.450710852610227164e+02 2.925711713201143311e+02 2.974755846247438740e+02 3.288854165320038874e+02 8.532397236231211082e+02 7.248694115353828238e+02 2.626805130218257318e+02 7.272221154402664069e+02 2.914234049118812209e+02 3.284133802743320416e+02
2.044079008805792075e+00 3.129359860407032556e+02 2.318721435081963591e+02 3.699649821314902738e+02 9.987529885271981129e+02 3.844902574558395827e+02 2.706896078859905401e+02 2.913819054342416734e+02 7.620915857468343120e+02 4.351386850294822466e+02 9.513517428515873462e+02 6.734300417258652942e+02 3.891731693533936323e+02 5.031743497864508186e+02 5.644181237903110571e+01 4.466990056538832050e+02 3.317589148134078414e+02 1.592926337452786356e+01 4.734409696254646178e+02
2.269800638049350283e+00 5.808470574488230795e+02 4.291898326051823460e+02 1.143820796035818290e+02 8.673568563064713999e+01 7.135600952964391581e+02 3.896031200247655306e+02 2.434714225656391022e+02 2.121134229782318528e+02 4.612321320652108625e+02 3.931880339985808632e+02 7.816461527487490457e+01 4.908423447404941271e+02 7.783297516895149784e+02 8.187561986663396283e+02 2.229235269296385411e+02 7.462775462147227472e+02 6.408522470233535842e+02 4.976909702225441379e+02
2.494015883527024968e+00 1.828272217848992511e+02 8.348434861124679855e+02 4.287520694498531384e+02 6.283242225663702811e+02 5.672810302149578092e+02 2.311371842209247802e+02 1.156155612055230222e+02 6.866728420811203932e+02 2.358221028284244198e+02 2.417245032205310054e+02 1.505069970520079323e+02 3.146180868397821087e+02 9.343327696415748278e+02 7.105183412703343038e+02 2.391958017117237318e+02 7.811450905639893563e+02 2.831431417906658794e+02 3.119856538833831792e+02
2.216117670676106322e+00 8.556840150512276750e+02 7.716160074351090543e+02 4.936206659525673786e+02 6.839347157286850916e+02 5.551943837478282830e+02 4.708902031324736299e+02 4.785588273445425216e+02 7.711863647377526831e+02 2.826599084685902312e+02 3.857584749789518241e+02 7.348718351657952326e+02 2.335723678018781584e+02 4.218361578508105367e+02 1.654352752314939607e+02 4.861887548959605283e+02 1.259530908200639487e+02 9.027172420781130313e+02 4.962292101636970756e+02
2.012080019035978218e+00 8.917401076753947109e+02 6.987339571583935367e+02 3.866667024767897374e+02 5.184038935455458841e+02 6.556968032525027468e+00 3.034052195141286461e+02 2.676863383209574749e+02 7.666233692705939120e+02 4.188079854947690706e+02 8.508545035658231654e+02 1.220393366612108252e+02 2.429737563536191658e+02 1.467957305862666999e+02 1.887382590718761151e+02 1.609176838935093485e+02 7.544356454479947161e+02 2.568435464002783988e+02 4.429753923113526639e+02
2.222877772709754840e+00 4.837391575506006802e+02 5.680836968388058494e+01 3.162686665971316984e+02 7.959144033819361539e+02 7.236555691862704407e+02 3.190885207007661393e+02 2.417606133346349679e+02 6.229922320077064342e+02 4.695813449564376469e+02 3.332366934535164660e+02 6.125515813097136970e+02 2.764618105195224871e+02 8.220411614345622411e+02 1.001021742541029198e+02 4.197336473224468136e+02 4.192290751804689535e+02 2.526186478661294927e+02 3.820162795720237341e+02
2.126000962047379872e+00 2.287905355999168364e+02 2.588360045271216450e+02 2.295185734287614423e+02 8.318722522098512400e+02 6.117461106358746292e+02 4.756071349724161337e+02 4.361658324768598050e+02 4.124401161538312977e+02 4.179952298032778799e+02 1.586299902582092329e+02 3.818037396425307861e+02 4.550544144266245894e+02 3.375513757781177446e+02 8.181194127807273162e+02 3.495140755406050630e+02 3.843271451924410940e+02 4.314084156876989482e+02 1.950514672835045644e+02
2.535073803560476513e+00 9.910445713626938868e+02 3.627662273962616268e+02 3.204425713346735165e+02 3.999462498305359759e+02 7.181760799683353298e+02 4.448899813108329226e+02 6.991528794377152281e+02 3.697049562426993816e+02 4.950353772727361843e+02 4.698528521252981704e+02 6.668597762040672023e+02 4.323478077973397262e+02 4.140576081903315639e+02 1.783565568911497223e+02 2.602169364303719021e+02 7.992043494920809508e+02 2.875762042313347706e+02 4.346893105975451022e+02
2.341291202215313838e+00 8.104151067745143564e+02 5.925292838335017223e+02 3.944069159240814884e+02 5.456921142281438506e+02 6.786310330697183417e+02 2.683853931934721686e+02 6.434300416879901263e+01 4.043874767371733014e+02 4.429564053106784627e+02 3.625370787914008019e+02 6.084462184054090130e+02 2.047722776915801148e+02 6.969321889721476282e+02 8.891379299759589117e+01 3.701997944452072602e+02 3.005755152187221597e+02 7.357291887564158515e+02 3.751656471817594252e+02
2.024765597028667319e+00 8.655564992752179023e+02 2.559453222126672074e+02 3.010860398615385520e+02 6.931112030574327321e+01 7.377580700033040557e+02 3.226526389183601964e+02 3.520475424504780904e+02 8.876668322716540160e+02 3.673506601606694630e+02 9.093452385029600009e+02 7.866117308258315006e+02 4.039098700631465135e+02 8.601628466523733323e+02 1.627645302847410278e+02 4.740429148127446410e+02 2.867384703791725542e+02 2.398290824485997916e+02 4.283633893126577163e+02
1.778521641029143119e+00 1.773463130947240813e+02 2.937514141857274126e+02 2.859784408505627766e+02 2.837366336413933823e+02 6.455504521946290879e+02 1.782401282677292897e+02 4.661754065220379175e+02 7.005965838355534743e+02 2.993944683963966327e+02 6.236108710827314781e+02 6.214002800135244797e+02 4.893326856002416889e+02 2.824096649564590393e+02 7.129646528096290012e+02 2.025999645332527166e+02 6.883221443126502663e+02 1.544454960165040802e+02 3.625934998575779105e+02
2.242945917925572630e+00 4.928842810323578760e+01 8.112744918689310225e+02 1.916124938210185178e+02 5.557347829577431639e+02 7.399237124286818243e+02 3.266658286059599732e+02 8.108759805770846469e+02 3.151069101976649449e+02 3.088006338699627804e+02 9.388879657092181787e+02 9.495540344941439344e+02 1.847169850892720717e+02 5.772340680676288684e+02 2.164632280976787797e+02 3.131230448660413117e+02 2.519886280093973596e+02 2.661410288700914180e+02 4.650822329324591351e+02
2.403431582198521710e+00 4.148459278723934176e+02 5.410483362538260508e+02 2.804639138348296683e+02 7.662856756630260406e+02 1.751817686499067577e+02 4.444591526173760485e+02 5.657435376418382020e+02 9.114192233195931294e+02 4.214054897749304018e+02 8.684984969083527631e+02 5.877140407747427844e+02 1.533885700115135933e+02 2.704154293938724436e+02 7.912743567972478331e+02 3.222978988123946351e+02 7.051058971324573577e+01 4.396828480581308440e+02 3.720723447506344996e+02
2.944122886235212899e+00 1.460049510832174064e+02 2.082741915965449380e+02 4.151470715635470015e+02 3.777580788725697403e+02 9.347495086436497331e+02 4.037468714988407328e+02 3.213924179157324943e+02 4.683568022354369305e+02 3.944739794003201041e+02 6.069484112288471351e+02 6.483357216672458208e+02 3.526669549659389418e+02 4.186894223748349191e+02 7.044613071425619637e+02 3.664230732509889776e+02 6.746302139413523946e+02 2.051792769491287629e+02 3.402129844540236263e+02
2.169942593187283109e+00 5.611954037680879992e+02 9.792296363949044462e+02 2.373383831486432882e+02 8.309714377810649921e+02 4.520604197798243149e+02 4.940741913319620267e+02 2.321910530443985579e+02 7.236203780785695017e+02 2.578586577479636048e+02 3.152781448190547167e+02 3.809225191023308810e+01 4.489439372891382618e+02 1.636867398377563916e+02 3.532446398198141537e+02 2.433666280447050951e+02 3.811374528468089125e+02 2.615729637440675788e+02 2.400728587583432159e+02
2.244934367371640427e+00 4.286110964442232216e+02 3.718266146597222814e+02 4.220125668795701017e+02 6.771756307753797728e+02 7.806646877891430449e+02 4.055844568785864794e+02 1.483127624742396904e+02 2.712356472183444112e+02 3.356529619650162886e+02 4.964686775820956655e+02 9.348271175902088999e+02 4.579920067472743881e+02 2.594983477292952898e+02 4.686018748867897443e+02 1.791063808239689763e+02 7.678475214178034776e+02 1.707111483798577183e+02 4.851360664776212843e+02
2.433478067477953921e+00 2.442775870140547454e+02 7.825333060424017049e+02 4.201566623754150669e+02 6.281744271680308884e+02 6.284453011867225314e+02 2.037791035476261925e+02 2.113657234489360235e+02 3.385895435121167338e+02 2.479923875784478469e+02 2.745247535121516762e+02 1.707929680682808566e+02 3.569781808081615964e+02 5.978380094377821479e+02 7.174500093335758493e+02 2.171957819112540733e+02 8.404681436325770392e+02 3.928517360044302222e+02 2.851880829474058601e+02
2.694072141835098133e+00 6.823868602312670646e+02 1.527681684704514282e+02 1.886421453829764232e+02 9.505288107697627993e+02 8.164293672552852286e+02 4.147846874033279505e+02 4.254822932458857849e+02 6.847848190103998149e+02 4.298768195883054659e+02 3.081714587600168329e+02 3.738162547061002670e+02 2.824743928730874813e+02 8.802206050762457608e+02 1.352757387583098421e+02 2.638545366295190320e+02 4.389201525898055252e+02 2.450655427387267480e+02 2.637560094228598473e+02
2.537581516049659314e+00 2.978809123219569983e+02 2.871290914360797046e+02 2.774727577873170503e+02 6.650210810067243301e+02 7.529106413160984630e+02 4.238072778283741968e+02 4.612810792359412062e+02 5.523373894771482355e+02 2.327510894072837857e+02 1.902269285477672156e+01 9.457395042011595478e+02 2.898277859113399018e+02 9.381813574814565300e+02 4.315983560434133324e+02 3.957137696804268217e+02 5.858351194764682077e+02 1.964144079768888957e+02 3.106010402306549736e+02
1.997635837279736482e+00 9.149192036961890153e+02 1.750820108829391870e+02 3.327669509632005997e+02 4.447021517486805919e+02 8.458181871373199101e+02 4.013012235300905104e+02 9.649036263044270072e+02 7.860332959576999201e+02 3.751633916184130157e+02 8.783754687096006819e+01 6.219549890732846507e+02 2.911533358636329467e+02 4.774598007592517774e+02 1.514074198112725753e+02 4.936024291891739040e+02 1.591955347692888267e+02 9.697797375362767980e+00 4.727673227577819830e+02
2.645387793688750655e+00 8.878309355326129548e+01 4.357784448437556648e+02 3.141299014675781791e+02 9.564812555559362863e+02 7.502741065523372299e+02 1.738652383240052473e+02 7.289997126921579707e+01 4.377520906798324631e+02 2.273384342762144001e+02 7.619143568861672975e+02 2.484369366760410003e+01 4.002937204811186120e+02 7.028431402529286061e+02 5.535543232291984168e+02 4.920225925578968145e+02 1.498989685277898900e+02 6.647836184174065011e+02 4.952063966186528887e+02
