964.0000 59.0000 5.0000
547.0000 682.0000 4.5957
521.0000 42.0000 5.0000
231.0000 71.0000 2.1213
489.0000 522.0000 3.7759
624.0000 96.0000 5.0000
679.0000 818.0000 5.0000
395.0000 818.0000 3.2480
367.0000 723.0000 5.0575
988.0000 150.0000 5.0000
37.0000 660.0000 89.9231
886.0000 519.0000 5.0000
914.0000 973.0000 5.0000
796.0000 649.0000 5.0000
98.0000 801.0000 28.0059
262.0000 454.0000 46.5997
335.0000 432.0000 20.6453
680.0000 826.0000 5.0000
136.0000 83.0000 4.6479
721.0000 133.0000 5.0000
106.0000 173.0000 20.6588
654.0000 391.0000 5.0000
494.0000 832.0000 4.8895
779.0000 804.0000 5.0000
715.0000 60.0000 5.0000
904.0000 399.0000 5.0000
891.0000 527.0000 5.0000
334.0000 417.0000 20.0601
699.0000 657.0000 5.0000
198.0000 628.0000 56.9075
30.0000 292.0000 70.6354
744.0000 432.0000 5.0000
500.0000 15.0000 5.0000
480.0000 985.0000 5.0000
905.0000 167.0000 5.0000
610.0000 106.0000 5.0000
618.0000 372.0000 5.0000
860.0000 198.0000 5.0000
806.0000 490.0000 5.0000
577.0000 339.0000 4.8623
183.0000 952.0000 2.2632
240.0000 921.0000 2.1855
887.0000 52.0000 5.0000
28.0000 738.0000 58.7027
490.0000 269.0000 4.3117
168.0000 423.0000 79.2037
979.0000 548.0000 5.0000
713.0000 943.0000 5.0000
500.0000 418.0000 3.7545
471.0000 984.0000 5.0000
